-7.122360242666071484e-01
4.214291337533954129e-01
5.961961782251504194e-02
7.087430042748319448e-01
1.000000000000000000e+00
-3.122276503545769466e-01
-1.097056811377867674e-01
-8.474097990931274416e-02
-1.000000000000000000e+00
4.288564100115158650e-01
4.208452868108883416e-01
4.387557876041350280e-01
-5.618263360312188981e-01
1.000000000000000000e+00
1.799279391016081475e-01
3.102618072177124597e-01
2.330981565700597502e-01
-4.653394173794838107e-01
-1.326961507687791364e-01
-2.576516708152479795e-01
-1.494092647733538393e-01
-3.797473558603175481e-01
7.195744435939780415e-01
5.620311748528510343e-01
1.000000000000000000e+00
-2.464634183651934207e-02
-4.211931901944948597e-01
-8.756997796619160612e-02
-1.217791288840169850e-02
-1.197915459809031774e-01
1.584028985219131935e-01
5.388562374504418662e-02
3.126794869463491722e-01
8.823202937243738997e-02
5.661822543208152592e-01
-2.961126394614956858e-01
3.999478298185475400e-01
-5.615760967309054719e-01
-2.472181770542549728e-01
-9.339181704415183694e-02
-3.388238839208650155e-02
6.297829511406542735e-02
-6.013763089311807697e-02
1.230595440703915744e-01
1.088977257487971639e-01
-5.818054174131399164e-02
1.000000000000000000e+00
-2.655320559718409301e-01
1.256264286999499678e-03
-1.141976974094988384e-01
-5.564470703266988227e-01
-6.773312646132116921e-01
4.810510267375410487e-02
-1.598311958795462506e-01
-2.039559052983703213e-01
-3.693252352002771577e-01
4.767047793095493535e-01
4.064479693613389233e-01
4.962596604755880048e-01
-1.875352710695816494e-01
-1.000000000000000000e+00
4.915887866311645094e-01
5.103139971257880658e-01
-7.349730149814172331e-02
3.102914502970829380e-01
9.159332947040611794e-03
-1.223530430572005168e-01
-4.871711898087072168e-01
-1.796249955417533739e-02
1.930642271714572977e-01
2.297668644323994647e-01
-1.000000000000000000e+00
-3.761984376209325243e-01
4.352984518386079360e-01
-2.017290225480659061e-01
1.980941350814355850e-01
-4.614706084580372791e-01
3.302811391893367698e-01
-5.370824359062155162e-01
2.190311980999162245e-01
-3.768393297218708970e-01
-5.265902265602713239e-01
2.193451669056056819e-02
1.033113438788374472e-01
1.037779680387718312e-01
1.224576102392831989e-01
-1.005079569759307623e-01
-4.442119289902731749e-01
2.846783672708861901e-01
2.451351190973804495e-01
-1.000000000000000000e+00
3.472357552566274208e-01
-2.835718192123164449e-01
4.062745085033521442e-02
-5.793209921259263595e-01
1.000000000000000000e+00
-6.749959159574556167e-02
6.516489956733095834e-01
-1.000000000000000000e+00
-1.383644231421550241e-01
6.710475922321390563e-01
-1.000000000000000000e+00
3.326065717784422171e-01
-4.812411035565682393e-01
-2.685644033326584634e-01
1.772278330254343781e-01
2.270956744674470507e-01
-8.838232473868808114e-02
1.801012789256857261e-01
2.909847194755162958e-01
4.568543540609503184e-01
4.873011457427950388e-01
-3.733698480485453386e-01
4.768701682838050182e-01
-2.868096817729551273e-03
2.091277076207287422e-02
2.130418298863792914e-01
-1.683627279479068817e-01
-1.184979293625003371e-01
-3.554567838662194279e-01
1.797736209510339966e-01
-4.480365943535279394e-01
6.143352493915184009e-01
5.652474838587342454e-01
-1.000000000000000000e+00
1.261513291140728965e-01
-1.246854284809042479e-01
-2.624719976086780093e-01
-5.358577523330992909e-03
-1.501789858417156009e-01
1.000000000000000000e+00
1.108475272923870464e-01
6.886474526170063282e-01
7.419712780098119964e-02
-8.642845407281571912e-01
-3.799743582774238460e-02
8.584116255690291131e-02
-7.270536524978239434e-01
-6.913767789420014465e-01
3.449038195995148826e-01
-2.752147838201232100e-01
-2.911273671092859394e-01
-5.789118712136154254e-01
-2.474423494144240010e-01
-6.412101621940007046e-02
-1.578298836773078251e-01
2.950756106319930572e-01
5.993063964352831618e-01
-3.027602513230681636e-02
2.744888907012870138e-01
-2.329105916546074240e-01
-1.362125143081747702e-01
-3.123503645096705195e-01
-2.108351205442470788e-01
-3.867543407693996294e-01
6.575103843416268967e-01
1.000000000000000000e+00
3.729109520740714889e-01
-2.726547883526300176e-01
3.454390485239119957e-02
-7.687981780114816477e-02
4.609677586926407278e-01
5.672760229204795723e-02
-6.789371400756814001e-01
4.636327058387005873e-01
-3.491734630089611269e-01
2.302884462318317005e-01
-3.147861442369673801e-01
3.092202444177983844e-01
1.560004692454729502e-01
-9.271909616775127205e-02
2.481534412964481184e-02
1.000000000000000000e+00
5.237888480339406572e-01
-5.747019771025735357e-01
3.353761040015601491e-01
8.465541445346101979e-01
6.508504643511646703e-01
-1.000000000000000000e+00
-2.060338053901867028e-01
-1.816084000295006551e-01
7.727887678738476485e-02
3.162515716286748990e-01
4.367204559601592928e-01
7.214598909987213204e-01
-5.538798029801297318e-01
-4.800692253417979116e-01
-6.889387523481569353e-01
-1.619176834876968618e-01
-1.818327844161378160e-01
-2.250096240492541200e-01
2.185540208447338539e-01
-9.676921860107793316e-01
5.947728969838633750e-01
3.124973218435702638e-01
8.065915598376709184e-02
4.659102238853564670e-01
-1.117398555076905553e-01
4.533665008289604059e-01
-4.776963641190355991e-01
-2.043183715175164727e-01
6.883816143318591818e-01
-2.893824403518846511e-04
-1.365321175589940539e-01
2.556869164618298385e-01
-8.084923373113651612e-01
5.443604557056820337e-01
-1.707301268316442078e-01
-2.770969717320905801e-01
5.041817960178551772e-03
-3.777770468865738196e-01
-8.663230657633947951e-01
4.916618847207664400e-01
1.618841065700801773e-01
1.000000000000000000e+00
-3.097973432960759443e-01
-2.862403689178611987e-01
1.359352929323429104e-02
6.101163243507874423e-01
2.606319705468426728e-01
-2.939754107193444654e-01
-7.465071642274517805e-01
1.271704787885017951e-01
9.564560042499792303e-02
-2.398879957158757681e-01
5.593619470879342970e-01
-2.494057058699931939e-01
2.952290915710477082e-01
1.000000000000000000e+00
7.358640778096686708e-02
-7.072247262659082934e-02
-1.802867001259946533e-01
-4.224879110377888214e-01
4.663616412888177409e-01
-4.396119732525864410e-01
-1.874157598974448002e-01
-4.032334845242236399e-01
5.266905941796425905e-01
1.809266081811227167e-01
-1.982818872482819406e-01
-7.539531482452017652e-01
-1.000000000000000000e+00
-4.168294557129424704e-02
1.000000000000000000e+00
-7.405200848415359749e-01
-7.776833134032795636e-02
4.453530474612168444e-01
1.000000000000000000e+00
9.635494199099754742e-02
-4.823477731018949166e-02
-6.146670514823838749e-01
1.000000000000000000e+00
-4.622276603480575119e-01
4.060524401555937191e-01
7.473618724991575035e-02
5.305614259583847359e-01
-3.884773218344994006e-01
2.636090102571093663e-01
6.887348529731549540e-01
-6.865138096029361758e-01
1.679440617571654470e-01
-1.806112950984195553e-02
4.450120965629337233e-01
2.470465884640250520e-01
-1.766340106011355104e-01
