9.645839658183216203e-01
-2.121310242756705988e-01
-1.821584265666014724e-01
-1.741362575051415840e-01
4.770921389516556005e-02
8.467076160377597915e-01
-8.275022068231682182e-01
-1.000000000000000000e+00
-9.679747382986484405e-01
7.792617329260070891e-01
1.000000000000000000e+00
-2.786384102878315394e-01
-6.270301220622254146e-02
8.076450446128263794e-01
-5.177734786983066995e-01
7.915264617888356780e-02
1.063684404786987975e-01
5.887063511364860613e-01
-8.746205545676641879e-01
8.976265543368541211e-01
-1.000000000000000000e+00
-5.813160955822544995e-01
-9.672303247800353443e-01
-8.990555575319429948e-01
7.040224158166238366e-01
3.234765011387706335e-01
-8.443741044216936109e-02
1.000000000000000000e+00
-9.208210931820960399e-01
6.316700529448422419e-01
-9.770136278194083701e-01
-1.000000000000000000e+00
-1.960805333981938126e-01
-6.082840677816002684e-01
-6.997977286065525104e-02
1.000000000000000000e+00
1.408924771772861739e-01
-1.549181401631554988e-01
1.252570452782930388e-01
1.000000000000000000e+00
-7.791173200250812725e-01
1.769923070921222696e-01
-5.289025713761726921e-01
-9.926689316561143617e-02
-9.304958090890040612e-02
-5.277303449870994756e-01
9.322761232881099369e-01
1.681643293804361838e-01
8.796422419519210889e-01
-1.000000000000000000e+00
4.525310552947579557e-01
4.934227326367588984e-01
8.717062546060537764e-01
-3.720320191611369842e-01
-6.868079948961076930e-02
-5.987877905053102384e-02
-2.559745904433040342e-02
-9.028402156158189529e-01
5.463269337819780247e-02
4.008293133834339023e-03
4.402495964757380809e-01
1.972330789088085345e-01
8.910606191335046500e-02
1.000000000000000000e+00
9.499133514535139655e-01
-4.223830847230686247e-02
-9.131826591796196602e-02
9.117864037268008648e-02
9.164095310204767308e-01
-9.832924325844272229e-02
-2.732648101815222108e-01
-1.000000000000000000e+00
6.225265940123416719e-01
6.678496601187882131e-01
-7.841777770342319709e-01
6.605912752083643869e-02
1.225756477869804489e-01
-1.000000000000000000e+00
-7.092899313707432540e-01
-9.331499736671183820e-02
-9.303547737446986599e-01
-2.195024004655190542e-01
1.620651083201794518e-01
-4.895114808557606834e-01
1.501872924377361564e-03
6.763799484554072761e-01
-2.668962090169406109e-01
-4.586438223576761453e-01
1.000000000000000000e+00
4.363093491938764279e-01
-6.871357281042910214e-01
2.476194652877045932e-01
-7.800142999165269320e-01
-5.362270839609982742e-01
4.277816985941544359e-01
-4.001081571962888939e-01
9.671625139223154477e-01
-1.930338047337911145e-01
2.648971903398523731e-01
7.926440392819623648e-01
-2.714356889465496803e-01
-6.257638034021557605e-01
1.330686625268773515e-01
-3.892547575167900620e-01
6.402563383206222314e-02
5.251399012280394407e-01
1.568630556305332935e-01
6.614876386393130359e-01
8.263391294747288729e-01
-9.341431606459369430e-01
-2.673429427438977490e-01
-1.192611542911719280e-01
9.235293751157582776e-01
-1.348635903509347866e-01
-2.544284752382890979e-01
3.067535367985182448e-01
-2.904541706372666399e-01
-3.391868621740165568e-01
-4.637270472191047377e-01
-1.649290507926478022e-01
-1.896040907013797905e-01
1.000000000000000000e+00
1.884042555257434415e-01
-8.838830838374915899e-01
-2.519640063496149385e-03
4.605153924798763287e-01
-9.125600659354897726e-01
1.518213505765708127e-01
1.565752882438447846e-01
-5.142451155097306215e-01
-9.448821394629267623e-01
1.000000000000000000e+00
6.062541908601933732e-02
-5.918759774206039381e-01
1.000000000000000000e+00
9.041022230168786061e-03
-3.564025744678230856e-01
2.666856902930140327e-01
5.100025867392949941e-01
1.235052395188199759e-01
6.472384740880987586e-02
2.130535649699427658e-02
-4.846720855481524981e-01
4.280788669456626061e-01
-1.000000000000000000e+00
-1.913217744542337331e-03
4.454569812616373525e-01
-8.002686380752700446e-01
-7.536980873701338846e-01
-6.036616486159995798e-01
-1.000000000000000000e+00
-4.242045939623185213e-01
1.421781338245965698e-01
-6.031624752185815730e-02
-6.335891241197467716e-01
-2.237830237867599603e-01
4.629210099707656845e-01
1.479628978062410283e-01
4.920152391939021097e-01
-1.000000000000000000e+00
-3.347002600698424368e-01
-1.243540353617676453e-01
-7.926131749046237962e-01
-7.279825628057977338e-03
1.736103903410465277e-01
-1.339084506768073168e-01
-6.813301235883187923e-01
8.343259412976957723e-01
1.000000000000000000e+00
-1.999227730773598111e-01
-9.200654856948604632e-01
-1.622826800018672966e-01
-4.097016081560143075e-01
-1.242625173573768671e-01
-3.720431572027446676e-02
2.945198661199171508e-01
2.045467565719715775e-01
3.378204595638680252e-01
-5.031818357059569813e-01
-1.000000000000000000e+00
7.075767264822181435e-01
4.239943954200094123e-02
3.863965103033250026e-01
2.351297402572719575e-01
-1.071594034530144318e-01
-2.644777658479414706e-01
-9.250081895858811576e-01
-7.022348730100330672e-01
-3.545074516484787996e-01
-8.559950860033270770e-01
-3.870720500999957209e-02
8.941652713143682929e-01
1.000000000000000000e+00
-9.419161290588010660e-01
4.131584926318909168e-01
6.593739611064148853e-01
8.702985610791227900e-02
9.335451425982937979e-03
-2.830167788881725044e-01
-1.439986810304214569e-02
1.873470223902895249e-01
9.106588671632993570e-01
-7.496057614165263505e-02
3.651690894137113452e-01
-1.386729406948618293e-01
-6.357105711069352405e-02
-3.658591356574935061e-01
-1.000000000000000000e+00
2.162149493121033883e-01
-1.000000000000000000e+00
-5.915327217644814617e-01
-6.007587690296235516e-01
4.635580287205483541e-01
1.000000000000000000e+00
9.348182877603805618e-01
9.264233430588997287e-01
8.439812942138149587e-01
-9.032864890836367344e-01
6.201069969605893517e-02
-6.664442027895123299e-01
-1.363194502548105147e-01
-7.040386554976021394e-01
9.136334425159964301e-01
-3.440259943232005790e-01
-2.679049785418609608e-01
-7.321493222296201475e-01
-1.408500934680121941e-01
9.462651680224842821e-01
8.704190876298146806e-01
1.196702130351945392e-01
8.952245497675506147e-01
-1.192333076422700672e-01
-2.101218159844064626e-01
-8.992673873576288723e-02
-4.521862991738964110e-01
-1.006203355755418138e-01
-8.301087789469140110e-02
-4.398094033120435453e-01
-7.287476577904824504e-01
-9.077459886327023941e-01
-1.541547952842712288e-01
-6.095358942773294597e-01
8.026796817112082094e-02
4.880986972130515467e-01
-9.009081094331125028e-01
-8.610631531271412120e-01
-7.478835615551177041e-01
1.000000000000000000e+00
3.961044667180615986e-01
-4.644390001429605785e-01
-8.324521335314601089e-02
-7.865694607214933631e-01
1.812417484226287179e-01
-2.364481159240379160e-01
1.000000000000000000e+00
-1.285412937628930274e-01
-5.616957642063807182e-03
4.927705297946561314e-01
3.508189416242215586e-01
8.425705473615703323e-01
3.556264947414349842e-01
7.158808373802686420e-01
1.194361072200333523e-01
3.403310118981577870e-01
-6.544802807445040949e-02
