8.870918051134689675e-01
9.024574540102381359e-01
-2.314133353443542096e-01
6.624644359959814821e-01
-7.974367687302864882e-02
2.120043537530129640e-01
-9.933706643752843179e-03
5.902811884408483145e-01
-7.408296091739179356e-01
4.690224444624042643e-01
4.372114692020402371e-01
-7.203384467910785016e-01
6.308599812493159709e-02
1.093687963635578131e-01
-3.765067568970421608e-01
2.345138795708505142e-01
-2.002212343640928371e-01
-4.825399856467919857e-02
4.420264358637115976e-01
-1.337433101490846377e-01
-7.499068465188492016e-01
-6.969296946855962904e-02
-7.314293116688118657e-01
5.828872995270890645e-01
1.556345602351069113e-01
6.716478813173831774e-02
-5.838420340597625380e-01
-1.000000000000000000e+00
1.000000000000000000e+00
-1.038082941254100111e-01
5.216090561641577583e-01
7.511383603366602602e-01
3.229767584123593993e-01
-1.082472357976305699e-01
2.919783745964958932e-01
2.953184765858615224e-01
-4.738879044419552211e-01
-3.157762325837465411e-01
-4.158916305164228611e-01
8.887066946461064099e-02
3.074255309861806396e-01
1.323208283005868346e-01
4.963753441205471795e-01
-4.322146673421473073e-02
-1.400679294670206798e-03
2.082137656489581046e-01
7.047784167611336192e-01
1.866798877946692636e-01
-4.486615754673191070e-01
-1.300455002180276876e-01
3.681350369055045313e-01
-3.222021425364197666e-01
4.613135483865662412e-01
-7.333943463670757890e-01
3.462480199125543279e-01
6.850890275661436490e-05
6.147652562813841204e-01
-8.647959307552566255e-02
-1.000000000000000000e+00
5.927804343230722584e-01
-2.450406347749719549e-01
2.896124889414930514e-02
8.647596657959286115e-02
6.038694551425010104e-01
6.902030361244435586e-01
5.705002960754295138e-01
1.000000000000000000e+00
1.463156009689376424e-01
-1.968590270551024424e-01
-1.000000000000000000e+00
-4.427583102235379542e-01
5.749370113992113840e-01
-4.209808584064562986e-02
-4.746633688564684816e-01
7.918797381050328432e-03
7.840225032313086206e-01
4.673706588196409051e-01
7.799464532514513992e-01
-3.581910024494150413e-02
8.069036715587594166e-01
2.948641594459514570e-01
-1.060462213138330945e-01
-5.254742604526164984e-02
5.494365412218813471e-01
4.739903406350781667e-01
1.000000000000000000e+00
-1.685902540520021475e-01
1.598396958004560386e-01
4.433031823356308188e-01
-6.333124778757689421e-01
5.374047900117595589e-01
3.545381272548581153e-01
4.229089106966676392e-01
-2.436872053196941779e-01
1.697458703076338837e-01
-1.392396470358233940e-01
-1.000000000000000000e+00
3.565313124704198033e-01
4.213733748120140343e-01
-3.797144825489510156e-01
-1.360494174740557449e-01
-1.000000000000000000e+00
-1.703494059021843920e-01
-4.699218630705702116e-01
4.209872391418587600e-01
7.066583671238864106e-01
-3.909893632781825112e-01
-1.615985960973359559e-01
9.801093837597820713e-01
-2.984614510900193696e-01
-3.075948452007397638e-01
1.000000000000000000e+00
2.395319907681154326e-01
-7.944287264743495891e-01
-9.732952264394129083e-02
-1.000000000000000000e+00
-6.242512881706152594e-01
-8.437315857707855526e-02
5.253818995333606745e-01
6.215905387833347007e-01
3.791174405728441332e-01
-4.238861945058501890e-01
-3.900236979975839069e-01
-3.415412594973755295e-02
-4.106894614561353851e-01
-2.471224607585546518e-01
-4.431031710434352872e-02
-5.430337633304105349e-01
7.542275960022658543e-01
1.000000000000000000e+00
1.161994595560896515e-01
-1.431355488153780997e-01
3.379704156146672300e-01
-2.585747180963210434e-01
7.444323793343519124e-01
2.128558177149657837e-01
1.121220746905998711e-02
-3.074255309861806396e-01
3.862311094238912723e-01
2.270111495037542837e-01
-1.000000000000000000e+00
-1.196481182986679770e-01
-4.977080654175116692e-01
2.882939771365226611e-01
7.595429206801201927e-01
1.644366230210340674e-01
-1.424290471590951013e-01
-9.005199706994396758e-01
4.331484623067487494e-01
-2.536783289911573314e-02
-7.241407814033391510e-01
4.638177637102549045e-01
-7.926843732912891571e-01
-3.971984766114858290e-02
1.923631538112848816e-01
-4.392036302889278793e-02
8.738371610560600189e-01
-3.736105881391544870e-01
-2.738643263441606912e-01
-2.086326177852437236e-01
-1.000000000000000000e+00
4.722246135126235700e-01
7.035848841373109064e-01
1.000000000000000000e+00
9.559573902444302995e-02
-3.335222645756467097e-01
-1.712586515230022366e-01
-7.643378167067453599e-02
-6.322887280869111670e-01
-1.727339318368671106e-01
-7.323836027842448582e-01
7.076992737145046397e-02
-8.693651309405695526e-01
7.721996982267520515e-02
-1.531748178429109541e-01
-8.517363304776499611e-01
-7.277988273608662628e-03
-5.640843535082593618e-01
5.508871976875429066e-01
3.038153369852261143e-01
1.015045132596101018e-01
5.452738251602046171e-01
3.957771758523740968e-01
2.139018575422355073e-01
-4.910410605419696095e-01
-1.019246648415813028e-01
1.679779443899119540e-01
-5.213860340154806705e-01
-7.202234398803220028e-02
-2.378462761535737324e-01
-2.879811411103258001e-01
6.225153195024508701e-01
-2.498856793188747871e-01
-2.982809027438365068e-01
-2.195633452589885182e-01
-1.440201769217815675e-01
-1.000000000000000000e+00
4.560958775850815217e-01
-1.000000000000000000e+00
5.403139504477789679e-01
-2.784746732366626398e-01
2.392304104360657990e-01
4.793910881736759277e-01
-2.049512300676198384e-02
-5.865290152957032266e-01
4.152543742772550894e-01
-6.765837228089869315e-01
-5.328722843765278938e-01
1.087421592163420603e-01
5.927465917211618418e-01
-7.186345948074117640e-01
-9.397467522846997268e-02
-1.990958528616517675e-01
8.152918828232939008e-01
-2.273308462576521527e-01
-5.956702188304483503e-01
-1.211595751039943047e-01
1.195854546713708555e-01
2.991439828076349894e-01
-1.437575549506696915e-01
-2.183444499650187831e-01
-4.857812029619650307e-01
-9.352100246074659951e-02
1.527622916379630102e-01
-7.890338148804880714e-01
-9.226178821044992429e-01
1.000000000000000000e+00
5.714206754481097050e-01
1.939349587373054851e-01
1.000000000000000000e+00
-8.830495694894401060e-02
-7.452493890583541947e-02
8.286544883260748007e-01
-4.348015156488962418e-01
2.762238223958036198e-01
-6.986968833083786468e-01
-7.060762689733568465e-01
3.926385660436476077e-01
2.428481340272577449e-01
-3.072140897632156253e-01
-6.129536209146477788e-01
-1.000000000000000000e+00
-1.131874060042352137e-01
3.969930366796335375e-01
7.074561930194769310e-01
3.852898405545458482e-01
4.273929613075569400e-02
3.606518636110511711e-01
-1.000000000000000000e+00
-7.809310600633616595e-01
-5.423125317512433874e-04
7.235912867591807185e-01
-1.000000000000000000e+00
2.282128145392901541e-01
-2.161433727678381544e-01
4.956340179728163653e-01
4.698056343470272678e-01
8.064568300990679894e-01
-1.000000000000000000e+00
-2.579063736966973330e-01
6.904149964898701475e-01
-6.080132190985862994e-01
4.947669776315428702e-01
1.777407980949792521e-01
4.541468217324636791e-01
