
0 57.073074 -2.555863 8.535858 -70.0
1 94.023266 13.104509 15.350175 -20.0
2 66.601837 19.026323 14.508742 -30.0
3 94.023266 25.238782 16.794357 -12.0
4 75.752976 27.618005 21.061086 90.0
5 66.747727 32.099409 16.65554 90.0
6 94.023266 29.523973 18.229376 50.0
7 66.732142 29.630871 18.112965 90.0
8 57.795993 27.399791 16.277108 -10.0
9 66.225448 28.465043 17.907675 -20.0
10 66.16227 27.508872 16.814874 -30.0
11 66.732142 29.557626 18.167128 -20.0
12 66.16227 31.115818 18.253775 -10.0
13 75.234809 31.35916 19.331629 -10.0
14 75.234809 26.600349 22.462348 -20.0
15 66.16227 27.499517 16.825471 -20.0
16 75.171054 27.0906 16.82766 -30.0
17 66.16227 29.543592 16.861903 -12.0
18 66.309641 27.529833 17.25531 -20.0
19 66.309641 31.448108 18.158003 -20.0