
0 21.876036 -3.344727 5.232876 -70.0
1 57.16227 9.754817 13.127585 -30.0
2 75.089203 20.693321 16.450021 -20.0
3 66.601837 28.976866 16.729507 -30.0
4 75.16227 29.704741 16.648963 26.0
5 75.16227 31.067029 17.562898 -10.0
6 66.225448 27.919899 16.063094 -12.0
7 66.752976 30.011873 17.226787 -10.0
8 66.231679 28.280713 17.091873 -12.0
9 57.956575 28.57792 21.294046 -20.0
10 94.023266 33.402303 20.530659 -10.0
11 75.752976 31.117181 18.240426 -30.0
12 75.752976 28.866022 18.032648 -10.0
13 94.023266 28.38617 18.199123 -20.0
14 75.054579 29.675828 17.889888 -20.0
15 75.752976 26.982278 16.583547 -10.0
16 75.752976 29.784824 18.198673 -20.0
17 57.956575 27.953061 16.697725 -10.0
18 57.732142 28.13843 16.520909 -20.0
19 66.956575 26.449047 21.689603 -20.0