1.628432528010269609e-01
-9.022412232898162632e-01
1.687434211814856921e-01
-2.950576236407742581e-01
2.155969378199409925e-02
-6.296030352115479234e-01
-8.711965472017855205e-01
4.325057588950757537e-01
5.207181735509619491e-01
4.524487671538119371e-01
-7.263795423746627344e-01
-5.115370671871044550e-02
9.636631787921640102e-02
-1.332671060754772041e-01
4.803568628270005192e-02
7.517547417025084444e-01
-7.312744599006955060e-01
1.859373896841425289e-01
3.673644131055370243e-02
-6.091498427241461844e-01
6.014255538564747261e-02
6.988025616544522034e-01
-4.779427630298430651e-01
2.076000017357614025e-02
1.851635123853375697e-01
-4.741807718097700297e-01
-6.388318929229914733e-01
-1.334593380420230901e-01
-1.050951953726043664e-01
-7.288087846756674537e-01
-3.242060534243740300e-01
-8.205351310544324317e-01
2.940468037602564019e-02
-1.546112599803746435e-01
9.856010902765882653e-02
-5.483447193395680763e-01
2.855207771580376974e-01
-4.058774505906599384e-01
-8.962190621750215636e-03
-3.759715220981736383e-01
7.884705100026844216e-01
1.543081408904911078e-01
-1.000000000000000000e+00
-2.245207342612871304e-01
6.463695165179060842e-01
1.892752241193704221e-01
-3.559991266738580795e-01
-1.000000000000000000e+00
-1.000000000000000000e+00
-4.354070305364586835e-01
2.799646398485475252e-01
-2.476956641086857092e-01
3.415276284126685935e-01
2.700049767246103238e-01
-2.056705944355213256e-01
1.646826684448333689e-01
1.649083577846409410e-01
2.382613830174654113e-01
-1.000000000000000000e+00
2.955947459194272486e-01
-3.857933935731514552e-01
-1.000000000000000000e+00
7.494143415264555852e-01
-5.237093956941886175e-01
8.372341672415116454e-02
2.734308591711390179e-01
-5.266104996399249005e-01
3.810260965920533316e-01
2.890056387836597018e-01
-2.510533933383051197e-01
-4.087084491199624581e-01
4.715032025157989137e-01
-1.438660522190494673e-01
2.194925183252198209e-01
1.589395011614835873e-02
3.687901411358663895e-01
9.689074159026009325e-02
4.195531062233920916e-01
-9.969509215421888948e-01
1.088202252515263480e-01
-7.030902876348411601e-01
-2.091516983048457567e-01
3.678348592744232759e-01
5.066602229222496590e-01
-7.503012366980101877e-01
9.844729957346214366e-01
-4.036037766970401730e-02
3.651040152204788891e-02
3.051398328869522336e-01
2.531455001421245021e-01
2.667275368569572147e-01
3.218699561666248932e-01
3.051221799883536701e-01
4.704824965205596232e-01
2.533125925935162392e-01
1.179819639912649265e-03
3.748161497080870763e-01
-4.239303862740089190e-01
3.683577202449919707e-01
1.646509752188855535e-01
4.544287850344617685e-01
-4.587721116463053250e-02
1.851034004579731884e-01
8.064462925027249263e-01
-2.003321350508968646e-02
-2.623400967719529131e-01
-3.243526380188127001e-01
-7.645850231746896541e-02
6.032214198907295266e-01
7.143274868574498448e-01
-4.228974675699501140e-01
1.743124234354501145e-01
-5.188697028899034169e-01
-6.257520759340959304e-02
-2.031746555127330878e-01
2.855356136974180892e-01
6.538183567296871335e-01
1.030721305855588493e-01
-4.445143090620780058e-01
-3.320202948961122336e-01
9.342396047435154449e-02
-9.467892598867960752e-01
7.588163335457919212e-01
4.373751622291296992e-01
4.287270322364896136e-01
-1.000000000000000000e+00
-1.000000000000000000e+00
8.699524550754481056e-02
-2.940021370417358892e-02
-1.000000000000000000e+00
-5.123109520543706052e-01
-8.331626949450432473e-02
-1.463531902834629694e-01
-4.734051120311894567e-01
-5.682871519638942326e-01
3.826470875143164196e-01
8.670685531617502995e-02
1.726994901652951012e-02
2.924585302057343128e-01
-7.547950344795795186e-02
5.203367912421697633e-03
-3.347770978962111288e-01
3.284886123041969586e-01
-3.896402844550783673e-03
-4.348267180993754533e-01
-6.777772970014269704e-01
4.624594349898842882e-01
-4.210238780040685969e-01
4.457906248508073377e-01
7.843843425449717466e-02
1.000000000000000000e+00
-4.124160298693170246e-01
1.097851638687807885e-04
3.727753183707439577e-01
2.895243044505776409e-01
-4.369955103698872634e-01
3.149847857363889947e-01
-1.654422643017851580e-01
3.758666109463152938e-01
4.215070349294576801e-01
-2.775942663911278863e-01
-1.247423957225100855e-01
9.350364772532043789e-02
-1.401776135075576829e-02
-1.000000000000000000e+00
4.059031240040340549e-01
-3.063335465381238354e-01
-4.668124516757569120e-01
-1.648972943111698397e-01
-1.990226351293533646e-02
7.054022871135303685e-01
1.249457949353482977e-02
1.000000000000000000e+00
-7.756062041329589429e-02
5.610014497630307906e-01
-4.544934797229226442e-01
1.000000000000000000e+00
-4.166499658265314654e-01
7.457948003735659359e-01
-1.000000000000000000e+00
7.693612019535352176e-02
3.484893454550386793e-01
-4.591935203388074205e-02
1.819321222709364139e-01
-1.000000000000000000e+00
2.130947649008917977e-01
5.834084320514502930e-02
9.522258545629458393e-02
-5.355246975485230543e-01
-2.850861352870889820e-02
3.774484824222087975e-02
-1.904163514035964733e-01
-3.644659959339913713e-01
-1.636117657834872952e-01
1.909027964871052307e-01
-1.175371977931028156e-01
-7.072046280217564318e-01
1.875524659698022123e-01
2.356994417375757322e-01
-1.422959594639339187e-02
-5.316490864930663029e-01
2.707032068772265987e-01
-4.884726419199095782e-01
-2.224318938331496520e-01
-2.019100042065481437e-01
5.190823372339992137e-01
4.206386833411653869e-01
-5.914458122272583385e-01
1.584984936684203372e-01
-2.919462793328869710e-02
-4.572751117015134148e-01
-5.131643318337983928e-01
5.708363951624142452e-01
3.621793944867175985e-01
2.912652888103089976e-01
-7.038796202453430073e-01
-6.899133421806551425e-01
-1.000000000000000000e+00
8.185545477351474641e-01
-9.243029049252153850e-01
-6.940552463228245594e-01
-1.678489069734819539e-01
-3.694044342993368923e-01
-1.548685369413503043e-01
5.795528995988447063e-01
-7.974612604853876796e-01
-2.854257728107704728e-01
-6.487879626474621526e-03
7.309677895499551159e-01
-3.374268017907252060e-01
-8.486808409264814945e-02
-8.201480409885314460e-01
4.233066543638192014e-02
2.503916426849867038e-01
-2.982773892549021033e-01
5.288061425803478599e-01
-1.648154298613934143e-01
4.887675931513575933e-01
4.024485969558178611e-01
5.593572128458733639e-01
7.669186973220870618e-01
-2.706792832155740514e-01
7.264387964646652485e-01
4.582104033132503029e-01
4.052252626411183556e-01
-8.400956271134814024e-01
-1.004442440411571213e-01
-3.990982318873037560e-01
2.845696522241811244e-01
2.136968204080057498e-01
-4.114099023506893882e-03
3.273968926897962151e-01
-2.297274571990980119e-01
3.127101948567994061e-01
3.130095073983064080e-01
-1.956597627803533662e-02
-7.501441104166270968e-01
-5.280111716534685584e-01
2.150897685594109210e-01
-2.492042959443133698e-01
-1.181844174669280656e-01
-6.257195479840641505e-01
2.799653360261543655e-01
4.204792675230851762e-01
-9.340547298216669847e-02
