-4.868977582092048895e-01
-5.141597143333060949e-01
3.134344715401563009e-01
-3.324316436400839292e-01
6.245275359931149461e-01
-2.942318152346243276e-01
-4.721129727830681300e-01
-2.361298998731432008e-01
-7.124094975498891646e-02
-1.002690356669414529e-01
3.656204513462362748e-01
9.310476604049955363e-01
-3.649158381316765509e-01
-6.930846658956701933e-01
1.694300525329982265e-01
-1.864603680222611803e-01
4.349625284495949318e-01
-7.792790711204533594e-01
8.144234354093773942e-02
2.700629201949822367e-01
-1.989248529086704020e-02
3.891352408218146097e-01
4.464392270580029298e-01
3.947266783130815582e-01
-1.763181758651169440e-01
2.071963014940469971e-01
3.984809637541736338e-01
9.179938577828756774e-01
1.902249092009052345e-01
4.230570872339123323e-01
3.897308256775094959e-01
-5.232284029769228573e-01
-8.126376097339816917e-01
1.850583397583333289e-01
-1.519037598162936431e-01
-6.287085853395915636e-02
-9.447679106279047723e-01
4.049254509111883948e-02
-4.211511332914139039e-02
-6.514255285188010891e-01
3.304473483079637952e-01
3.794754444343944044e-01
7.107110312628195370e-01
-2.207066083734029460e-01
5.152253342209797138e-01
1.363155003167219603e-01
1.328897992616780988e-01
5.319403101038722159e-02
-2.963863533336638101e-01
-5.648230130890626866e-01
-8.992664511568649877e-01
-3.562065469013471763e-01
4.272966255431747684e-01
-1.000000000000000000e+00
-4.549261654267569566e-01
6.878083915691398653e-01
-9.138152419705625196e-01
1.993094298184457935e-01
-6.588769067845086091e-01
-4.760048336399461677e-01
6.749127694828038586e-03
-3.427101517908529571e-01
-9.539440559648957318e-01
2.266203729721886495e-01
-4.629383496433652212e-01
-1.221186726229255420e-01
-3.265222048436040581e-01
-1.000000000000000000e+00
5.062691051458464986e-02
-3.343319602167861837e-01
-1.888667386894855860e-02
-4.072263201563905977e-01
-1.392611535215759755e-01
4.861297913658088055e-01
1.456244646036982393e-01
-2.600090357258726392e-01
1.130166860596443501e-01
-2.571943063275926589e-01
-6.168909624794980395e-01
-9.809578146154149247e-02
-2.116283452684473154e-01
8.850439876804794270e-01
1.702623944191853367e-01
-2.643134097190106419e-02
-1.732378957227871663e-02
-9.278231478048399872e-01
7.174592548862352981e-01
1.000000000000000000e+00
-2.731920805956820630e-01
-9.033801949241034857e-01
-4.607843384615223914e-01
-2.466862106800403187e-01
-5.324528137223115687e-01
-3.415861051771336698e-01
6.236646877033958924e-01
-7.189474595558509318e-01
-8.109423117785291568e-01
6.143911491173897899e-01
5.194501554720756253e-01
2.860204073669749825e-01
-5.131582282743790691e-01
8.128940735193810330e-01
-5.206604301252877320e-01
-9.046064858161517730e-02
2.991384374449589378e-01
8.742981328395891261e-01
5.467528871863170936e-01
-6.606467562474599431e-03
1.077569205352362502e-01
-4.880727098315802426e-01
8.804402033671038241e-02
-4.712406007090155086e-02
4.778575634930551930e-01
1.378835888976989721e-01
5.295473066811131474e-02
-2.984562259721383892e-01
-2.280859825368221905e-01
-1.237286990399754788e-01
6.838691051165299295e-02
2.129004822276698294e-01
-1.305016605668364860e-01
-9.263964953217451725e-01
-3.565396055291942257e-01
-2.294492247980519095e-01
-4.982183727756666070e-01
-3.698485535154433929e-02
8.807913436738943336e-01
-2.792867112301299359e-01
-8.435821858896130898e-02
2.004761793306671092e-01
-3.759562699025925103e-01
1.839049255534080385e-01
-3.357548228970843596e-01
4.346121181869067041e-01
-8.621004081277274800e-01
1.433289880994569332e-01
-5.767418325703118631e-01
-4.178706081718930321e-02
-5.404461277790172380e-01
-1.755039244730422499e-01
6.618654497740624754e-01
1.695003365204246770e-01
-2.895393487213722694e-01
-3.823671422281376131e-01
-8.090101216834399978e-02
-5.378821969498034233e-02
-1.000000000000000000e+00
5.825358162071585244e-02
1.157799810940931748e-02
3.909567297748630099e-01
4.939188222155019847e-01
3.890792289877986754e-01
-8.991421313630998391e-01
-2.432778498705440162e-01
-1.306934746143439685e-01
5.956972712293978622e-01
9.381478194354837541e-01
6.680032281115274584e-01
1.152548562969009094e-01
6.900702765285884888e-03
-4.535092195254636360e-01
-1.238851055556069308e-01
-6.546895929853266960e-01
-3.378715201696395609e-01
-3.459116725408193371e-01
-6.801110838302486250e-02
-6.459163139702625012e-01
-5.334130419711645699e-01
-3.671972384245193455e-01
4.096571443188174455e-01
3.117798010100578110e-03
-7.338635321439316295e-01
3.466901149591047893e-01
-3.345071214082359634e-01
-2.175761804530936816e-01
9.478573846993678664e-01
-3.867323573793154390e-01
1.517155742070854241e-01
-3.297210568573981648e-01
7.462810098976934148e-01
1.963184781289479541e-01
9.194625691422796399e-01
-1.916216171517901579e-01
-3.317605849963913833e-01
1.472902941180113112e-01
-9.990379745750296858e-02
-4.411883924705305438e-01
2.059798719442797466e-01
-6.416203427932706260e-01
1.266873792392782250e-01
-1.459497501334791093e-02
6.980351774757792560e-01
9.790166259237154112e-01
-4.961468315202547941e-01
-6.141047188837395199e-01
3.685267564549448704e-01
6.074869789307671963e-01
2.861180250985168039e-01
2.923527342521650141e-01
1.080871274473729216e-01
1.196616513095094536e-01
3.608735161326296348e-01
3.635959408088670353e-01
-4.818562683878122588e-01
-9.060463242472511780e-01
-2.120139057234158297e-01
-1.364073810602052239e-01
9.049010847890385234e-01
8.599233058318453971e-01
-3.462516765998470691e-01
-7.602694581783070449e-01
-8.899376873946530653e-01
1.803803160711771880e-01
9.297893340918528260e-01
1.787533226465450320e-01
-3.353234005669223361e-01
-5.625988619747167574e-01
6.387456823031877340e-01
6.317333365791084621e-01
2.303466232837351746e-01
-7.584944072482420196e-01
-4.055801569501358839e-01
3.073366821705537655e-01
7.485650414418197895e-01
4.363683473968870685e-01
-3.018205617511269256e-01
-5.978577736672028298e-01
-6.815121231036253002e-01
2.701896529325332336e-02
-4.788104180930345954e-01
4.970585159075968651e-02
-8.422448731618316087e-01
6.549546309331051308e-01
7.030091280179900926e-01
3.049909265021202298e-01
-1.993672267994143210e-01
2.612041402558310521e-01
4.145784256168763005e-01
-5.190260282472120013e-01
-2.255381034591800726e-01
-1.000000000000000000e+00
-9.386324504305528782e-01
-3.050068737752318904e-01
5.859490636250475060e-01
7.114746127941534715e-01
-4.738332881568596555e-01
-4.823397258399403920e-01
7.230413197704857464e-02
4.803004705046814288e-02
6.942106748125742577e-01
-3.057148068469104363e-01
-4.214704621021637676e-01
-1.930650443131554928e-01
4.843767477150917045e-01
-7.695839080711264213e-01
-1.847814711480639249e-01
-1.004826642439497070e-01
-9.749869321716251314e-01
1.911064838045350156e-01
-5.770876361043290048e-01
5.737868007531300024e-02
-9.577727715169475076e-01
-4.484206531313741362e-01
5.687423141540399740e-01
-8.391063011554587003e-01
