-7.090433839604968203e-01
-3.865769638026727573e-01
-5.240046792298137524e-01
3.103391575906538913e-02
3.050438189226067909e-01
-4.378308972310320235e-01
-3.668717819606476943e-02
-4.504292116598597184e-01
-4.899489877359346490e-01
-5.429863713309948103e-01
-2.422203714828211063e-02
6.156997663719629976e-01
-5.350057866212656332e-01
2.422649146613986559e-02
3.657718725338994226e-01
1.000000000000000000e+00
-3.835408766796042368e-01
-3.161809218444585068e-01
1.000000000000000000e+00
-2.624824579449733242e-01
3.673045889102250494e-01
-2.440688540884248248e-01
-7.023223460155363362e-01
6.754757210091250075e-01
-3.957864226617324177e-01
4.057417807620380401e-01
6.020344926461427271e-01
-2.422948550993872519e-01
-2.526058975144169771e-01
-7.790325605875085824e-01
-7.208222872514236101e-02
4.272356973667929547e-01
-4.591153135858583312e-01
-5.849827868609919213e-01
1.130850206274791325e-01
-4.427790309979737771e-01
4.348849254611577009e-01
-1.745707768416351058e-01
-6.223016121052861171e-01
-2.884723538275535959e-01
1.272308948005952123e-01
-1.960995612354649864e-01
3.081618309447808346e-01
-4.298858849261119053e-01
-4.187468492489428151e-02
8.845857609663674292e-01
-2.023260600742334270e-01
4.256528529476918399e-01
-4.682682369416575896e-01
-2.831748072719441067e-01
1.204046020242782455e-01
-9.890799751920990035e-01
1.000000000000000000e+00
-3.898553197396016357e-01
-4.825794576220258647e-01
-5.296345261505582824e-01
-2.039816380280033981e-01
-4.580245552823009048e-01
-2.617114541314934373e-01
3.363701338784421679e-01
2.508580877360844785e-01
-3.545098433519970338e-01
-1.950680772778758953e-01
-3.068384928359246810e-01
7.261033126835055862e-01
7.888809358366010160e-01
4.946334454732741470e-01
-4.003912399592292060e-01
8.893112369001867634e-01
3.689569598647095550e-01
9.478726889829033331e-01
1.000000000000000000e+00
-1.354093709010580626e-01
-5.411655523602639795e-01
4.340084590397598197e-01
4.106298571779343765e-01
-2.963541304744215510e-01
2.847569179044951992e-01
-1.916065868603420153e-01
-5.619190627228219936e-01
-2.872728145740258143e-01
7.540677313045169861e-01
4.218131440721212266e-01
-4.995042624732254355e-02
7.350096084572432797e-03
9.950603407085471808e-02
-1.341925884833730653e-02
-3.062898816783454770e-01
-2.261365502257755844e-01
-1.000000000000000000e+00
1.000000000000000000e+00
5.523068253961338492e-01
-7.068826637348796238e-02
-5.592596913979115403e-01
-1.938358915436728946e-01
7.014184219987686930e-01
-5.906764822003329751e-02
-1.000000000000000000e+00
3.048618948910043480e-01
-3.950164087748629371e-01
6.820108463938354681e-01
-1.654286670996902853e-01
3.891462815998282254e-01
-1.802229260259774479e-03
8.205068784332687770e-02
1.290979822676091293e-01
-2.965028225981036214e-01
6.894252580754947068e-01
-9.712881153013230850e-02
-1.279393759161830957e-01
4.579308136379093841e-01
3.113384240496874233e-01
-7.164329473123158820e-01
-4.736264368871700992e-01
1.000000000000000000e+00
-6.029475747488416415e-01
1.126728794056668370e-01
-1.448872460124794037e-01
3.046814163306162393e-01
7.946681624694140744e-02
-4.042483496951902455e-01
3.062843152936379210e-01
2.365935674214081907e-01
4.309402059736980872e-01
4.916264724409633580e-01
-3.195445699913204707e-01
-4.355610041304420199e-01
1.687283566590197514e-02
7.882027199061434342e-01
2.991964319566768893e-01
-1.710456807276593549e-01
1.120416682450393886e-01
5.804479044113329822e-01
8.776706956894850808e-01
3.802945703523734067e-01
1.107488148255241500e-01
-2.570103265211041710e-01
-1.199423167753353447e-01
1.662622052944698892e-01
-1.189377611721565732e-02
-4.176293491499122323e-02
-5.469248368316047548e-01
5.413396993740906549e-01
-1.393396899921580945e-01
1.124772362961230371e-01
4.180207136032648707e-02
-6.939370843693642987e-04
7.608496532583746141e-01
-9.376050544821168398e-02
-8.304489072021209450e-01
-1.357671500775338158e-01
2.277297273255440846e-01
1.997546938583415199e-01
4.991649149403352137e-01
-3.022866622434495221e-01
8.175233564498300964e-01
3.034838179955241522e-01
-1.024840726595005469e-02
-2.245060276934360832e-01
-4.890859222078686175e-01
5.346785609270718886e-01
-1.000000000000000000e+00
-5.659630980405273848e-02
-1.491234802991852626e-01
-5.714918274958672439e-01
-6.120020369304491892e-01
3.362402094087099669e-01
-1.000000000000000000e+00
6.135225662234888855e-01
1.203167768088706790e-01
1.000000000000000000e+00
1.531952312591824406e-01
-3.112293215103390520e-01
-9.890641244739130367e-02
-7.653085290491177251e-01
5.693227924232612258e-01
-4.257712418319036241e-01
-3.301763987442010717e-02
-7.807938119017984180e-01
7.663717642429979104e-01
-9.987755535436164678e-01
2.783954595815997246e-01
-3.329856438623918224e-01
1.997531839117977215e-01
-1.000000000000000000e+00
7.925126183120716206e-02
3.129077753342056623e-01
1.484451685421197542e-01
3.411964908126717544e-02
-2.624191901754149847e-02
3.328864325664991353e-01
1.706558388326672171e-01
-7.298125763602936189e-01
6.422987333616783645e-02
1.000000000000000000e+00
-7.799739439263292384e-03
-5.275122129950614580e-01
-1.949366773517402507e-01
-4.624121692465741895e-01
4.236837090175397114e-01
-6.599440649569723316e-01
-4.480387490340233536e-01
-7.294636849917296439e-02
-6.142991731501334929e-01
-6.555706532353539062e-01
-2.478990490961899273e-01
4.588468394727248656e-01
-1.234926964802249283e-02
3.250562615473585049e-01
-1.000000000000000000e+00
-5.806210000675048333e-01
-4.026759440828413250e-02
4.236240862598490420e-01
7.769662663725120932e-01
-6.459386137742189060e-01
9.610368137483127349e-02
5.584272382802709517e-02
-3.947801711940044922e-01
1.162479453487237357e-01
-1.333429299273301005e-01
2.983234477181373467e-01
-4.433681083936441558e-01
-1.000000000000000000e+00
4.813112494391075802e-01
3.386267767064318202e-01
-2.151228925205416198e-01
-2.213470948217996503e-01
4.736674202751827711e-01
-3.399100491532663360e-01
2.756212132069874032e-02
1.809768148412675415e-01
-6.418324303269279385e-01
-4.024320673093397804e-01
2.765970789668698027e-01
-1.623466536703666585e-01
4.333703007845346455e-01
-7.376224931675546825e-01
5.775717065989208199e-02
-1.557790129259780179e-02
4.607491651225128493e-01
-6.313114565719741833e-01
1.154968611403499601e-01
-2.786478764378059192e-01
1.366348922923498188e-01
2.529438811478517679e-01
-3.036184622671757039e-01
-7.711544963223976312e-02
4.799302484884020448e-01
-1.375179488296878749e-01
2.206242849497158098e-01
4.398981962482920727e-01
2.000760360369973623e-01
5.375681929817599514e-01
-7.393728332698244754e-02
-3.992216311586699318e-01
-8.485292328949897711e-02
1.479275668925920662e-01
-1.616633775802047979e-01
4.392055209585987718e-01
-4.519443458769841215e-01
-6.826472828720122621e-01
-2.657596346400395437e-01
-9.327620892060641822e-01
-3.840651088800853263e-02
-5.991026782149052599e-01
