
0 75.200907 3.964075 20.194398 -10.0
1 87.379599 43.515088 20.655298 30.0
2 88.142332 51.182942 19.315711 52.0
3 88.933532 54.355718 20.553992 52.0
4 88.142332 60.692517 19.78474 28.0
5 87.627846 54.54068 19.100887 32.0
6 87.624051 59.415975 19.616743 32.0
7 88.967552 55.039504 20.212336 38.0
8 87.624051 54.141663 20.446356 52.0
9 88.450607 52.614475 31.715159 32.0
10 87.624051 60.918451 19.212535 32.0
11 87.627846 59.157676 21.020781 32.0
12 87.627846 58.163632 21.21145 32.0
13 87.624051 60.41803 20.335284 32.0
14 87.624051 60.524834 21.119652 32.0
15 87.624051 59.81608 20.606482 32.0
16 88.897367 63.909609 21.539187 48.0
17 87.627846 63.350605 22.096998 32.0
18 87.627846 65.1343 22.512313 48.0
19 89.717781 63.208239 32.871314 58.0