
0 75.200907 0.570658 13.641523 -20.0
1 75.200907 33.670915 23.479742 32.0
2 86.227846 52.466828 18.136952 32.0
3 87.624051 58.164082 20.257715 32.0
4 87.624051 55.756652 19.133217 32.0
5 87.624051 56.795118 20.088806 32.0
6 87.627846 55.012381 20.433555 32.0
7 87.627846 57.685554 18.981281 32.0
8 87.627846 63.024405 21.807739 32.0
9 91.618586 62.29985 21.957721 52.0
10 89.228738 64.733909 20.291288 48.0
11 88.933532 68.529514 20.102589 52.0
12 88.933532 69.377412 20.653931 52.0
13 88.933532 65.500637 20.952935 48.0
14 87.627846 74.2801 17.052718 32.0
15 87.627846 66.136719 20.829843 46.0
16 90.368118 65.524398 20.242288 48.0
17 88.933532 71.194415 19.084973 62.0
18 88.933532 66.369848 19.979019 48.0
19 87.627846 67.979542 19.926961 32.0