
0 74.904175 5.983372 20.588964 0.0
1 87.227846 43.452409 18.460728 -10.0
2 87.447427 53.963105 19.765012 34.0
3 87.624051 53.406273 20.557592 34.0
4 87.624051 53.573636 28.870469 36.0
5 87.624051 58.386994 19.001501 36.0
6 88.571054 56.689127 21.76235 48.0
7 87.624051 57.930894 20.103551 40.0
8 88.933532 60.679389 22.209401 48.0
9 87.627846 60.626185 19.782101 50.0
10 88.424051 57.316074 21.803835 48.0
11 89.168118 63.040572 21.590563 50.0
12 89.497367 62.653186 21.776291 38.0
13 89.168118 62.559385 21.651653 36.0
14 87.627846 56.708339 32.316635 32.0
15 87.828738 62.299372 20.761636 72.0
16 89.168118 65.308845 21.09548 44.0
17 88.933532 67.80104 21.242392 48.0
18 88.171054 65.85098 20.736511 36.0
19 88.933532 66.78527 19.989441 32.0