
0 75.200907 2.065444 17.2377 -30.0
1 87.224051 35.757899 21.599202 -10.0
2 86.383229 47.933362 18.29635 28.0
3 88.933532 55.297378 20.124163 32.0
4 87.627846 52.616979 19.953604 32.0
5 87.624051 55.621769 20.234246 44.0
6 87.627846 57.812149 21.038428 32.0
7 87.627846 58.638999 20.044181 32.0
8 88.264435 53.774538 30.889171 32.0
9 88.933532 56.000964 21.711868 62.0
10 87.624051 60.734757 18.63503 48.0
11 87.627846 58.808542 20.107792 44.0
12 87.927729 62.309369 19.800502 42.0
13 88.497367 60.725094 20.489629 44.0
14 87.627846 61.130778 19.938868 48.0
15 89.228738 61.835831 20.418767 56.0
16 87.847427 64.155305 21.975654 50.0
17 87.627846 60.848626 20.450621 32.0
18 88.897367 61.778028 32.017735 48.0
19 88.933532 70.839988 20.068697 48.0