4.467546913397358321e-01
-4.381564532900740216e-01
-2.972675721495512957e-01
-1.995178059750624122e-01
-6.853224379399333044e-01
-1.000000000000000000e+00
3.486509948474283971e-03
-1.320410134899860366e-01
-2.545400632877155012e-01
1.858765838561566852e-01
-1.830596115240872290e-01
-4.313970587106314980e-01
-7.557559388273277223e-01
1.149954428096188197e-01
4.937754274220332307e-02
4.131310752901790062e-01
2.606210347263381299e-01
-5.377298752738962628e-02
2.525036222151135767e-01
1.984491509769883977e-01
5.910452999858079037e-01
-9.028590465715506663e-02
-3.237057863761892418e-01
-5.626109478436991385e-02
-3.348697566593320518e-01
-4.612394838659083507e-01
-1.915267229925640413e-01
-1.793914048907833680e-01
8.697090710356003562e-02
1.151186280314771548e-01
3.744682691313014899e-01
-2.543287786833339226e-01
3.616535468282035537e-01
2.560308222232857145e-02
4.274361303854196104e-01
1.180722331580200540e-01
1.000000000000000000e+00
3.532347744852881721e-01
-2.193526362937297247e-01
-4.069460502647913036e-01
-9.002972431929486818e-01
-6.585173556755774538e-02
-6.465777032725600337e-01
1.233772812195554208e-01
-7.002909349391056582e-02
5.390601459858821443e-01
-2.184638743068568201e-01
-4.967597652435642441e-01
1.000000000000000000e+00
1.415295110052875449e-01
-1.285171768550086857e-01
2.381257535886724397e-01
5.902406482556757927e-01
7.513000546058580253e-01
-1.000000000000000000e+00
4.359147835220750777e-01
-6.198628403702826084e-01
-1.180492870299001545e-01
-7.647843013570717607e-01
1.955856357035918314e-01
-1.381599869598739982e-01
4.058431792645711966e-01
-5.583474811241156965e-01
-2.357290821947149728e-01
-4.354172967347155199e-01
5.969189770019558416e-01
-3.610261013524129758e-02
1.485033334117875914e-01
1.027547934735790897e-01
-4.876858187996332417e-01
-2.438893573662131997e-01
8.732967582292811004e-01
4.345146068769170644e-01
-1.000000000000000000e+00
-5.896186105496352692e-01
-8.722187436954668138e-01
-4.964677454984769978e-02
-1.628242824767127117e-01
9.590984107907449263e-02
-1.062107664160523990e-01
1.452203991833374563e-01
6.784706127923914587e-02
-9.487257174809136939e-02
3.021163162275848357e-01
-2.402525968565468184e-01
8.409610536065290631e-01
-3.605675918687927251e-01
7.588354475317944381e-01
-1.939856845574587374e-01
-8.958714383650864255e-01
-6.384795656687202170e-01
-1.092920562227448766e-01
4.635280559544625589e-01
-1.223871600624296674e-01
6.918967644413394069e-01
3.624761641369234066e-01
-2.146183684455165164e-01
-2.461776256940950147e-01
6.013475569756281391e-01
4.145789783866911660e-01
4.510522439274338158e-01
5.806778380480955848e-01
6.456573971904119302e-01
4.227957023321565755e-01
2.216276835501002629e-01
1.910142801612841890e-01
1.000000000000000000e+00
-4.482483494186195183e-01
-1.000000000000000000e+00
7.812483288354270528e-01
2.125362269110318836e-01
5.630702853814066877e-01
-1.465703718579244585e-01
-5.624885456836163644e-02
1.000000000000000000e+00
-2.898967019267211231e-01
4.750750413353435064e-01
9.536237353143085516e-01
7.445885169540361614e-02
6.184515796052543202e-01
6.278044700944298562e-01
-1.598877487498316929e-01
-5.212778827935529158e-01
9.988642977580439730e-01
-4.562158171836923626e-01
-2.804969014347332701e-01
-1.000000000000000000e+00
-1.878082329525459226e-01
-4.836883081656813410e-02
-1.000000000000000000e+00
-7.480318599117094513e-02
-1.288379651586492036e-01
3.657611820381341250e-01
7.887862363528972409e-01
-2.929414624601841544e-01
8.496601314782470382e-01
-2.193116948536385502e-01
2.448779332119846441e-01
-4.852531147028571468e-01
3.732358116800210679e-01
4.192481027546674510e-01
-3.769588693557046621e-01
9.077400176252693464e-01
1.494777201302729674e-01
1.585799048712278336e-01
1.923579498993974457e-01
7.297706002517750923e-02
9.004453728922180433e-01
2.967000553615358749e-01
4.917934948802549916e-02
-1.360661775178519106e-01
-1.000000000000000000e+00
1.131613090840253855e-01
-8.093232438507808046e-01
-6.754282676001989172e-01
4.948329098693449168e-01
3.205488725052304533e-01
-5.092644370592824821e-01
-4.759142155518595874e-01
-9.223166562029636584e-01
4.609251598742120093e-02
1.514021670409490539e-02
1.201729314778266500e-01
9.312235592622147839e-03
9.778321150507396364e-02
-6.879965991722577501e-01
-3.319175584883654051e-01
6.595719722799152640e-01
4.872744878812262925e-01
-4.458071237015360788e-01
1.877029157730472353e-01
1.000000000000000000e+00
-5.814145689160426372e-02
-1.560855874209083338e-01
9.063777848810986582e-01
1.753667123184556864e-01
8.096332207112005852e-02
8.864351769718367136e-01
4.292080103656042978e-02
2.973544578527600457e-01
8.166551343224488502e-01
-1.280759222813856457e-01
6.757996390827967215e-01
-6.017381027982074970e-01
-5.999386943357843949e-01
-3.075430022671041957e-02
2.321782822310968220e-01
4.429962449676767000e-01
-1.000000000000000000e+00
6.497937310414054757e-01
6.664233170369253667e-01
-3.910422155069249173e-01
8.445989824143125269e-01
9.768668855515687532e-01
-7.706106771099529018e-01
3.298066055038682554e-01
-1.482513540504450389e-01
6.024124320714226155e-02
2.769490792191687811e-01
4.620373409767830619e-01
-7.985309686307665578e-01
3.998251183543329867e-01
5.268343135052487858e-01
1.726189776603063719e-01
-5.604148603205824086e-01
5.014810637162490092e-01
1.297590251879405798e-01
1.335060293701727796e-01
-1.000000000000000000e+00
2.275074827030062474e-01
5.677765840472031450e-02
-2.046032984505680163e-01
2.456471218021601954e-01
-4.029072400557415778e-01
4.261822791392698706e-01
-2.395762124901756052e-01
8.429377353887581581e-01
4.595518909468305768e-01
2.864772137069414998e-02
-1.580063216275039983e-01
2.173869804439022557e-01
9.001510291506685871e-03
-3.530699766348133206e-01
-1.000000000000000000e+00
9.000489660327616603e-02
-7.169619778757709838e-01
-2.519361498337497340e-01
-2.957487316251591891e-01
3.299250293399632050e-01
-6.953333039657481063e-01
9.668646072255151491e-01
-3.444482476691495751e-03
1.171816581892980158e-01
7.794084843412293351e-01
4.324150111074114289e-01
-7.267810146310845765e-01
4.125847969523397940e-01
6.139801413488799042e-01
-5.025807795627654784e-01
-7.674132117990011270e-01
-6.380955370692614759e-02
-1.782286087884967229e-01
2.791273803007995880e-01
7.385819261281454384e-01
-4.676986883628181380e-02
8.132969325520117421e-02
2.151005332439029916e-01
1.000000000000000000e+00
-1.000000000000000000e+00
-2.853667762351012049e-01
-9.191839035995836849e-01
-5.467353589856012164e-01
-3.281534277362827545e-01
7.565766235267429307e-01
-4.694675104070663019e-01
7.046349074447338934e-02
9.331820357454527759e-01
4.766596940892057210e-01
-1.076349057296246692e-01
-8.419571920647536123e-01
4.979000349405955927e-01
-6.304965329224214710e-01
2.500614321403193396e-01
-8.356377270184978112e-02
1.309982756097320400e-01
