-4.579912685778910753e-01
-3.686487839371145880e-01
-2.636305284314431896e-01
-7.078825534607932068e-01
-6.867588979596731535e-01
-1.000000000000000000e+00
2.191209182591841720e-01
-6.817814000447786071e-02
6.919754778786518790e-01
8.806008579394071223e-01
-8.163667827944529054e-02
-1.012239195536946690e-01
-3.415238670271653065e-02
-4.772376941872415457e-01
4.842891342231446794e-01
-1.868008015772943398e-01
7.144659925670140410e-01
-4.828468419465562489e-01
4.144939932469843824e-01
-6.995310689542758587e-01
1.000000000000000000e+00
5.091400503896936769e-01
6.970773983050244649e-01
3.182295567948072446e-01
-6.084793733976254781e-01
8.343045656523466747e-01
-5.794425086743071329e-02
6.330519615230330022e-01
3.235633145847455761e-01
-1.000000000000000000e+00
-5.092786266654573124e-01
-1.715442420157772263e-01
-1.646659317145265367e-01
6.120633662638633732e-01
1.000000000000000000e+00
6.530414723618011008e-03
-7.741449346308399981e-01
-6.367335006951024834e-01
-1.159077300938621963e-01
5.376271317448290121e-01
-1.000000000000000000e+00
9.505373869692504418e-02
-9.058742411526918281e-02
-5.427804647746001798e-01
8.300441827387519123e-01
1.000000000000000000e+00
-1.000000000000000000e+00
-3.525907332000963179e-01
-3.057088318061409460e-01
6.483979645341275688e-02
-1.000000000000000000e+00
-7.256985602571143223e-01
-6.298540650565136456e-01
1.000000000000000000e+00
-2.938997782795440550e-01
4.098824789252636380e-01
1.269015826385916923e-01
-7.892743563188104883e-01
1.000000000000000000e+00
3.310247293975449590e-01
-8.724348074515340112e-01
1.000000000000000000e+00
9.082098180764266449e-01
1.483276567751176667e-01
-1.000000000000000000e+00
-4.493688753266997793e-01
1.000000000000000000e+00
7.734099663309959016e-01
-8.091561834674312337e-01
8.159496832666894850e-01
-6.027833962185765726e-01
-1.313744789726150886e-01
3.678429494756046414e-01
4.590659121102423634e-02
-1.000000000000000000e+00
9.533664708406086596e-01
7.280563245354689794e-01
-1.733039120408535749e-01
-1.000000000000000000e+00
-3.109125317383541476e-01
2.710690186989029860e-01
7.388573693134321552e-01
-5.005955380772829644e-01
2.870217918111050426e-01
1.000000000000000000e+00
-5.897502464624454488e-02
-2.198333850573900017e-01
6.899167113110235006e-01
6.688437955825075054e-01
-7.636137246787171318e-01
-9.058103841331131001e-01
-1.000000000000000000e+00
-7.373675945909288765e-02
-7.436888782995276781e-01
4.597036832235991133e-01
-4.387379940483387974e-01
4.324730868325968314e-02
-1.912056634148583956e-01
8.112485851688251426e-01
3.616491978023994025e-01
6.599642151558772207e-01
-1.951941105508527563e-01
1.000000000000000000e+00
7.565920578395091134e-02
-2.977145503139005944e-01
1.000000000000000000e+00
-1.270535860661713146e-01
-8.525066234448994695e-01
1.000000000000000000e+00
-7.129258681837491451e-01
-1.000000000000000000e+00
1.771318574518235822e-01
-6.451872677153825952e-01
-1.538120959911333796e-01
-3.697656084145983790e-01
-3.492161927549632394e-01
1.155653151543169221e-01
9.650037214918273376e-01
5.234157454735003379e-01
-1.000000000000000000e+00
-7.846291250638844916e-01
7.847836642733605483e-01
-5.654863017089764021e-01
5.030703116517206697e-01
8.973500369818433742e-02
-8.440143983237520242e-01
7.211171736143785482e-01
-1.932610955977323852e-01
2.809782899574584936e-01
3.582678901736451316e-01
3.864825410735787670e-01
-1.657944163657778802e-01
7.522380831705728355e-01
5.076422879130251253e-01
5.850828250870732106e-01
3.425192300257439149e-01
4.033562584196770384e-01
2.907870507598692145e-01
-2.528741793242366143e-01
-9.166917040097546376e-01
5.487042162295900916e-01
-3.689589783997114791e-01
-4.660119890367236950e-01
-3.622704065616827451e-02
3.482536541558639565e-01
3.094847545133399547e-01
-2.400985398489139389e-01
2.725941334630787027e-01
1.511304452375888396e-01
1.094369924435234648e-01
-5.809215534167819772e-01
-6.168718435927695865e-01
-2.227387745389083906e-01
-1.000000000000000000e+00
1.565823410063337251e-01
3.069870290233880916e-01
-5.322863082011330960e-01
1.000000000000000000e+00
-3.422867742602886953e-01
-9.351345956695098494e-01
-5.185698408262134906e-01
-2.567441699713163272e-02
9.438334360360347564e-01
-6.004042904798843061e-01
7.235762168047017717e-02
-4.538419131762729819e-01
-3.464758039023198288e-02
1.000000000000000000e+00
6.722472849417883145e-01
1.000000000000000000e+00
-1.000000000000000000e+00
3.987235944780719299e-01
-6.627197005911431571e-01
-1.000000000000000000e+00
-8.228849255058036105e-01
-3.373267887281065081e-01
-5.769179105009979436e-01
-1.000000000000000000e+00
-2.501149205347111826e-01
-5.504968787292507937e-01
7.510647909803072064e-01
-5.288711240689082382e-01
-3.180290530841125562e-01
2.009706799267793609e-01
-1.000000000000000000e+00
-2.144635257377276449e-01
5.077350562843467863e-01
-8.201180298928943679e-02
1.000000000000000000e+00
-8.994011045681815641e-02
1.488287198045861182e-01
-2.221851922677606783e-01
5.328743525865623498e-01
3.425957468433640241e-01
2.181448227814992424e-01
-2.150561680794199626e-01
4.697222493270556964e-01
-1.000000000000000000e+00
5.564901005286926328e-01
-1.000000000000000000e+00
2.637057023524162491e-01
1.000000000000000000e+00
-1.316283291540187306e-01
-1.000000000000000000e+00
-1.648927017354281932e-01
-9.386844924946279312e-01
2.089022492696708255e-01
8.987645696140336149e-01
-6.878331188634058124e-01
8.449674874963422622e-02
4.378382669874314459e-02
5.635677912515459909e-01
9.593735941516301491e-01
-6.412715027635936815e-01
4.723019242727181100e-01
-1.413768411375239953e-01
-1.178841923810354519e-01
3.629979819769006966e-01
3.130522180629108364e-02
-6.093574059375210794e-01
-2.429873847204949144e-01
-7.159465940700469877e-02
-7.010068451006010726e-01
1.257467390883724723e-01
5.912165568892568945e-02
8.333161157798218976e-01
-6.869206590653755828e-01
5.516831664287452641e-02
8.677671216661522191e-01
-8.042041763582604696e-01
7.606641565313903008e-01
-1.000000000000000000e+00
3.622759430952553483e-01
4.598516739401188880e-01
2.315124332168635723e-01
-5.679997742655766846e-01
-1.000000000000000000e+00
7.520028126930498047e-01
1.000000000000000000e+00
-9.292897309776107506e-02
-1.000000000000000000e+00
-2.020784738044533735e-01
7.806631115612320260e-01
5.849079100164022993e-01
1.126105055443072100e-01
-3.148406450818368452e-01
1.366052795510782347e-01
4.230044773924758195e-01
-2.430323306904423331e-01
-1.000000000000000000e+00
-6.063128568679279073e-01
-2.122567331831984316e-02
1.000000000000000000e+00
2.636053263797460966e-01
2.115013233569845719e-01
5.223958719853225574e-01
-1.000000000000000000e+00
7.239120573225631405e-01
2.093993988856529542e-01
-3.186810518713058260e-02
3.109434048957842034e-01
-2.494092270739881045e-01
-9.339279347634079631e-01
2.284926222231179471e-01
-1.000000000000000000e+00
