8.072967055341762066e-02
-5.447273407663077993e-02
6.947993207623975875e-02
2.286411164243029870e-01
-2.513341891427153807e-02
1.000000000000000000e+00
3.850868849899615198e-01
-2.154833990070457728e-01
-5.146911349295555382e-01
8.105739284809551082e-01
-4.416397793300678165e-01
1.940855788268675552e-01
2.649333167117596255e-01
3.727797481932462187e-01
-4.957336158642545731e-01
4.536935402280223295e-02
-4.024463253811975116e-01
-6.297695000230000284e-01
-4.082080329158107590e-01
3.413642059972473719e-01
2.708465884832751414e-01
-4.857114279998303030e-01
1.389399301711358170e-01
-4.349353479992351668e-02
2.055779393928708898e-01
2.368538893937458534e-01
9.030612492319159412e-02
9.210702797097922168e-02
-5.416941130342559640e-01
7.908613106085496947e-01
7.419976762336613629e-02
2.110734511273560099e-01
-9.243169687010679980e-02
-3.575230426725559685e-01
-4.347993663148130850e-01
5.699270087558350184e-02
-1.274116085997017978e-01
1.000000000000000000e+00
-1.355381609311829827e-01
-3.406367904319809736e-01
3.190618595133906110e-01
5.248229436200442244e-01
7.300470459867252071e-01
-6.169039539626534063e-01
2.457770589642403469e-01
3.338493054225343259e-01
6.206963121336402933e-01
-1.000000000000000000e+00
-1.909279587710803749e-01
6.507094143181409995e-01
-1.000000000000000000e+00
1.984462389829836360e-01
6.758080232096996820e-01
4.730362119011751187e-01
5.158003063697137458e-01
1.388496830599852683e-01
1.007187828597065626e-01
7.136796333969673833e-01
1.000000000000000000e+00
3.702202235704537547e-01
5.310108138441080872e-01
-1.512764856649788103e-01
-6.370230074727810665e-01
4.431600019114562139e-01
3.876221886966593755e-01
-6.917848615058425077e-01
1.203795916182136272e-01
-2.996178473533122055e-01
-2.824656149390051274e-01
3.031548122872919082e-01
-1.000000000000000000e+00
-4.631206645816977052e-01
2.447629021622701184e-01
8.085886614539858908e-01
-2.687787038828683972e-01
1.971815736147924381e-01
1.000000000000000000e+00
2.700600889855896136e-02
1.000000000000000000e+00
-1.564978057718814097e-01
-4.215005986962648832e-01
-8.058943009887560294e-01
-4.117081353178174696e-01
1.836435580498355091e-02
5.097286261996268886e-01
1.697733058327082212e-01
4.157497823923039793e-01
1.990645923020550878e-01
-4.994489997310601614e-01
5.406065787353871999e-01
-7.457037714236427473e-01
-3.943967973312010322e-01
-5.311826524495797397e-01
1.404309840744357718e-01
-2.708995019408856342e-01
-2.745775018920020849e-01
-8.421489848460259608e-01
1.640858539843764730e-01
2.025484738441573618e-01
-9.624861246879659049e-01
1.000000000000000000e+00
3.588581389808624955e-01
-7.087189631488871600e-02
-6.754409552122799809e-01
2.087003099723797050e-01
7.238612644910262794e-01
1.909102078495927834e-03
1.000000000000000000e+00
-3.094064661422576967e-01
1.000000000000000000e+00
-2.223613248913526019e-01
-9.090982495405530717e-02
2.492584438141678682e-01
-8.192244971462911973e-01
-4.842548853807525644e-01
6.037358741372292337e-02
-3.651729903987629422e-01
-4.162599278579733886e-01
1.968199670690229663e-01
3.326397285173499641e-01
2.980219266742190065e-04
-8.200812949125091400e-02
-1.263008244938822466e-01
4.843581303217823694e-03
7.955998988007116635e-02
3.066026951854335936e-01
-2.634945341412475717e-01
2.859028241422365002e-01
3.959446036669277968e-01
-7.069457993322647571e-01
2.899280829968424733e-01
-7.032105688144149602e-03
3.415210951398157946e-02
5.931836748945198412e-01
9.605127359321480318e-03
-1.704024221903798209e-01
-2.631346622505703059e-01
-4.536747167863257046e-01
-2.421707087529191005e-01
7.364151214750529473e-01
-2.101599412359265451e-01
1.000000000000000000e+00
4.873447940519100019e-01
1.000000000000000000e+00
-5.139218325237596696e-01
-4.678447992110315035e-01
-6.256183014953622390e-01
-1.000000000000000000e+00
4.182945054566256093e-01
8.260285038992733198e-02
-5.761512699518694242e-02
-1.625776540045914820e-01
1.398667885910209741e-01
-3.276297600564982704e-02
4.649675991050376545e-01
-3.682756186538379550e-01
6.023822572147541354e-01
-3.743240511708583740e-01
3.010201864501070856e-01
-3.968210341731086555e-01
-7.153420228417293192e-01
-5.166941756929862573e-01
-5.311899126627070977e-01
4.729981940696125764e-01
-2.614901759181957885e-01
2.566673900268325315e-01
7.568673339649137355e-02
-3.988574731282451546e-01
-2.597894754218585400e-01
-4.692920654135780967e-01
3.730904721853222639e-01
6.996944493960860489e-01
4.365870950867858369e-01
1.030583708481897509e-01
-1.546751499459175228e-01
1.000000000000000000e+00
1.014526819698458038e-02
-5.632363601274962273e-01
6.321278046822269570e-01
-2.869560505339895373e-01
-1.692291091346581622e-02
-4.366935705154746383e-01
4.352334174598156968e-01
3.349689567710198435e-01
-3.757393704584834349e-01
-4.050236426283690405e-02
-5.019079917150951475e-01
7.156508023312806166e-02
4.653249416747874678e-02
1.000000000000000000e+00
-6.906550443703658448e-01
-7.035276188699524091e-01
6.283908405721426449e-03
2.114652943749307235e-01
-2.719943701478841902e-01
-5.467423734253410439e-01
-4.756957366332641435e-01
-8.226896201858940189e-03
-4.423115860051715642e-01
-2.639980128592773756e-01
-1.000000000000000000e+00
6.335135511071486869e-01
-1.273035183793153058e-03
4.688684619190288672e-01
-2.114037728574199304e-01
5.405791871284343353e-01
-2.513888261526980861e-01
1.000000000000000000e+00
-1.799460005669915597e-01
-5.140133657224740249e-01
-5.830946457514625259e-01
-7.062788022685622114e-01
7.754574718923521459e-01
5.961348465682795306e-01
-3.594904654385913112e-01
7.028991207751170700e-01
6.631560493585738625e-01
5.654993550849909401e-01
-1.490649207612919636e-01
4.695703665335523858e-01
5.430431686853567363e-01
-4.373957908061517075e-01
-9.706121333228315273e-02
-3.990634959915347890e-01
6.681095497454850873e-01
-3.937147151451862448e-01
-1.674329753874957971e-01
1.000000000000000000e+00
1.297505080156691193e-04
4.401818647620148184e-01
-8.713842682492829450e-01
-5.212056226898905686e-01
5.753111369443657530e-01
4.448751819991377809e-01
7.900264077607240809e-01
-6.758605386775027313e-01
3.455354950807379977e-01
2.344773066830492525e-02
7.178316034828081671e-01
-1.780947770915585204e-01
-1.000000000000000000e+00
-3.900452986924288212e-01
-1.898016137317688479e-01
-1.000000000000000000e+00
1.396745776391825344e-01
-1.000000000000000000e+00
-3.125793903584565547e-01
5.883871699070610806e-01
7.790956650278423323e-01
-9.976354323480225439e-01
4.466674256234631213e-01
1.607226787009849445e-02
6.147111505198310510e-01
5.010677419407723043e-01
-7.876521760064127964e-01
4.369952251849386626e-01
-2.466851338717181430e-01
5.996086503518881505e-01
6.367825303010347104e-01
-1.388013912095107105e-01
-1.176018140628122821e-01
-1.425951891933180671e-01
2.588832080754382425e-01
4.700048165905322817e-01
-1.487140764845867880e-01
