-6.490908536838846388e-01
-6.352234092379420716e-01
9.888911868727661147e-01
3.952628409942487986e-02
-3.825481240886217660e-01
7.152833585499694946e-01
9.407441390069451459e-02
-4.822258889010045957e-01
8.085209564823609973e-01
2.361051578674193407e-01
7.703031419740813401e-02
-4.221199426846479197e-01
-1.695859294116951743e-01
-9.123061030832175788e-01
-7.273867526528464689e-01
2.820704548047994753e-01
5.112143256228705024e-01
-4.714145112361091128e-01
6.061704592085137566e-01
-8.392008492399731789e-01
-5.248805499656882256e-01
3.503806652948412981e-02
1.326923625030642928e-01
4.345413679065364410e-02
-2.827375502230249360e-01
-5.629879151576531182e-01
2.691584584154946835e-01
-8.225442272749077244e-01
-8.578261496503610806e-01
1.000000000000000000e+00
3.600411757690260561e-01
1.830134131985864387e-01
-9.711949486202380299e-01
7.453972483395146509e-03
-4.207606850039126156e-01
4.802456546882255539e-01
-7.484619610765335107e-01
1.332898645917559022e-01
4.170203887454388969e-01
-2.942283249850338733e-01
4.581280950418781805e-01
7.574174637764425899e-01
-1.985624962435496577e-01
2.114997550271087434e-01
2.741688026690242141e-01
-5.571993542671536126e-01
1.000000000000000000e+00
3.177809163726353914e-01
-2.937690127041077126e-01
1.571659332022931621e-01
4.547334429123848221e-01
-3.211338566124858906e-01
9.005446822446673549e-03
1.470295411475613934e-01
-5.302379158994140473e-01
3.608345176629418893e-01
-1.458933886586373796e-01
-4.572994774087690284e-01
3.939172021937960289e-02
-3.079186478480928635e-01
-2.507518612065435248e-01
1.000000000000000000e+00
-5.368889109920581548e-01
-5.253429626750476533e-01
1.415468342305851168e-01
-1.452582359112545851e-01
-1.740703301202404379e-02
5.247402293086791403e-01
8.075633398225051662e-01
5.839399440727434110e-01
3.493182918552362182e-01
6.584133856144080976e-01
1.000000000000000000e+00
-1.087158331997835625e-01
-1.000000000000000000e+00
4.192186056303804920e-01
3.048543609599562165e-01
2.641154114517411666e-01
5.145122571862088823e-02
-1.057617482380776575e-01
3.848787478653792338e-01
-2.901030216021978636e-01
-5.967758749798488527e-01
-3.314396503376150216e-01
6.147336496950945445e-02
2.553514335894132015e-01
-8.483140925814263156e-01
-6.072036659195978459e-01
1.349746743844485453e-01
9.294714571123499081e-01
1.279466854286321342e-01
-2.094030025189545507e-01
3.209457798381439853e-01
5.089677715024986115e-01
-1.000000000000000000e+00
2.496661336360927186e-01
4.490432421617905900e-01
-8.331175398127348419e-01
3.353329986971323451e-01
3.252547123523265582e-01
-3.441616835591136958e-01
8.047729803558528738e-03
-2.489080818521453298e-01
-1.679629612266240191e-01
-1.239447782267354414e-01
7.640544091382925895e-01
4.136786443765722576e-01
3.362844638012764120e-01
1.494722286097388830e-01
-1.000000000000000000e+00
4.748491094145337876e-02
1.457957468229161835e-01
-7.206493510558893423e-01
3.693474602854746741e-02
2.378908591767751601e-01
5.795311428512438245e-02
3.893636600066037179e-01
1.000000000000000000e+00
4.223952688593560212e-03
5.512924285431547444e-01
-3.860258222980424425e-01
4.627319064000958160e-01
-7.737380531349919988e-01
3.356021208306715353e-01
5.734430374111272322e-01
5.858997372944518833e-02
1.797310530365444914e-01
-2.261612712505457479e-01
-5.618197282283788896e-01
1.513355632941510986e-01
5.995937438483336934e-02
5.461417077470460263e-02
-1.000000000000000000e+00
8.003642667550348033e-02
9.083743357029130383e-01
3.161507583642971242e-01
5.886133660550934010e-01
-6.620562119189915551e-01
5.379236562057158055e-01
-8.096321373570379842e-01
3.299425397484597733e-01
-7.306946351504748360e-01
-4.077874098607005560e-01
-9.575612660885171046e-01
1.378918286949074590e-01
-6.879600546377881432e-02
-2.670159552124801161e-02
3.146708316664272864e-01
7.785631119656908350e-01
-4.240220276314496939e-01
5.728516750732191021e-01
1.000000000000000000e+00
-3.204992467277780754e-01
4.563510949088789848e-01
2.412806752026162016e-01
4.193037046676103552e-01
-1.592248326158547111e-01
-1.000000000000000000e+00
2.222342879119778569e-01
8.015648940573835146e-01
2.212102410175028067e-01
-1.178391313900047088e-01
8.888127489434665129e-01
4.037167235397911003e-01
-4.976765158541080480e-01
3.009678955638171449e-01
-1.363006513123237451e-01
-8.858777933921201109e-02
-7.009780136393100047e-01
4.337255320919655710e-02
-3.655414145068083265e-01
-5.991763115639907600e-01
-3.629856790827876711e-01
1.038975858993512053e-01
5.082919972998523050e-02
-2.063306581355882074e-01
1.000000000000000000e+00
-9.923680235334245703e-01
5.466460083326041275e-01
-7.321114967556289210e-01
-1.000000000000000000e+00
7.151482919870078003e-01
-8.659100628431115609e-01
-4.865205533697150586e-01
2.246341080790126288e-01
1.024508016306566877e-02
-3.736311952429943739e-01
-2.212098531278559599e-01
4.218840141533174437e-01
-3.330324217931954767e-01
3.118553852166592311e-01
-3.195948302386269341e-02
2.455497539019644293e-01
2.939375873383809346e-02
-7.208119288170892203e-01
-4.047039222345329978e-01
-2.091780655372737496e-01
-1.000000000000000000e+00
-2.404301476156219808e-01
3.099736620891565542e-01
-1.000000000000000000e+00
1.000000000000000000e+00
3.988061957734717611e-02
3.377066746905197370e-01
-4.655191097164813607e-01
-4.055052379047798805e-01
-1.753653654718992927e-01
3.956081021793773078e-01
5.388710535420029313e-01
1.559064002607226662e-01
4.527978212413059644e-01
4.223397680138274435e-01
1.358452434797840502e-01
8.032140590371314448e-02
-1.519390602838818216e-01
3.103713510717149848e-01
-1.000000000000000000e+00
6.380771771293375361e-01
4.644652860869859512e-01
7.842248302550792749e-01
5.531483187251630129e-01
-8.272704614526168454e-01
2.320365824645340136e-01
-3.156918194064451400e-01
-7.117129706403848566e-01
4.105551840354386695e-01
4.094827640569003169e-01
-1.593481939931909730e-01
2.853232034271387940e-01
-5.583299486272532697e-01
2.357175835985237944e-01
-6.460087749974158244e-01
7.514433243949196761e-01
-5.308690108303956018e-02
9.960525870227737721e-02
-4.974865830098312847e-02
-1.000000000000000000e+00
3.104742883711307799e-01
6.472692932906695118e-01
-3.360348575708199670e-01
-8.370077075725499416e-01
7.480484931593265330e-01
-3.172539815368072835e-01
8.058147527529453402e-01
1.968317395708142348e-01
1.737011792567222934e-01
-2.286367540448412394e-01
-1.169252317961231996e-01
5.644106890897402362e-01
1.000000000000000000e+00
8.411025413527704886e-02
-3.937761692992628459e-01
2.624042175469969151e-02
5.397551241235390984e-01
-9.167493264816835019e-01
-5.866569131076584398e-01
-3.666963696289488039e-02
-8.176548110698414473e-02
-6.490131762737427756e-01
1.759628232296261419e-01
-8.474847749552216758e-01
-4.507944298803676086e-01
-5.818803980817560673e-01
1.240738946802896481e-01
-7.839154395184091406e-01
