2.410983520178616446e-01
-4.882957305052626484e-01
6.697998996238812008e-01
-3.021469628548056896e-01
-7.758797606780251654e-02
9.296175710826495298e-01
3.065606932089862680e-01
5.316772749606716308e-01
3.409571664959517023e-01
-5.850333651954926495e-01
1.842493738874174392e-01
-5.254070501430421758e-02
-7.848045598940347478e-01
-1.800751647067948824e-01
3.073953676240909205e-01
4.152462998686093920e-01
-6.048365714939527571e-01
1.000000000000000000e+00
4.942741474876561902e-01
-5.285296430533004131e-01
-4.704174082800714474e-01
-8.169370277898280186e-01
-2.910084409039170872e-03
6.167216335318250753e-01
-1.000000000000000000e+00
7.624962005331122894e-01
-4.943789241112200861e-01
-9.906863285135553143e-01
1.000000000000000000e+00
-2.152473259722701704e-01
5.539962176923241000e-02
2.975220668043354055e-01
-8.148617738765839835e-01
-1.685147435573124408e-01
-4.121408679035666600e-02
3.761985446534826805e-02
4.063532650233893651e-01
-1.266275301846289114e-01
1.810046411287279805e-02
-9.922179493753038315e-01
1.109885752304690942e-01
1.950783526424104131e-01
-9.952312094678322785e-01
-6.473286174609017563e-01
-4.548185646215477385e-01
3.472377863071616777e-01
4.181146254014893315e-02
3.023737353805494577e-01
7.701575655981318658e-01
-8.456040799728845592e-01
9.591065439143439120e-01
-9.763529803012889197e-01
-3.934385997335445029e-01
1.000000000000000000e+00
8.171202818826756031e-02
4.172708886781624771e-01
7.177212764462592709e-01
2.442670001452354467e-01
5.026738150186466081e-01
-3.197874062069837597e-01
-3.274924680482365624e-01
-6.125406389605340118e-01
-1.988813306116348767e-01
6.473777577841381969e-01
-3.541417580004778132e-01
-4.125981864601596105e-01
4.450465434650571761e-01
-6.244624719138556213e-01
-1.404082574512764692e-01
-8.399659217771413555e-01
-1.209288921186674470e-01
-9.795398607801750757e-01
-3.809497227260839058e-01
-8.148104599722767460e-01
-3.529229252278484608e-02
7.053906232613630367e-01
1.000000000000000000e+00
5.497003779622898767e-01
-7.731463964680639345e-01
-5.463836224305466116e-01
4.916623292985174420e-01
-2.838026358710996622e-01
2.433324810591344645e-01
2.850961086411679668e-01
-1.000000000000000000e+00
-1.000000000000000000e+00
-2.056203516926961294e-01
-9.811655706731259308e-01
2.031304727403578092e-01
-5.443563538489134546e-01
7.873267826281534765e-01
4.415060273464908036e-01
9.087831398072221400e-02
-6.866911431099206320e-01
9.675235440973579681e-01
-4.491875979620443271e-01
3.819523463514254424e-01
4.013354237201110508e-01
2.806675204043493910e-01
-1.804376263311704143e-01
4.669848148856331482e-01
-1.016816699962222736e-01
-3.978707880912958350e-01
-8.028549046607217354e-01
-9.613476204002142922e-02
-2.850063485305971978e-01
1.749331947791685216e-01
-4.897814353494433504e-01
1.000000000000000000e+00
7.845079523891450579e-01
-4.393884895511093736e-02
-2.342331155465338099e-02
-6.539597774916774409e-01
7.407817106361838100e-01
-1.852644107490079572e-01
4.932459632270015382e-01
-1.047970852477742576e-01
3.519468597633328422e-01
2.022164097119986959e-01
-4.138896260331110799e-01
4.497393317449402406e-02
8.992176413060500861e-01
-2.434457356067416534e-01
5.063558355612410855e-01
-7.910331507712816679e-01
2.413791762562413901e-01
-4.307993479055701597e-02
-4.739477168862947787e-01
6.123853928711860961e-01
3.576608171856198726e-01
-1.000000000000000000e+00
-4.184015313067890318e-02
7.573270100939022420e-01
-1.185413991043893500e-01
-3.289341487322565150e-01
-3.318309242771502743e-01
6.999023124883277380e-02
-7.877511477259030448e-01
6.095725771071275334e-01
-6.140397574854483675e-01
3.501044066827712631e-01
-7.459221111155278638e-01
-8.827586687814612532e-01
-2.119826992178414637e-01
2.982303480372752030e-02
2.730092587772013912e-01
9.896775233193761956e-01
-1.104203881320987707e-01
-4.780606458325338259e-01
6.256063966672533727e-01
3.851353483522286236e-01
-7.760312135210775675e-02
1.000000000000000000e+00
-7.493357621444263206e-01
8.574969822651760110e-01
-1.046660094639112748e-01
-1.664590384823684266e-01
1.892792459863226057e-02
-7.176224574457639171e-01
1.765298756884243758e-01
1.001305935441678951e-01
-7.660686648454791969e-01
2.792373403742323124e-01
3.125924151443427723e-01
1.228855386028918639e-01
-2.357589322426972278e-01
-9.841054997878397881e-01
-9.723181801301935545e-01
6.586470525413795629e-01
-2.260709907331536206e-01
-2.145346953923389643e-02
-1.000000000000000000e+00
4.392972662152607732e-01
-1.000000000000000000e+00
-9.325561532681447829e-01
4.834122363109291665e-01
4.233349191876938367e-01
-5.138065047157492904e-01
9.910041282774303406e-01
3.479897202273789514e-01
9.587325365522604212e-03
-6.230053003610826201e-02
-7.563778617119738534e-01
5.007159578561902746e-01
-1.082344256094874974e-01
-9.652149017546937104e-01
3.811258401760341807e-01
5.361105689350116610e-02
5.428847806779437679e-01
3.140101622099853440e-01
-1.000000000000000000e+00
-4.967925404083065599e-01
-8.516672177494748475e-01
7.320474380024809546e-01
-8.003741240878800012e-01
-2.108495485856344553e-01
-3.703114810596333517e-01
-2.929157690286556814e-01
-5.887889760621369817e-01
9.442137249790583109e-01
-4.949928933635860950e-01
5.480037296744676434e-01
7.843758585164045671e-02
-6.030137481524645571e-01
-3.634983727502161810e-01
-3.203861543496364650e-01
-6.495334638744286737e-01
-1.000000000000000000e+00
-9.552611686192742646e-02
-2.104289813417327959e-01
6.001374238322427779e-01
-2.401649393651592024e-02
3.407753485426872064e-01
4.808942348796521049e-01
-3.950148956444908821e-01
-8.908037955394392249e-01
-5.410916954777467147e-01
8.013193709579007340e-01
1.601323807816774636e-01
7.418109073565257727e-01
-7.888610090878298564e-01
-4.916576059570494928e-01
4.326086736529334287e-01
3.925210760325396897e-02
1.834022281125129439e-01
-6.744532671457548201e-01
9.984300306961804150e-01
2.381900968422266673e-01
2.609120595155975386e-01
9.569898912136960423e-01
9.057643737847691501e-01
-6.042979500927858627e-01
6.953399489611794548e-01
1.491553770824021463e-01
-9.213015838596571028e-01
-7.464107325768079004e-01
1.732633249039550183e-03
-1.894073007559600175e-01
2.170307142138128143e-01
-4.265989582803233482e-01
2.001037327751456485e-01
-9.723352724115363888e-02
-4.402406918676659009e-01
7.950033555437651112e-01
-7.945771740603905231e-01
-9.211208664431377313e-01
8.065441750033025547e-02
-1.968995945571170442e-02
7.864283611063371815e-01
6.940761980330330261e-02
-7.478775119534464277e-01
-5.559706994006519132e-01
2.873303197707069989e-01
2.858323388747057159e-01
7.389197826852529627e-02
-5.658605494981675532e-01
-8.257983977611748072e-01
1.000000000000000000e+00
1.708123215629053782e-02
5.680113835867705019e-01
-5.582530238564944458e-01
-4.959928565520130839e-01
-7.099003992576444766e-01
-5.958873571913952949e-01
4.696074786430904924e-01
