7.070496395124044042e-01
-9.741873862251386740e-01
-4.544116847480962340e-01
1.000000000000000000e+00
-6.971005965862401288e-01
6.293997270724500659e-01
-3.303831529580158466e-01
-1.618349538890123118e-01
-2.447470143044256918e-01
1.000000000000000000e+00
1.702043713722363738e-01
4.144958843032804652e-02
2.808704440663487012e-01
-4.897219956778188499e-02
-8.174864881648026271e-01
-2.877513862306567693e-01
-5.880447533291937035e-01
4.295542481043619909e-01
1.000000000000000000e+00
4.193620874669897747e-01
-8.273815035865200729e-01
2.756630000777894329e-01
1.321265944371648182e-01
1.000000000000000000e+00
8.025769493865129167e-01
3.242247909621729374e-01
-7.423825727550510678e-02
2.143375545226314585e-02
2.543997682102220881e-01
7.723835364189661767e-01
-2.822685654963946189e-01
6.203769284889038005e-01
3.905232921715079408e-01
-1.000000000000000000e+00
1.938684099056539600e-01
1.000000000000000000e+00
1.303976364368354679e-01
-4.326476793509400620e-01
3.763705642661747119e-01
-2.719207037210565892e-01
8.632501562338283918e-01
4.186344657884968901e-01
3.672176378175409650e-01
-1.000000000000000000e+00
-1.000000000000000000e+00
-3.652893579438921678e-01
-8.488645634652094429e-01
-1.962476506353093009e-01
-8.457999990045608207e-01
4.806515620280383816e-01
7.230291606456826781e-01
8.305843231623767364e-01
3.421107296050900359e-01
-6.118763851917332630e-01
-5.670888369657929307e-01
-2.352374291338673040e-01
-1.858030343110556037e-01
1.746705004258222449e-01
5.888685139474721802e-02
7.857178154311292850e-01
9.864265410884579532e-01
8.196474346711535297e-01
1.000000000000000000e+00
-6.527242204531578107e-01
-6.443332660560716629e-01
-9.270562293302297974e-01
-2.066948098222254893e-01
8.456483957178465571e-01
-2.500193610325076587e-01
7.136012806216482929e-01
6.833497775860266632e-01
-1.000000000000000000e+00
-4.498843504459340004e-01
1.173291206217071253e-01
-4.294004507947372096e-01
-3.299775088206038931e-01
-3.415073437941935630e-01
6.057856254762336579e-02
4.504538683712281388e-01
7.012701651736423791e-01
-7.612454732145310654e-01
1.000000000000000000e+00
-2.101143211263354627e-01
8.147712355230335435e-02
6.894365045877817177e-01
-4.682481858907109884e-01
-5.989482727251541627e-01
-9.102154971071729772e-01
-6.232611867232349390e-01
-8.997188525449689722e-02
-7.344532705848313414e-01
-4.304808390004058460e-02
9.935906091038554377e-02
-3.117423940233491342e-01
4.650035566211729865e-02
3.332752845772469219e-01
-5.631806488684928391e-01
-4.129905812656564645e-01
1.000000000000000000e+00
-8.351969111509054411e-01
1.706644509808458166e-02
7.852694885461897201e-01
8.176062902570312430e-01
-9.368561769734474742e-01
-3.886727126588134240e-01
1.842256753105447342e-01
7.378236127504934627e-01
1.000000000000000000e+00
2.320866172060503940e-01
-2.261688687327659264e-01
-1.944447587855601678e-01
7.003649791454529261e-01
-5.496683451152042377e-01
-5.535329848580008427e-01
1.000000000000000000e+00
8.022577745797075943e-01
-1.000000000000000000e+00
-3.784089019888173255e-01
-3.240716633301210514e-01
9.402286928943554001e-01
6.503764840187111762e-01
-7.312196092165768047e-01
-3.531525326263200149e-01
9.780878083210453600e-01
-2.033170286369699875e-01
8.688392223847016815e-01
3.621878834016112325e-01
-3.057721944720132035e-01
-2.123275595536069926e-02
-4.290536234038690444e-01
8.487487071324903432e-02
-7.868909487974521388e-01
-7.863025367963683010e-01
-8.412672784309652707e-01
5.266601225878785320e-01
5.379290708159101264e-01
-2.169866862387876683e-01
-1.602731741503440888e-01
2.865066797747515270e-01
5.994174347362641875e-01
4.266107278093331234e-02
-2.736935844217850411e-01
-5.193893959135952310e-01
-5.161346594638074325e-01
-4.629142076551304164e-01
-9.456866783336013160e-01
4.531510839175167948e-01
-6.737077625025941208e-01
-5.664006005858870374e-01
1.482543864902378383e-01
-1.460555533189019095e-01
-1.611775961856456441e-01
6.937211006441946770e-01
5.369418763086384327e-01
5.496750277576573779e-02
-1.046565879947265743e-01
-2.634532752191260929e-01
7.241534911530771446e-01
1.000000000000000000e+00
-1.000000000000000000e+00
6.765740954835662846e-01
-1.883722925017252969e-01
-8.643935861782062746e-01
-5.472293460620945016e-01
8.814525263398466093e-01
2.734272139136432189e-01
2.652934651331063654e-01
-9.135058135855524952e-01
7.182312478753493101e-01
-8.527127709863993044e-01
9.578538690280793411e-01
-5.424234950823043633e-01
-6.067269150985090675e-01
-1.232672470882722193e-01
-1.564550819778531277e-01
1.312274112400885206e-01
-3.683281948019608842e-01
-8.885363262148395780e-01
3.211716341089974613e-01
-1.000000000000000000e+00
-2.277290783295841115e-01
1.000000000000000000e+00
-5.590006921020660435e-01
2.097914009574673166e-01
-2.212657491388054509e-01
9.597177648628173463e-01
-1.000000000000000000e+00
-6.101595047506834790e-01
-9.562489662991400241e-01
-2.364832570495180031e-01
9.074535597612993776e-01
1.479037292662803982e-01
6.374968853263104362e-01
-3.930894806407890518e-02
2.183156868874869816e-01
5.625743455308631624e-01
5.577336308627238726e-01
-5.724696593255598209e-01
1.742496885283933983e-01
3.279956448122056112e-01
-1.000000000000000000e+00
1.059057465060255915e-01
7.573220377580702767e-01
2.584576333706640749e-01
-1.000000000000000000e+00
-8.776062710591088223e-01
2.590601419972951569e-01
-1.730963454963257708e-01
-6.474457469387880915e-01
-4.076460918886847806e-01
-6.550881034606953479e-01
5.353490076505437179e-01
-2.121777952305919368e-01
9.448514465345262403e-01
4.954893365552143769e-01
-1.000000000000000000e+00
-4.857892998747630475e-01
1.000000000000000000e+00
6.515729567942378786e-01
-9.497275998989704870e-01
1.202224213028209032e-01
-5.906996093733383191e-01
8.518355103326094024e-01
-1.040695561211059904e-02
-3.194985359629795019e-01
4.347963053259498722e-02
8.358345021667048513e-01
-1.758275858333070152e-01
1.000000000000000000e+00
4.500234712524437408e-01
2.342670636069263124e-01
-3.866279047473538122e-01
7.980528625118246677e-02
1.000000000000000000e+00
-8.213679338622896786e-01
4.158856483223943856e-02
-6.827069137772040497e-02
3.692984767557399017e-01
-2.511804291137842426e-01
-8.429207327330142663e-01
3.009847567258340240e-01
-7.194655132597085334e-01
4.911901403307275538e-01
-1.000000000000000000e+00
1.459671708963680703e-01
-8.790193693488869142e-01
-4.280914603816082797e-01
-9.010913548646650728e-01
-7.914669099760971438e-01
-6.038793844419632073e-01
4.080879743583578079e-01
6.647507715220654090e-01
1.373958530428645020e-01
8.656674710854764809e-01
-5.886116177201234922e-01
-7.839594375567597861e-01
-1.000000000000000000e+00
5.118332504995728449e-01
8.543204193124230850e-01
5.580702954776783908e-01
-8.912220996557161656e-02
-1.000000000000000000e+00
3.390752336188191940e-01
-8.242389265914203955e-01
3.884638625788542909e-01
