-3.614884534325054632e-01
3.429945243462628746e-01
-2.176474877003898301e-01
6.323589047502170546e-02
-4.497943353387809928e-01
-3.657581699337345560e-01
-3.862809983963390037e-01
-3.947085053913079733e-01
4.471928732078053748e-01
-3.144058383685946478e-01
3.916414721457369130e-01
2.519431710671333757e-01
4.252343475534973161e-01
-2.137136595646947634e-02
5.523395458148165904e-01
-1.312918071938534714e-02
-2.026083543055016423e-01
-9.794177660375636973e-01
1.859149615820977486e-01
2.123097793394750354e-01
-2.074159501689534779e-02
7.507032278397139935e-01
7.159648523727041303e-02
-7.211310925682143380e-02
7.435833390052410952e-01
-6.580734431277385221e-01
-5.985362265493985312e-01
-5.520282180746693967e-01
-2.828727789388503222e-01
-2.178761278885044117e-02
-3.799132429493767837e-01
2.852906187697125395e-02
-1.865338566096277351e-01
5.849362764691058425e-01
1.939589344752426503e-02
9.210485952999832027e-02
-6.768476303319367893e-02
-4.739741068996267126e-01
-6.575955012648591058e-01
-5.134587501448719671e-01
-3.356682915836531333e-01
-1.520841301260630329e-01
-3.685879049974976063e-01
-8.558380305621025030e-01
3.670907385259603029e-03
-2.033050103229439298e-01
-3.127613236571350486e-01
-3.558333356100369382e-01
1.045487326660167471e-01
-4.080385981997841638e-01
1.957005939534406380e-03
-2.252373780530251279e-01
-3.972826125399948616e-01
1.883580717820843853e-01
6.303155221401798292e-01
-2.867222597258192035e-02
-2.549841441255301655e-01
-8.454258423556407775e-01
-5.461122382757957472e-02
-1.581709705932331234e-01
1.000000000000000000e+00
-1.193770384021140551e-01
-5.140777040563582201e-01
-3.701314463032893687e-01
2.775085326857227308e-01
-1.000000000000000000e+00
-2.115376875620871289e-01
4.768440782672905276e-01
7.830571952532622282e-01
2.942862213776992197e-01
3.809120013627977919e-01
-3.543102251032155259e-01
-2.438887161631830558e-01
-4.751351547426699851e-01
3.720814302374456650e-01
-1.095476712319280455e-01
-3.136842864790215790e-01
1.611778276677027777e-01
6.035783977554985968e-01
1.511215110709032694e-01
2.609099827684358552e-01
3.479347606440074125e-01
-9.500208840773394225e-02
-3.575668148675473224e-01
-2.276971750183081900e-01
-3.234526500747271216e-01
4.043510176703374315e-01
-8.163520534663404327e-03
-2.913400354645451218e-01
-8.694587409038891102e-02
7.712079375439894191e-01
-6.089569324892274427e-01
-2.121988761338147178e-01
1.096917440630949536e-01
2.359533308437674337e-01
-2.955956319800253640e-01
6.057282199252095323e-02
6.126477107267137567e-01
2.940983885545412346e-01
-4.974968496041952681e-01
-2.086156745187940920e-01
1.387221167660940280e-01
-9.469254781639731000e-01
7.141715860960035078e-01
3.776232976697430077e-02
-1.000000000000000000e+00
-6.541791285482979890e-02
4.078782875629839433e-01
8.807982383556802741e-01
3.355603338857056084e-01
-3.640409602753124085e-01
-4.952664097043221747e-01
3.800166265810954735e-01
2.592076385490235113e-01
4.127520108318029624e-01
2.060874660618082499e-02
2.200099314572878106e-01
-4.352465457934356907e-03
1.481532113816244611e-01
-1.850103188310346647e-01
-1.425678206584506114e-01
2.909692796333034348e-01
-4.838122499952615674e-02
1.567577242813464333e-01
-1.000000000000000000e+00
-1.000000000000000000e+00
7.387188187453541666e-01
-4.146536128098324836e-01
-5.280932960360251727e-01
-2.011976477768356864e-01
-3.570592687160806800e-01
-3.967810838519745253e-01
7.352088054073818713e-02
-1.151109410598545324e-01
-3.157514609498870972e-02
-4.838122871720068052e-01
3.029291766865553903e-01
-2.204418761467180632e-01
-3.672122894948075533e-01
-3.723220180712754623e-01
-4.591049151986772436e-01
8.265189455956127862e-01
3.609269227239223499e-01
-3.893481986397417938e-01
2.082639645348993152e-01
-1.000000000000000000e+00
1.000000000000000000e+00
3.031157632341546782e-01
2.951767186161565193e-01
1.503684334289028257e-01
-4.005830668341515688e-01
-6.501032355852669475e-01
3.709300258381484361e-01
-5.567267535103954668e-01
6.576464392512344770e-02
-1.063668720061802797e-01
-5.274403976955588380e-02
1.825447408995235221e-01
4.759739213328959551e-01
-4.652009959595062583e-01
-2.431500341864964998e-01
-4.737802163744866402e-01
7.745196487856578216e-01
-5.463177687968436835e-01
5.305757309094203400e-01
-6.637491673879840626e-01
3.634221636634968333e-02
-6.718123782370459818e-01
7.630506679138469861e-02
2.948972590508397995e-01
2.978778603690630522e-01
-3.178093001019518526e-01
5.721837037204295651e-02
3.845723936213307215e-01
6.068456202885478268e-01
2.414402695350225947e-01
-3.210895191749036925e-01
-7.823575648906408997e-01
-3.263875933991566836e-01
-8.134467628079411483e-02
6.400794525426524162e-01
-4.312312204475977628e-01
6.006548478643892741e-01
-1.000000000000000000e+00
-9.055300119600784292e-01
3.965333760463549129e-01
4.649553856471007052e-01
-1.638888308305914143e-01
-3.176311536160628113e-01
1.073296372334315435e-01
-1.419644443331344597e-01
1.160567516785467185e-01
-4.915210632859010054e-01
-9.066301884310740133e-01
-3.721412300415329888e-01
-5.874840335910203049e-01
1.400663319619706582e-01
-6.854603741869338962e-02
-7.805922738164289276e-01
2.382583627257238434e-01
-5.363765518400287480e-01
6.346477959526033441e-01
3.950346027037099361e-01
6.737318632298316956e-02
2.649775535144156535e-01
5.588017955666185754e-01
-5.357018661944944471e-01
-1.000000000000000000e+00
9.603116747493990468e-01
3.147209230678114644e-01
5.283328755181323499e-01
-4.907669050667790023e-02
2.849356747880118501e-01
7.482448561976438040e-01
3.332913500842860088e-01
-6.198948330188813749e-01
3.028882339919675148e-02
5.868591658328810023e-01
3.200340426522129134e-01
-3.237260591723384318e-03
-6.557196155569175455e-02
6.253842816765433632e-01
-8.103607277294054556e-02
1.409109310572781992e-01
-6.405525199445569751e-01
-2.032992458789173451e-02
-4.543543737485338796e-01
-1.856483102437315735e-01
-2.801610789773688603e-01
-4.315102881735153328e-01
3.949591973278413493e-01
-3.987806187649998724e-01
-5.448498513321923392e-02
6.858188461200835917e-01
-7.425103621096076356e-01
-1.000000000000000000e+00
-3.583220271720073957e-01
-1.067783406887125031e-01
-1.847524243385406106e-01
-6.232099996056505997e-01
-4.016700539511534052e-01
-2.755683497089493339e-01
5.004000624268061248e-01
-2.266777767011885492e-01
1.672274246437211453e-01
1.323296135071059254e-01
-1.565398901689659950e-01
7.205135452196385071e-01
-1.264718688114800371e-01
-7.207203788985178106e-03
-4.211463201836218584e-01
-9.387049910534168984e-02
-1.306659817778776933e-03
5.747125480964767608e-01
2.759518040154000929e-01
4.425891904225780493e-01
-1.224290095314824328e-01
2.060939910318278778e-01
5.359783023744526531e-01
4.575608144497232410e-01
-2.832452755440782455e-01
-2.298107695492820068e-01
-3.504961689806946890e-01
5.923633999254901417e-01
1.000000000000000000e+00
