4.076539701732286303e-01
-5.789306686859077011e-01
6.573331569188169965e-01
6.428028616316461274e-01
9.744689174681387955e-01
5.072409305013543257e-01
-8.595956463335340247e-01
-2.758779262426343526e-01
1.678461149197614521e-01
1.585366572574696820e-01
1.000000000000000000e+00
-5.733195921846095250e-02
-9.404503861257621500e-01
4.651641280050471949e-01
7.643319147805619496e-01
1.455269422369784849e-01
9.048897315245680861e-01
-6.862495017332501668e-01
-3.075016420951520169e-01
3.601101608605807303e-01
4.506088526505775405e-01
-4.866125687797474564e-01
4.269423195642566560e-01
1.606396153252247494e-01
1.288910897818742463e-01
-2.473189589010686973e-01
-6.291186424264185728e-01
6.904126336146878540e-01
2.047470036764582335e-01
8.192755930629788130e-01
1.000000000000000000e+00
2.243998360695310945e-01
9.308544501460505050e-01
-1.000000000000000000e+00
3.702501847116393963e-01
-8.968861230084275160e-01
-6.945831180584240983e-01
5.644130494309483881e-01
-8.952241496038193524e-01
-1.000000000000000000e+00
1.931009398534644372e-01
6.505534156983355798e-01
2.407900098589744742e-01
2.586365919841026595e-01
9.011912205458874059e-01
8.683748328582180376e-01
-1.281381962562799792e-02
7.192068659332975233e-01
9.379927146138546945e-01
5.134171673440994788e-01
-4.594322045507329699e-01
-1.221829143650698946e-02
4.363593110228880523e-02
3.329460160467473395e-01
1.000000000000000000e+00
-6.165490537911851865e-01
-8.030305812613522387e-02
8.634586343784054208e-01
4.653048607708649143e-01
9.319710396737677094e-01
4.650370473986459863e-01
2.213235165007790273e-01
4.688622837881905037e-01
6.031590386287587202e-02
-3.256706696635146558e-01
-8.842913908798417932e-02
-5.509279950397032444e-01
-9.909605182313080407e-02
8.946504840743794151e-01
-2.562674667602985457e-01
1.000000000000000000e+00
-1.000000000000000000e+00
-4.019882362486007499e-01
-9.930028267722696977e-01
8.803165758377706762e-01
6.271469469978085964e-01
-4.939269861360905400e-01
7.907522409637099958e-01
1.880629384246196023e-01
-7.978453224854740178e-01
8.826643390044185411e-01
4.799311654658538484e-01
-1.217489387880988511e-01
-7.315960620068194808e-01
-1.394779525403501141e-01
6.074549850712884780e-02
-7.312374592803443374e-01
-4.852304280964329641e-01
-1.000000000000000000e+00
-6.375753627597646744e-01
-1.237248393172477035e-02
-6.787249632282522649e-01
-2.649505015808540920e-01
-7.268033222191581100e-01
8.195070606229548638e-02
-1.319472185598127290e-01
-5.025059669072339252e-01
7.497455699723848399e-01
-4.600857863674855386e-01
-1.000000000000000000e+00
1.000000000000000000e+00
2.982485214604307933e-01
2.836905234147746868e-01
-5.092508588868684960e-01
-8.983276230237206006e-01
-7.629680038171290368e-01
1.209853231102049620e-01
1.000000000000000000e+00
-4.276707798437085623e-02
3.381899041939394612e-01
5.891902055924231885e-01
5.913244242449247068e-01
-5.115433370406478886e-02
2.906063836227608110e-01
-4.643560719006670778e-01
9.428522479918296506e-01
6.540386104708038051e-01
-6.115096299624039888e-01
1.045583858524113396e-01
4.021513957329565514e-01
4.844967867498752856e-01
9.414346701949435348e-01
9.977322253462119761e-01
9.479031236516188841e-02
-9.888328360589003774e-01
-2.009958918874737432e-01
1.000000000000000000e+00
9.145160079074576842e-02
6.014852907826191419e-01
-7.101063792622605009e-01
-9.329549161877906949e-01
3.056177522595109886e-01
1.794074880639751346e-01
-6.989655812892411335e-01
8.839239222852155464e-01
1.279918091330748131e-01
-1.000000000000000000e+00
-7.515536354115961437e-01
9.086869567024261629e-01
1.999058549690508335e-01
-1.370107222607397368e-02
4.294956604103384867e-01
-7.803198752741682398e-01
5.852544813661512135e-01
8.781053022055349544e-01
-2.782578279432544877e-01
6.089676141879422078e-01
-4.288555338532085703e-01
-6.295124539677217357e-02
-2.093081203039237892e-01
-4.950344766140838404e-01
7.296039263532909658e-01
-8.516226558525896717e-01
-5.701414881024030601e-01
9.541087198023645577e-01
1.089148089510014461e-01
-2.129213320191712389e-01
-9.758760531222687717e-01
1.000000000000000000e+00
9.485076053696239740e-01
8.059539166183872227e-01
-8.230411575829212067e-02
1.000000000000000000e+00
-6.448442517053265544e-01
4.305018131121426950e-02
3.578837194354704820e-01
9.122631495780195721e-01
9.896110372140293210e-01
-6.297461385736393691e-01
7.907946218278983919e-01
-1.000000000000000000e+00
2.363156913742988086e-01
1.000000000000000000e+00
-3.658004532972866096e-01
-4.690619717347035422e-01
7.383631869315908647e-01
6.257916324473135061e-01
1.000000000000000000e+00
-3.726595812361215010e-02
3.527939688541544272e-01
3.331764251283794720e-01
-5.336400988751296426e-01
3.259931191459546351e-01
9.503216056126887468e-01
8.433488821249902900e-02
-1.000000000000000000e+00
9.945669424364105282e-01
-7.788697024930266721e-01
-3.073488617807200451e-02
4.727016520076741113e-01
-1.312732784198362632e-02
-6.528281952692467360e-01
8.131977214196891568e-01
3.824013509318420212e-01
-7.644231915516278564e-01
-7.059837022159064501e-01
1.861714106036127525e-02
7.409251867309468720e-01
-1.889364379087998813e-02
-7.040461555362409474e-01
-3.469053569966929484e-01
-3.533866484527163898e-01
-6.680905545096021969e-02
-9.645799973396198546e-01
-9.649041911406116556e-01
-9.088567264334170837e-01
-9.972392066109921904e-01
4.102847833233558839e-01
-7.635426128843033622e-01
-6.607696989014065769e-01
4.522548331951609657e-01
5.775168579406171343e-01
5.455502173288495626e-02
1.927391818840974436e-01
-8.610835207680281878e-01
1.127723508298769106e-01
9.791320758526114165e-01
2.275421523781198940e-01
9.950002423419321840e-01
9.726360535124043416e-01
-8.786492261094358547e-01
1.483180007017462776e-01
7.275687266856781799e-01
2.803884160044899376e-01
-4.789296828453795118e-01
-2.087687216467102314e-01
-1.000000000000000000e+00
9.887613799120453795e-01
3.334676006139958293e-01
-6.818135858544800421e-01
8.308625888051861530e-01
-1.075644803606795596e-01
-8.873960781986747204e-01
-6.710937095010172104e-02
-6.878569522056396379e-02
1.927266111755423506e-01
-2.656302811416095255e-01
7.983466386556027361e-01
4.429749337330290970e-01
7.337908465547769987e-01
-8.764646963934225044e-01
1.000000000000000000e+00
2.249674275977793236e-01
7.132658296869778258e-01
8.091933563333517099e-02
-5.925049769552876988e-01
4.077155696061218193e-01
5.105889791863201799e-01
-8.087948291177613491e-01
-6.107020205342611474e-01
-7.020714204421453219e-01
-1.000000000000000000e+00
-9.329432086358409038e-01
-8.809340227876767404e-01
-1.959060235294561025e-01
-3.790264254296786539e-02
-3.560578025251159850e-02
3.617060348199727104e-01
9.892253000037312116e-01
-4.135967515420211349e-01
8.046957802679005622e-01
1.302503876813776440e-01
3.901809011147061579e-01
9.153671247487591422e-01
-5.540385609283755147e-02
