-8.419574100284307194e-01
7.458743284218669611e-01
3.150153829063842004e-01
-2.487725243372235218e-03
1.452013512460749167e-01
-1.790325980617530899e-01
1.165141942115613394e-02
-6.272222643660305685e-01
8.757295632978205902e-01
-1.000000000000000000e+00
-1.050207605265968125e-01
1.000000000000000000e+00
8.741962031090572127e-02
1.000000000000000000e+00
-4.668657230937498515e-01
1.342365306466125896e-01
-3.703773580362164086e-01
-4.926809984414085575e-01
5.899571470183049282e-01
-9.644867627489167594e-02
1.638137629377873772e-01
4.510899042593025099e-01
-3.880220366497104112e-01
-9.049333176694936143e-02
1.000000000000000000e+00
7.423412370480567124e-02
-2.809950709196030183e-01
-3.197405599506414342e-02
1.000000000000000000e+00
2.174303926201138215e-01
-2.485104785043690256e-01
1.000000000000000000e+00
2.637497508261078538e-01
-6.715288290556674644e-01
1.000000000000000000e+00
1.181434627720651526e-01
-5.696810187927283664e-01
8.210421347495905353e-01
-2.373610318088047455e-01
-1.938876222061120813e-01
3.818707340472147216e-01
8.817946177772990612e-01
3.699893919681737087e-01
6.724975749031352201e-01
-4.466212319342900416e-01
7.809707389606518335e-02
3.122142324593367158e-01
-9.562046215471406985e-01
-4.726327277536308547e-01
1.890448578567459625e-01
2.143332528331638454e-01
3.816496319709731244e-01
-8.274818098633951458e-02
-2.666717549467900739e-01
2.467655977889754437e-01
-1.931907570382297712e-01
-2.510351811561944979e-01
-1.000000000000000000e+00
1.537840853032708122e-01
-1.000000000000000000e+00
-4.252842874789801719e-01
1.671664821008304047e-01
1.838826761418758671e-01
-1.153559672508946005e-01
9.499664257326802252e-02
2.339412413499708521e-02
1.000000000000000000e+00
1.000000000000000000e+00
-4.466358282486213027e-02
2.082871690488067584e-01
1.332639349683313323e-01
-2.937927383639891143e-01
3.489380120926426354e-01
9.571363488269237774e-01
-1.570654015248730828e-01
3.437906836132859079e-02
1.283786923742720743e-01
3.022256566151013679e-01
1.183981821218445529e-01
-1.925447150526526374e-01
2.863109131106866823e-01
2.421065701143744198e-01
1.090492771781443188e-01
-2.700001735568246519e-01
-6.248554353466546640e-01
-5.401481770820310002e-02
-1.675588159989326031e-01
-5.418412978890494447e-01
3.453654271299582690e-01
5.034454081355896893e-01
-3.143024588363150240e-01
2.346149568229028426e-01
1.000000000000000000e+00
-8.230066637076135505e-01
-1.000000000000000000e+00
-1.000000000000000000e+00
3.302776333234876960e-01
-5.097424762695410561e-01
-6.168597152349670765e-01
3.112388018979264093e-01
-6.820086134688607693e-01
1.792113487534192640e-01
2.841762424571070422e-02
-6.014208357349635214e-01
6.452606999087686646e-01
4.641177107837454185e-01
-4.776550270653094343e-01
1.419856965095569745e-01
6.433943342981057745e-01
-2.929581604499909009e-03
8.244387848828415022e-01
-4.812636079446829251e-01
-1.194327299035554957e-01
-5.952528315410698934e-01
-1.000000000000000000e+00
-1.720088985413077143e-01
5.893495347148169916e-02
5.743823263774910926e-01
-5.783583823441498240e-01
2.017559177368607459e-01
-3.726471689976418311e-02
-1.841113567379392413e-01
5.587002807635920165e-01
1.000000000000000000e+00
1.921128245267521989e-02
5.651379625087300518e-01
2.699127257914761824e-01
-1.558448518209634148e-01
1.176324296523762469e-01
2.829840494588699018e-01
1.868117114192230366e-02
-1.524626624604786262e-01
2.692425736461757646e-01
-1.231768633114478928e-01
-4.056149103899799879e-01
-3.650089933755951144e-02
-9.560950451720747756e-01
-7.494344461531914359e-01
5.118149865161640832e-01
-3.796235698726593832e-01
-3.314924230348054723e-01
4.056015073343658961e-01
3.354970386100352697e-01
1.000000000000000000e+00
-1.070910900984171910e-01
4.676155206404242204e-02
-5.164676827459675490e-01
1.727968838929870299e-01
2.719820598433482783e-01
8.044613970663055946e-02
-2.823141635759150725e-02
2.023947553112684927e-01
3.990650695736022158e-01
3.851188727057405781e-01
-5.781215327162277928e-01
-3.241678892021032654e-01
2.734125785148845411e-01
1.969984118292003039e-01
-1.877406911572163106e-01
-8.225615634664090736e-02
6.592572572341133252e-01
-3.005542174946586043e-01
-8.177060678976584285e-01
-2.499704621248423075e-01
2.252219214815965320e-01
2.276469149335262898e-01
-4.198045964032744992e-01
2.260411400878432342e-01
4.258705461179139173e-01
-4.511826989634139529e-01
-4.567589506540239430e-01
-3.434072199375591827e-01
6.730301236128644060e-01
-4.460198644588966865e-01
8.137630491690830414e-01
-7.502838903256137115e-01
-3.033668948360594420e-01
-7.619385329706502841e-01
5.239709670063545932e-01
-4.604970553950987755e-02
8.170286589314097458e-01
5.766313892139898201e-01
2.857821389376950516e-01
-6.654767557738617834e-01
-8.186918322134814630e-02
2.749199894651020992e-01
-5.010725914474694065e-01
-1.665996958814305595e-01
-1.515231089482917959e-01
4.940521325010625020e-01
-8.119773429366858863e-01
-5.004772997344866248e-01
-3.495409742371028416e-01
3.432526343928700152e-01
9.396061153694160173e-02
-2.607242893175730214e-01
-7.252231109137720344e-02
-2.743136863714040752e-01
-4.354243099694068420e-01
8.406190004818300809e-02
-1.331287885573862739e-01
-1.000000000000000000e+00
1.831077597109049271e-01
-5.819362587439691481e-02
-3.992575287796062966e-01
-6.014636482091084702e-02
-4.193540015309396018e-01
-4.106002118866819428e-01
-1.269263410642391121e-01
6.166457200495634172e-03
-2.508714109119317692e-01
-2.049596634299256093e-01
2.246787919738313932e-01
3.389881487969924612e-01
-6.056254909792097019e-01
-1.000000000000000000e+00
-5.076346600864133363e-01
-1.000000000000000000e+00
2.201628005803389632e-01
4.304355267135048790e-02
-5.537057629474215759e-01
1.078161562646529625e-01
1.000000000000000000e+00
8.848728172553688154e-01
5.841137723270619642e-01
-4.890928997933327582e-01
4.122360517096998467e-01
-1.223524198376451377e-01
3.359717429700820324e-01
9.083214287519836283e-02
4.636134056190007180e-01
-5.020606062142092263e-01
1.000000000000000000e+00
7.328071296271971846e-01
5.245435731979360139e-02
-6.002065513399074126e-01
-7.043509681571236136e-01
-6.958482300524979070e-02
1.681172298788113639e-01
-4.132939211429367821e-01
-1.344660663505692355e-02
-2.015685927908740238e-01
-6.563507347125110414e-01
6.136120264539313141e-01
-8.323138517210281195e-01
1.227649211957365927e-01
-7.067122683035548247e-02
2.461607902280039117e-01
-2.049961536774944360e-01
-1.155901449054062280e-01
-1.784359315206294760e-01
-1.570471905484193409e-01
1.525177661405704710e-01
-8.831285770457555917e-02
-2.080623097970478452e-01
-3.032379086344266783e-01
3.638632294500385722e-01
5.707559610934480332e-02
-1.732510557381946037e-01
4.637960579161254371e-01
-1.000000000000000000e+00
-6.950081108134138486e-01
8.819517861441623641e-01
-7.874669786398758031e-01
-1.861810161709747113e-01
