-8.803577720347238733e-01
-6.433285839014445395e-01
9.485564901641773128e-01
-1.452175441690097268e-01
-6.139934097346876340e-01
2.324161780815246769e-01
7.159333177560813777e-01
-1.000000000000000000e+00
-3.569747973535546404e-01
-9.034664526350255631e-01
2.448802804298966240e-01
5.681442216783066934e-01
-7.731255991444790920e-01
-4.770152594532108270e-01
-3.917845571921839132e-01
-5.853871070340177507e-01
4.744728967512009121e-01
-6.201087560060288828e-01
2.279488412473773540e-02
-1.025375024139275615e-01
-4.561720232083147919e-01
4.802520379093639935e-01
3.037843774275158504e-01
-1.000000000000000000e+00
-6.582225883237756425e-02
5.351912773601097406e-01
2.668465940308247797e-01
-3.275780989966728951e-01
-1.000000000000000000e+00
3.656916947241808935e-01
6.676355342960478279e-01
3.733648510606520365e-01
-1.463631240950040713e-01
-1.000000000000000000e+00
-5.550213527508918165e-01
-4.556115134523833765e-01
2.705325586446278852e-01
7.454550983928166508e-01
-1.432155280429853461e-01
8.025265284421795320e-01
-4.550073162934746285e-01
-1.000000000000000000e+00
-8.284690791112759856e-01
3.742214266921820021e-01
3.499512185499702444e-01
4.954061677559998267e-01
-3.297114095047177784e-01
-8.111562732485723126e-01
-1.155058435997894511e-02
2.774053358002748770e-01
-1.000000000000000000e+00
-6.099182338872250614e-02
2.000887438438768984e-01
-3.505840324717616197e-01
2.782478927588416528e-01
4.012937050732021116e-01
-1.000000000000000000e+00
-6.661604856839153932e-02
8.851784003582495453e-02
4.351159759349577105e-01
9.979420941038984472e-01
-6.608703583652789648e-01
-3.945975312076249741e-01
-1.000000000000000000e+00
-3.069750847006239569e-01
6.010472272980610375e-01
7.185342152654148329e-01
1.152284968802974423e-02
3.064627758247222555e-01
5.555430105685047470e-01
8.554655938419692962e-01
2.025836807522189420e-01
-1.678240333327826461e-01
9.985627021213908661e-01
9.988255979505270554e-01
-3.391970439823888683e-01
2.682145991817954100e-01
9.966645193682883708e-01
8.596785472468568834e-01
-5.919200865670100342e-02
-3.312054645541206988e-01
2.615039183249022736e-01
5.423435120655607511e-01
8.164120095389907350e-01
-1.000000000000000000e+00
1.000000000000000000e+00
6.050945900391848653e-01
-5.432813743827747954e-01
5.945469997552785268e-02
-1.464449191369953385e-01
-7.462840273180070261e-01
-1.000000000000000000e+00
2.841732596017132462e-01
3.212471649486752234e-01
5.887961201612190720e-01
6.325442731215182857e-01
7.371287629978546807e-01
-3.917488581720552504e-02
-1.030292520778303411e-01
6.292506657274655746e-01
-9.228961248742685308e-01
-1.132508798864953897e-01
3.312481371992350154e-01
-6.976943508107952274e-01
5.123193244137530522e-01
8.492189083781802594e-01
3.502475119546336058e-01
-3.184365751556251234e-01
9.988379982032610238e-01
2.514571165484243420e-01
-9.342310537622845468e-01
-9.206775093647636687e-01
-2.981633982742420454e-03
7.737903962047844031e-01
-1.050046323202563359e-01
2.488116373644375656e-01
-5.615608094630513136e-01
-4.727451384143473434e-01
7.072413371942619653e-01
5.507125020091143686e-01
1.265500827322217810e-02
6.673619977441724860e-01
-2.324155676187022734e-01
-6.466752500303195594e-01
3.146182780825487746e-01
3.260930724990911411e-01
-7.308839878663531131e-01
-5.451112774546712503e-01
2.343497248935607069e-01
6.237335052366033139e-01
-2.791966597725240584e-01
-2.736395511463490249e-01
-1.000000000000000000e+00
-4.311170694321089791e-01
9.966645193682883708e-01
-3.276722800872617913e-01
-2.456219591250573264e-01
-5.416951365731429435e-01
5.863784537033439603e-01
3.869682441177066390e-01
9.983178447757331542e-01
-9.971411510299059699e-01
-7.152169633175917696e-01
8.552062846960327702e-01
-1.568833473048037719e-01
5.573073518407839488e-01
3.852714553880646209e-01
9.977885991007927613e-01
-1.000000000000000000e+00
7.980140255321286347e-01
-6.897291151325678493e-01
-8.225271198694099617e-01
7.561396169611493967e-01
-6.318273850962847771e-01
3.749664079249765414e-01
2.695696174671373124e-01
-1.075755447979515750e-01
8.478798501724352787e-01
-6.857072183079315764e-01
-1.000000000000000000e+00
-1.311763383285634577e-01
-6.469754145290230740e-01
2.153426236466895738e-01
4.585438995701479059e-01
-2.671786177588345579e-01
-5.363663472575929125e-01
-1.000000000000000000e+00
-6.763742803052047448e-01
9.970382930253098852e-01
1.000000000000000000e+00
6.203892614249713056e-01
7.743953555572279379e-01
-6.732983769729468104e-01
-3.818977462289849800e-01
6.766215681702825169e-01
-5.270013769478276711e-01
-2.634679827030640964e-01
-2.491925247898534312e-01
2.976554917606422102e-01
1.051131780020843065e-01
7.963342342067868396e-01
6.996879237996662670e-01
6.644927090705741168e-01
-7.527507030112760011e-01
1.000000000000000000e+00
-7.419520237114558825e-02
8.975228355425672599e-02
1.267617064393477492e-03
3.924907366311872203e-01
-9.998093653798185709e-01
1.715169536860192967e-01
3.516542546659200963e-01
1.164959838475025794e-01
6.312311285581475584e-01
-2.051199827984185597e-01
-5.923946707386779087e-01
6.383438221427205628e-01
1.000000000000000000e+00
-2.377153432878466310e-01
-7.652105808369795703e-01
-5.629121845429632121e-01
4.984348284556335273e-01
-1.231487891607255108e-01
6.413188074104295699e-01
6.906368785072101169e-01
-4.077722117438986604e-01
8.929457750920843928e-02
1.783262067164429754e-01
1.865772621121871422e-01
1.148649816522488987e-01
-4.215816315122180025e-01
4.552803441034490861e-01
-3.722159937442686140e-01
-2.678914842039640809e-01
8.240903585412100441e-01
-7.811729499987514203e-01
1.032636104501146318e-01
-5.016633829092610464e-01
3.683190607719082910e-01
-6.939065628985096046e-01
-1.187423266553146693e-02
-2.659055681752803268e-01
-5.070523596591568483e-01
-2.627681981902658670e-01
-7.354254931433630293e-01
-7.912927675301854868e-02
-4.646105382715580712e-01
-1.933287431942342649e-01
1.521080651107160620e-01
9.545507776416413126e-01
-4.252436598423902092e-01
6.184732385167949209e-01
-6.707047009908181368e-01
7.091170216175864960e-01
-4.873679483421262670e-01
-2.742001812119424509e-01
-9.985955705382776326e-01
7.468646298455076105e-01
1.040600134617810785e-01
-4.212278299412682836e-01
3.767954212219776777e-01
-3.727893010813120300e-01
7.913635651775092761e-01
9.986315288201815799e-01
-7.863006396801068831e-01
4.023817567021820835e-02
6.656578661698420163e-01
-1.171676923263022599e-02
-9.619311435499600105e-01
-8.384485234135636844e-01
1.000000000000000000e+00
4.833386389042408915e-01
1.000000000000000000e+00
7.645188708164898372e-01
-3.172857651359020648e-01
-5.652918837807046071e-01
-7.469822702648631907e-01
1.226012270054511327e-01
8.219560592717058967e-01
-5.584826250959373795e-01
3.285784012807136389e-01
5.302741591973556545e-01
5.489136893849403398e-01
-7.452384081142264804e-01
-8.652030459260753870e-02
