
1 57.16227 5.402076 18.638253
2 57.732142 17.651238 22.621129
3 57.732142 31.070351 21.670604
4 57.732142 37.346226 19.818106
5 57.732142 44.474409 17.661753
6 57.732142 44.759873 23.381385
7 66.16227 54.262571 13.749473
8 66.16227 56.986802 7.076494
9 66.16227 53.71926 13.216289
10 66.31642 53.957492 14.633724
11 75.16227 53.911032 15.584285
12 75.16227 57.185421 11.081224
13 75.16227 58.407399 9.426072
14 75.16227 56.626366 12.378787
15 75.16227 58.109202 11.836401
16 75.16227 59.274679 10.773108
17 94.023266 62.936096 10.431479
18 94.023266 58.47358 19.636842
19 94.023266 61.777059 14.712114
20 94.023266 64.204064 13.797418
21 94.023266 49.868139 32.715492
22 94.023266 63.02973 18.162196
23 94.023266 58.236199 21.587767
24 94.023266 57.331322 20.728602