
1 57.16227 8.148693 18.986417
2 57.16227 24.492393 22.738127
3 66.16227 39.081828 25.42046
4 66.225448 51.872468 15.507315
5 75.176954 50.351466 19.258236
6 75.176954 56.030073 11.688734
7 75.176954 57.496003 10.203637
8 75.176954 54.267447 15.821158
9 75.213103 55.736818 13.471794
10 75.213103 57.8113 9.773811
11 75.213103 59.01123 9.623143
12 75.213103 59.617057 10.042866
13 75.213103 56.056688 15.242609
14 75.213103 57.523699 13.972138
15 75.213103 54.272078 13.257971
16 75.213103 55.719884 12.667738
17 75.213103 53.062363 15.577439
18 75.752976 49.532269 24.474587
19 75.752976 54.618013 14.58471
20 75.752976 53.747239 15.554699
21 75.752976 57.280653 12.852465
22 75.752976 56.685701 14.988863
23 75.752976 54.337443 16.68302
24 75.752976 53.477016 17.69156