
1 66.200907 3.375499 17.964848
2 66.200907 11.741975 23.89148
3 75.051965 24.781176 29.805767
4 75.051965 42.652479 26.325948
5 75.051965 53.068528 19.367357
6 94.023266 57.621909 18.946915
7 94.023266 59.780632 17.880638
8 94.023266 61.540871 15.8677
9 94.023266 63.07152 11.663403
10 94.023266 59.46723 14.735899
11 94.023266 53.233281 25.66972
12 94.023266 57.992491 17.280572
13 94.023266 58.875364 11.732101
14 94.023266 56.825247 17.599624
15 94.023266 58.971116 18.564102
16 94.023266 61.345378 15.880808
17 94.023266 55.948137 24.048829
18 94.023266 49.345432 25.727738
19 94.023266 57.952793 18.625895
20 94.023266 55.345175 23.427993
21 94.023266 58.321695 21.907334
22 94.023266 59.449589 17.337995
23 94.023266 62.472819 15.960871
24 94.023266 58.613815 18.663642