
1 57.225448 8.111819 17.088238
2 57.225448 18.572111 15.209673
3 75.237949 25.749657 19.2355
4 75.237949 35.565455 21.547443
5 75.237949 47.455504 18.720267
6 75.237949 53.697026 14.125215
7 75.237949 54.929401 14.914663
8 94.023266 54.690737 18.15554
9 94.023266 55.518504 13.398278
10 94.023266 58.206752 13.685151
11 94.023266 61.202544 13.463505
12 94.023266 55.557789 23.538385
13 94.023266 58.251958 19.104873
14 94.023266 56.479406 19.900152
15 94.023266 54.736187 21.760067
16 94.023266 53.816156 19.926476
17 94.023266 58.562242 19.277913
18 94.023266 57.317539 18.118277
19 94.023266 56.824897 17.737132
20 94.023266 58.863172 19.266526
21 94.023266 57.098524 20.79275
22 94.023266 58.675279 21.821311
23 94.023266 52.12484 24.441063
24 94.023266 56.213736 19.036892