
1 57.16227 13.964535 20.900446
2 57.231679 19.292869 22.241184
3 66.194865 27.928352 24.508051
4 66.194865 41.087758 22.491763
5 66.194865 45.85606 20.444257
6 66.194865 54.830114 14.588646
7 66.194865 55.73435 11.144236
8 66.194865 53.383609 13.371201
9 66.194865 45.273092 27.045293
10 66.194865 53.020872 15.916491
11 66.194865 54.542551 13.724706
12 66.194865 53.067428 15.094029
13 66.194865 55.749617 12.394983
14 66.752976 53.974429 15.191533
15 75.054579 57.505078 14.592917
16 75.054579 61.663193 6.011716
17 75.054579 59.237194 12.000394
18 75.054579 59.248784 10.558019
19 75.054579 57.167917 13.67293
20 75.054579 58.101586 14.433059
21 75.054579 56.888738 11.589266
22 75.054579 59.244872 9.412365
23 75.054579 55.401782 17.394773
24 75.054579 45.533246 28.661607