
1 66.601837 17.331102 28.050254
2 66.601837 28.74084 27.442423
3 66.601837 39.722837 25.731737
4 75.701683 48.689481 22.785727
5 75.701683 55.509332 15.373565
6 75.701683 55.838655 16.255688
7 75.701683 56.399928 14.726651
8 75.701683 53.443437 19.013171
9 75.701683 55.21647 18.027983
10 75.701683 53.121922 19.825357
11 86.299556 55.306465 18.746816
12 86.299556 50.392066 30.342627
13 86.299556 52.368648 21.885168
14 86.299556 58.195235 17.095504
15 86.299556 55.203945 19.948505
16 86.299556 58.255776 18.066189
17 86.299556 58.228438 17.500876
18 86.299556 58.443191 15.138528
19 86.299556 54.712862 15.219324
20 86.299556 54.461584 20.501427
21 86.299556 54.005769 22.009527
22 86.299556 57.65942 19.443256
23 86.299556 55.305453 21.308789
24 86.299556 57.776159 22.030183