
1 39.179917 0.080529 10.702857
2 57.231679 9.941958 21.511086
3 57.601837 16.812298 20.979846
4 57.732142 23.398685 18.717546
5 57.732142 30.322539 18.684913
6 57.732142 39.790755 23.677142
7 57.732142 51.448901 12.671913
8 57.732142 51.724497 12.559983
9 57.732142 46.099481 20.312892
10 66.732142 53.799312 12.845694
11 66.732142 55.332357 11.23803
12 66.732142 55.88741 10.596174
13 75.601837 57.659533 9.792363
14 85.267755 55.388699 17.025094
15 85.267755 57.152133 15.269687
16 85.267755 59.879965 13.861193
17 85.267755 62.83433 9.137258
18 85.267755 58.587201 9.895958
19 85.267755 60.394181 10.605895
20 85.267755 59.261946 16.205277
21 85.267755 47.961511 28.684105
22 85.267755 56.587857 19.395106
23 85.267755 55.020118 21.705898
24 85.267755 58.031938 16.691466