
1 66.094638 4.976078 20.255325
2 66.094638 13.65975 21.867187
3 66.174 25.899531 25.37272
4 66.296218 35.204186 23.371723
5 66.296218 39.753768 22.302276
6 66.296218 42.422118 20.920674
7 66.296218 46.500601 20.745638
8 66.296218 47.710597 19.924798
9 66.296218 51.901829 15.73952
10 66.296218 52.511192 15.358871
11 66.296218 57.605466 5.844239
12 66.296218 56.105028 9.667652
13 66.296218 54.83036 12.578056
14 66.296218 55.102169 11.905064
15 75.059829 53.961934 13.299887
16 75.059829 53.953151 16.801467
17 75.059829 58.68281 7.636617
18 75.059829 56.551861 14.419413
19 75.059829 58.941467 9.363121
20 75.059829 57.145341 11.044999
21 75.059829 58.332307 8.25542
22 75.059829 60.178338 8.096269
23 75.091917 60.955123 9.207422
24 94.023266 58.955721 14.450134