
1 57.16227 2.811589 16.861503
2 57.732142 13.269042 25.73756
3 57.732142 22.547701 26.29922
4 57.732142 31.461187 22.760391
5 57.732142 40.651977 20.58264
6 57.732142 49.817101 15.154353
7 57.732142 53.338675 11.787677
8 57.732142 54.331034 11.355557
9 57.732142 54.063392 11.404238
10 57.732142 55.904089 6.559056
11 57.732142 55.887224 6.530787
12 57.732142 55.5804 9.610863
13 57.732142 55.628486 9.637411
14 66.219256 57.950389 2.225636
15 66.219256 43.86182 26.787499
16 66.31642 57.085812 10.430299
17 66.31642 54.428837 15.523232
18 66.31642 54.716276 14.714923
19 66.601837 52.316929 18.043721
20 66.601837 55.864224 12.21199
21 66.601837 53.425989 17.007069
22 66.601837 52.501519 16.237647
23 66.601837 51.32591 17.435621
24 66.601837 51.639311 16.532609