
1 30.752976 5.455167 11.283719
2 66.225448 20.12853 18.3665
3 66.225448 27.841816 19.821892
4 66.225448 35.063613 22.561974
5 66.225448 33.791545 20.65485
6 66.289573 43.588265 21.305204
7 66.289573 43.892612 21.478575
8 66.289573 50.47515 17.747927
9 66.289573 50.14266 18.492958
10 66.289573 50.751719 17.609862
11 66.289573 50.203184 17.138383
12 66.289573 50.481124 16.842265
13 66.289573 50.197158 16.809704
14 66.289573 53.154351 14.920602
15 75.752976 47.744504 24.431939
16 75.752976 55.314392 14.540101
17 75.752976 53.763435 17.434292
18 75.752976 57.03343 13.420993
19 75.752976 53.465855 16.827822
20 75.752976 51.69499 19.455558
21 75.752976 57.938272 11.328426
22 75.752976 54.404536 18.312821
23 75.752976 54.941687 15.201025
24 75.752976 55.158287 13.450389