-1.318167927001242246e-01
-5.256176247289864323e-01
-3.228663096815590494e-01
3.976802896303530122e-02
2.402585178984033565e-01
1.000000000000000000e+00
4.279865777388048298e-01
7.727936730054608683e-01
2.125784715156374127e-01
7.612994458217283711e-01
-3.234946898670330029e-01
2.306190177947982714e-02
-3.166763740620573975e-01
8.410561500820781800e-02
-5.268871143374317390e-01
-6.908439935508351448e-01
1.979293986076538781e-01
-1.000000000000000000e+00
-1.660694932746681340e-01
6.465116994156104580e-03
-3.348645278584108653e-01
1.197514961419058194e-01
-1.000000000000000000e+00
1.639073894631456474e-01
3.746128293977420975e-01
1.886837176953977124e-01
4.629811169558192274e-01
4.871906127243083584e-01
-8.381137316786935187e-02
-4.368316404406992204e-01
6.251036435666472435e-02
-9.799034506896171504e-01
-2.019420013897417487e-01
-1.000000000000000000e+00
-7.234053314263235723e-01
3.664135865171055384e-01
3.325692332186058753e-01
1.000000000000000000e+00
1.000000000000000000e+00
-6.490897555660550822e-01
-1.622406283260274529e-01
9.052243183107477886e-02
-1.000000000000000000e+00
-3.936979060519832374e-01
1.305408037028968904e-01
3.067698698067743424e-01
-2.165658826722243260e-02
-1.000000000000000000e+00
9.450773581372062804e-01
1.000000000000000000e+00
5.265273467416291542e-01
-2.996604858735025800e-01
-1.000000000000000000e+00
-9.204826032003921021e-02
3.098461056157024718e-01
2.711222053106582819e-01
-2.012241941185125699e-02
-8.078790515291608409e-01
9.927709441811722879e-01
-1.000000000000000000e+00
2.843330324478098858e-01
2.428022468864848848e-01
2.695882412348166723e-01
-4.484009144925416024e-02
-9.446842701513572527e-01
5.637413674184470480e-01
-7.916953946251367724e-02
2.364660309315062547e-01
2.617563724241771528e-01
2.129242770454143618e-01
-2.906037319765103141e-02
4.149247609879692655e-01
-9.632980611984049979e-01
1.625451681763741552e-01
-2.746131145943966900e-02
-4.129327297467481617e-01
1.695430896517888808e-01
9.913173466397378064e-01
1.000000000000000000e+00
-7.651667421845960160e-01
-7.989908523280850328e-02
2.020337076662749309e-01
6.072926452198650071e-02
1.000000000000000000e+00
-6.015041889892851490e-01
7.380922935227840487e-02
2.470988569012794733e-01
-1.552769129270174242e-01
5.083724952322368207e-01
6.577650674023202138e-01
-4.379205921301583537e-02
2.531246707890091319e-01
-1.701424340937202351e-01
3.713887370943843580e-01
-8.798693796446078741e-01
1.138214260467936001e-01
4.469396783686750974e-01
2.230734392628543339e-01
7.817767195085973952e-01
6.836774432564073356e-01
2.200653584894520787e-01
3.314726421238597953e-01
-2.209480461211182356e-01
2.950158802853302120e-01
1.000000000000000000e+00
3.668265755395426764e-01
2.516078600080636773e-01
-5.177670767531415003e-02
-7.038362755602128873e-03
-4.638079897757568237e-01
-1.605800171876213267e-01
9.997966618246568737e-01
1.502402312972563603e-01
-4.124460012179939072e-01
1.000000000000000000e+00
2.630533387472746565e-01
-9.097855140448432021e-01
8.215948833033535070e-01
-3.893444137991302623e-01
-9.752002843672410992e-02
-3.468070265357356963e-01
-1.694450185479366155e-01
-3.104819016225892070e-01
5.406649867915115371e-01
2.706434667238650713e-02
-1.184311176538844490e-01
1.232342086199305214e-01
-4.179892329852372135e-01
6.140929407499284842e-01
-1.000000000000000000e+00
7.561748467810716079e-01
4.094857936784461194e-01
5.197884363684893705e-01
-9.696242482477590574e-01
-2.890908966443972994e-01
5.393961794000916576e-01
1.000000000000000000e+00
9.620777203303934044e-01
-2.087528930541782402e-01
1.000000000000000000e+00
-6.259678909496870780e-01
-1.982731395996359391e-01
2.850850226565035950e-01
1.577274413002705267e-01
-9.178939294070659338e-01
4.621314853154988023e-01
2.335455182784024197e-01
2.613559283034920799e-01
4.551439058201409843e-03
1.734614758923403721e-01
-2.307260352559712957e-01
7.859034333224710345e-01
-1.570014669686436992e-01
2.239603095204624195e-01
-1.009516767789670616e-01
2.929436839967975437e-01
-1.045378100938561261e-01
9.462828465606197836e-01
-4.481200639968018207e-01
-1.959779989515907928e-01
-9.721134691585781029e-01
8.160245810968449476e-01
-5.147582429687010963e-01
-1.070594699344608880e-01
-1.738736144944046935e-01
-6.703387400354453574e-01
-3.951768150579473837e-01
-6.137253388683824307e-01
3.812535779244108913e-01
5.420812469400503320e-01
-5.615550677910789990e-01
-1.693688320523639157e-01
9.440712023370133599e-01
-2.292692824281756386e-02
-8.696618933109618865e-01
6.274958767204499854e-02
-4.910159594408137762e-01
2.665028895774575468e-01
-2.489542569056989174e-01
5.340405146191455621e-02
-8.855398074212328385e-01
8.889856683877207510e-01
-3.114993511053274489e-01
9.267207862931330364e-01
-5.496890863074116451e-02
1.054972662919611975e-01
4.191762097999921638e-02
1.478004619172578471e-01
3.706459819418921331e-01
-1.000000000000000000e+00
-4.947184656926670865e-01
2.017589054342821542e-01
1.718451668290295054e-01
-2.753173053315858265e-01
5.212331491283923590e-01
-2.792970855805731456e-01
-8.231504081538978390e-01
-1.442175630751336424e-01
4.103819778992353617e-01
-7.981423501582876612e-02
9.854567646502186973e-01
1.107615925215646446e-02
-4.354745384012855686e-02
9.621262316522196656e-01
5.213166255103016677e-01
5.463475650358368130e-01
2.034484277919454756e-02
-1.444435943892816709e-01
-2.725328567246711464e-01
-6.151322353584173785e-02
-1.297923065936918696e-01
-2.847397171272956218e-01
1.000000000000000000e+00
6.072459977802294184e-02
1.000000000000000000e+00
-1.422704163651413445e-01
2.387643198012009693e-01
-2.317200512401456844e-02
-1.000000000000000000e+00
-5.426773875473833719e-01
-3.995611708372595050e-01
3.633523273572323853e-01
-3.901297973665449059e-01
2.250945486407181229e-01
1.000000000000000000e+00
-1.123894932066738656e-02
-4.344083957780549010e-01
-6.131781218340094375e-01
2.926737827578393958e-01
-9.777573394362837345e-01
-2.830660052092084933e-01
5.417387007665923626e-01
-6.787324780633796628e-02
-2.078260756018682209e-01
1.888070465898871175e-01
-3.140524170770633283e-01
-1.371623908749166343e-01
2.157812074958604109e-01
-1.166278915988178677e-01
1.000000000000000000e+00
3.277456908599127305e-01
-6.700399841771764731e-01
5.386206727272931927e-01
6.328491988473602392e-01
7.063947690751943842e-01
1.000000000000000000e+00
-4.030680621354144066e-01
8.149575793849739291e-01
-3.578807950609746991e-01
-1.262782360862811093e-01
-5.888886984164674043e-01
-3.065371862284735349e-01
3.216015868314068826e-01
7.412264605229107461e-01
1.699567507368406893e-01
-1.000000000000000000e+00
-3.980011287324527469e-01
1.000000000000000000e+00
2.296749050261086833e-01
6.369619963526360618e-01
-3.076599044584161224e-01
2.138016154664024726e-01
1.922653681017273408e-01
9.194608321184302158e-01
2.272306836455413592e-01
