3.131281283219611300e-01
-2.515473958706825885e-01
-8.410658769285629388e-01
-8.212197674511020340e-01
5.727046171385734574e-01
9.880167389270086975e-01
-4.643273882450471568e-01
-2.982376242356933327e-01
-9.639712433256799606e-01
-1.103799813245240624e-01
-6.190580428328584794e-01
4.937008252553237164e-01
-7.551731238320469330e-01
-9.480358828560985218e-01
5.693244480716931344e-01
-7.011066986696409264e-01
4.476437182779272050e-01
-9.853362103024598806e-01
7.282184224771977021e-01
-1.000000000000000000e+00
-3.360185052003439310e-02
-1.000000000000000000e+00
4.819973659246532538e-01
-3.607564829176365118e-01
4.972347147792193223e-01
-5.996612285047897561e-02
-8.209855529427446674e-01
1.942791105063489399e-01
1.000000000000000000e+00
3.028196595341179354e-01
-3.346846286466265835e-02
-1.765604097991255172e-02
-1.554685979250851058e-01
1.000000000000000000e+00
-9.793989900780143421e-01
3.206959974060989427e-01
3.194564048989165794e-01
-4.337722506512916576e-01
2.798840045357187667e-01
1.332266857783531433e-01
5.164701224893306630e-01
-2.559452170476435029e-01
-5.507290102868629411e-01
3.784039908006584518e-01
8.948699281058815069e-01
-4.254084971399099135e-01
-8.575416629785839184e-01
-2.790595959553233696e-01
4.323430489565294188e-01
2.126237880165086080e-01
4.725521222490867701e-01
-9.844046547989457885e-01
-1.163369467978773303e-01
7.364444559320874051e-01
3.794689445359986646e-01
-1.689542014107892343e-01
-7.327588929446255950e-01
-3.515829127322550596e-01
-9.942217624146666433e-01
2.669170114744983668e-01
-1.128547746288068310e-01
-8.229838291158863006e-01
3.158801840359157231e-01
2.344923851777568347e-01
2.628701639237769894e-01
1.000000000000000000e+00
-6.597076487946029744e-02
-3.705044313475007733e-01
-7.588458909724087320e-01
7.889888147533595797e-01
7.549128291358310205e-01
-4.750335585359414248e-01
5.556866411029257602e-01
5.861773461356334369e-02
-9.918816993060681764e-01
8.599758090019072876e-01
-5.539370727487520352e-01
1.066255512040940739e-01
1.110025370109498644e-01
-2.718706813529840893e-01
1.623487388620541427e-01
-1.411870639531767335e-01
2.922545011040204033e-01
-4.012982052536230304e-01
-3.638758794062063595e-01
1.000000000000000000e+00
8.011946976306970336e-02
-9.878260682142435689e-01
-1.338651207910849239e-01
1.000000000000000000e+00
1.512277564324576995e-01
1.000000000000000000e+00
7.956414338712965995e-01
1.884714326283688235e-01
9.941269272521778833e-01
9.587739253083319424e-01
-8.752645574179361843e-01
3.882700262983019429e-02
6.705921074710781138e-01
3.356067343399871672e-01
6.582909087221078259e-02
-9.802052316610789795e-01
-6.878788026926502264e-02
-8.800246068384963705e-01
-2.073560049648289771e-01
-4.398429934515660777e-01
-7.028473028714772586e-02
-3.496445888270730551e-01
-1.903082602839183124e-01
-1.622846847564305139e-01
9.771017507722232764e-01
1.000000000000000000e+00
-4.711142601417442899e-01
5.725002370999839885e-01
-3.776537325033029746e-01
1.267106063386933268e-01
2.431337005223389025e-01
3.127100971212658509e-01
-6.788461105865248868e-01
4.788327839914500172e-01
1.351648293542860590e-01
1.246778045833523973e-01
-8.982430873426011653e-01
-1.980819092558545602e-01
7.456795894975717376e-01
-2.566281182047183140e-01
9.943314816907442566e-01
-1.000000000000000000e+00
-3.573165087799468065e-01
7.660759626912455600e-01
-8.181647048555221735e-01
-8.838744787081178611e-01
-7.695437678703422879e-01
-1.000000000000000000e+00
4.704669378479238162e-01
-9.877533393525768091e-01
-9.938659633251420988e-01
-8.911402810827480370e-02
3.284073158467478715e-01
-1.000000000000000000e+00
5.585113447061313963e-01
-7.230901877811776735e-02
1.970109470965839826e-01
6.073267644812553323e-01
5.966805330048223777e-01
-2.086122192294230238e-01
-4.511736067097667224e-02
6.466142169842097331e-01
5.903434803477413118e-01
2.060302179958954927e-01
-4.895240467456018485e-01
9.929885332738235260e-01
1.000000000000000000e+00
9.976504922447850809e-01
-7.274358390168240984e-02
-5.818727403899448536e-02
2.437406268547197274e-02
8.754401036183548923e-01
-3.519361592784486792e-01
-9.905912603714387421e-01
-5.336946610383652700e-01
-4.980805866297950413e-01
-9.663322345820386516e-01
9.845298504866873968e-01
9.898450346357570151e-01
-1.689441374764854426e-02
9.959580727003342071e-01
-9.637132274650095365e-01
-9.729692678317494181e-01
-1.958189044711459437e-01
-2.637176978157069751e-01
-7.109018860187619193e-01
-4.971299137233596288e-01
-3.061968062570889493e-01
-1.000000000000000000e+00
-3.230167126111156972e-01
1.105363211221982445e-01
2.089990049949489448e-01
-2.415626046642453673e-01
-5.362595713686854060e-01
8.086236803176088256e-03
5.956481509319732082e-01
-7.758746576896016767e-02
3.560919100739177168e-01
-9.905588074749862582e-01
-6.922769462532061269e-01
1.000000000000000000e+00
-2.815462403699822702e-01
-2.514111927828406312e-01
-1.839648255834009927e-01
-6.433392649247512973e-02
-1.115090104459298820e-01
-1.190886598915932293e-01
-4.884422709020406761e-01
-4.120382009155221237e-01
9.900232649940414742e-01
-9.693819675908357247e-01
-4.289217965435196400e-02
2.125188857473937765e-01
-2.457446112940388228e-02
9.755273883304609317e-01
1.810834131715268192e-01
5.525230745669811316e-01
-7.780593785712901500e-01
-4.190050165327650622e-01
8.043374000648741140e-02
-1.130015164615236212e-03
-3.315428474646364698e-01
-1.000000000000000000e+00
-1.885486225731009824e-01
-5.935129963372450801e-01
-1.911770306716847612e-01
9.846371463880300157e-01
-2.536618664048822525e-01
4.841266898985482903e-01
4.135687710601688716e-01
-1.000000000000000000e+00
8.560029021549305783e-01
6.899932194328032287e-01
-9.848045745527850281e-01
5.776370146187912447e-01
-4.616543981736621616e-01
5.493152164247709912e-01
4.293277151676178072e-01
3.537569269005076400e-01
-9.867098239264893156e-01
-5.170565611324268174e-01
-2.768721269926010531e-01
7.088416737399629852e-01
1.118219262610708475e-01
-4.901689392480539920e-01
-2.711936522647814263e-01
9.136951929598913225e-01
-5.694137164666752682e-01
-5.157439717393738077e-01
-2.906830465364165783e-01
-4.274559514569000185e-01
-4.165827849200846172e-02
-3.153881877407070378e-01
8.777815662423384957e-01
-6.692044984091201076e-01
1.184039100065456540e-01
7.217324702470325759e-01
1.000000000000000000e+00
-9.457746433668401398e-02
-7.154505927318043357e-01
2.500569496978197193e-01
-5.503576720906958736e-02
8.662036447099320524e-01
9.898235924223096616e-01
9.905068848269699133e-01
4.443787787213286933e-01
9.645093204289626465e-01
-3.066851168052242907e-02
-7.382058865139449200e-01
3.993735870818923006e-01
4.842334368076627871e-01
6.163778407231027545e-01
-1.145014211826242551e-01
9.558997374968323246e-01
4.418508662563681855e-02
-6.702210024733058769e-02
-3.343228315478271456e-02
8.452449678932177912e-01
7.891176617476308719e-02
