1.000000000000000000e+00
-7.470817342420427165e-02
7.346231301443171269e-01
-4.762296455282530316e-01
1.479733525216482271e-01
-1.093417198978720861e-01
-3.990910191890695291e-01
-7.252873126117255487e-02
2.962992370118822660e-01
4.798997734675305993e-02
1.000000000000000000e+00
1.000000000000000000e+00
-4.307216376619895509e-02
2.457031204107847366e-01
1.000000000000000000e+00
-1.434352335266566580e-01
-3.455340718971109948e-01
-3.686123925061600692e-01
-2.561767080112449246e-01
2.674998315133096938e-01
-4.364122715772238981e-01
-5.325510620063591410e-02
-3.652216606990180137e-01
4.259708407634435479e-02
5.167086393550068824e-01
-2.196997844581438653e-02
-4.089603799555235342e-01
9.893616283157661284e-01
-4.236641832733762936e-01
3.838605393584489101e-02
7.063538317445841597e-02
3.420910758618246339e-01
1.196662188327516363e-01
-1.000000000000000000e+00
-1.427566360374217247e-01
-1.715480278302897732e-01
-6.907519209879852129e-01
-1.388250916330245888e-01
4.472152990927591443e-01
-3.017488932679765479e-02
-4.311520295830695848e-01
7.788634380602813545e-01
-3.146539536916166946e-01
-5.736500323669458945e-01
-9.169521328813676209e-02
-7.006714277548619085e-01
2.012143515041988073e-01
-6.189689609602019305e-01
-6.708070533349788644e-02
1.427340303145724909e-01
1.136385401513256982e-01
7.448106655632967532e-02
1.131352916472030679e-01
-3.132783630279810660e-01
7.344359160033235856e-01
-1.000000000000000000e+00
-3.860204018518043068e-01
1.379398400717832263e-02
-1.074694236922904278e-01
6.352489921623932778e-02
-1.348791872246168089e-01
1.315409041156665459e-01
2.112822686524782334e-01
-3.622908995270942567e-01
-5.101913134511013581e-01
-1.593959614381482148e-01
-5.469419082366882012e-01
-8.904289280561772379e-01
-9.046366634539616536e-01
1.542220588643791745e-02
3.524580667083869745e-01
-2.047962560698849549e-02
-1.505285342730600107e-01
2.899557778543573328e-01
6.184090848733730938e-01
-5.390697233485483020e-01
-3.123500349223685135e-01
-9.621103682218848374e-02
-7.196594116257089002e-01
1.343248010135141002e-01
-4.385774085266974653e-01
3.344111695185779665e-01
-2.122609758823629789e-01
-2.058512324277889938e-01
-2.315908078719125796e-01
-4.467786150061404671e-01
-4.127834722769959663e-01
-6.401504962227013706e-01
1.928079765336707663e-01
4.665550815723557565e-01
-6.119974323642681791e-01
-6.766837046029330338e-01
3.045098434566111401e-01
5.825938233904963681e-01
7.202522760501872678e-01
1.398192404082480578e-01
2.720901195485028179e-01
-7.778395587751539830e-01
-5.331975361819218939e-01
-3.891514026918146962e-01
2.893832212305340601e-01
-1.001476092960926767e-01
-1.000000000000000000e+00
1.000000000000000000e+00
-9.947419790107542292e-02
-4.762897782060419860e-02
-2.544759378680456763e-01
5.514515284431247277e-01
5.982751181035425025e-01
-2.905104980099406098e-01
3.071832645710597665e-01
4.250736604098886984e-01
3.310628276990892904e-01
1.938058484413437144e-01
-3.136905409884687690e-01
1.000000000000000000e+00
8.260627598918024450e-01
5.175644128417635770e-01
1.000000000000000000e+00
-5.496589452485018956e-01
-3.593370449566576363e-01
-1.712628057643179047e-01
-1.825772637355816963e-01
-1.654846791040308629e-01
4.270871506373650761e-01
7.561813311774304713e-01
7.580931553217878927e-02
-3.172320984795289345e-01
1.177886498843688234e-01
4.269153723925322996e-02
-2.411137679953781476e-01
-3.382580824288500265e-02
3.722893724022610651e-02
-3.985419345238832012e-01
2.766577016956627832e-01
-4.338220329514284046e-01
8.246387928059641936e-01
7.846890489382165601e-01
8.389430996551661135e-01
-6.743984244456053823e-01
7.266439423508014306e-01
1.170091630670810900e-01
-3.024288101370573578e-01
7.837246463713963551e-02
1.000000000000000000e+00
1.456350765808506753e-01
3.354874830393896057e-02
6.922068145524822302e-01
-2.386404328115098589e-02
-3.831686514451824177e-01
-1.968349880592457080e-01
-4.396854969743021480e-01
3.458207327486427785e-01
-3.229065058412472489e-03
-6.471293005653946384e-01
7.878079559839892276e-01
-4.293489140177511598e-01
1.962489677875149663e-01
-7.908082023582052589e-02
-6.469701136873841074e-01
1.608397177323044880e-01
2.454742960310900279e-01
-3.605981604532253471e-01
1.968470155897968643e-01
-6.425570355088608965e-01
4.853106036898261477e-01
3.716195681355015656e-01
7.138962366013430066e-03
-5.347400764445489063e-01
3.557706098788364635e-01
1.010233704342430872e-01
4.469555531924781500e-01
7.698168690055507968e-01
6.762978473069630736e-01
3.898855707668096027e-02
2.939620630641669452e-01
3.268400788808409341e-02
3.491727849187051813e-01
1.000000000000000000e+00
-7.006670728292285766e-01
8.007223366693116962e-02
-7.130252686376306048e-01
8.764521787413992460e-03
4.399787789076150535e-01
-1.000000000000000000e+00
-6.675740340261404615e-01
-7.166765598258262315e-02
-4.326496494655213132e-01
4.331936008749379674e-01
-1.840437437051082314e-01
1.440205059366908014e-01
-5.796154302075080533e-01
9.231548305483183725e-02
-1.000000000000000000e+00
-7.492683358604691479e-01
7.094829969244658141e-01
-2.802935601456534309e-01
-3.118826056096133392e-01
2.240451962214843051e-01
-2.433621423833122188e-01
-3.751118987222798636e-03
-4.350851128087013242e-01
4.200995400481116748e-02
-3.425473647801037802e-01
3.249174358811969254e-01
-2.864041039517694065e-01
9.442544376693192687e-01
7.858201568334876042e-01
-1.000000000000000000e+00
1.510322861950299522e-01
-8.652516308873308137e-01
-3.970588909700949465e-01
6.073958942496850977e-01
7.175350414874216431e-01
1.051979821699861734e-01
-5.562650573335884419e-01
-4.247231280381023044e-01
5.753450285743563208e-01
-1.527089573988196780e-02
8.991683271960683177e-01
-4.669295313767294342e-01
-8.292476256248904054e-02
-4.703246822868741850e-01
-3.393817510566531359e-01
3.480956293275551672e-01
-4.286416799742608918e-01
-2.065445232866058023e-01
4.576888531313640929e-01
4.758513792104221429e-02
-3.638050187215526726e-02
-3.147567223040265150e-01
-7.404234281331668888e-03
4.665065626128497289e-01
1.000000000000000000e+00
-2.188520672246217214e-01
-4.693634600165100812e-01
-4.518578702274682335e-02
2.716384368016773743e-01
1.000000000000000000e+00
9.321305458560526225e-02
-1.575527015691733923e-01
1.579106311408982333e-01
-5.630966467917788432e-01
-2.355404799857798159e-01
1.765359679927062109e-01
-3.146651712830973446e-01
-3.382863681059364858e-01
4.723624207315500756e-02
-1.130584736336916057e-01
-6.783035534633831132e-01
-4.490425360608102379e-02
-2.405022334232275460e-01
-4.173013363008509780e-01
3.090557172032439293e-01
2.012288956484708791e-01
-5.510607258440628625e-02
-6.537654219990307602e-01
-8.609355747177753759e-01
1.000000000000000000e+00
-3.563304873975012832e-01
-2.054535470416881393e-01
5.501011311378132262e-01
-1.000000000000000000e+00
5.259944769304127909e-01
-3.689921454470074802e-01
