-1.153848977498486694e-02
-5.306734391339709700e-02
1.329240563887313376e-01
-6.053371120996127175e-01
5.464413942897949905e-02
3.637372147226667352e-01
-3.341308941523352116e-01
-6.516158358395530703e-01
-7.473052343167124745e-02
-1.105778275481088535e-01
1.927803423313405873e-01
-6.628895419355139706e-01
-3.701006242870568119e-01
7.013659139545569410e-01
-3.256367778827346654e-02
-4.893723559168013382e-01
-2.028994891120254884e-01
-4.230425972223823550e-01
8.870548005834745509e-02
6.529187801198290675e-01
4.958151535966712209e-02
2.512958940011967290e-01
-2.213964547555860030e-01
-1.156645149172119691e-02
-8.023624415089404271e-01
4.112728736295624965e-01
-9.223923672215089686e-02
-1.000000000000000000e+00
-1.000000000000000000e+00
-2.427846375335307449e-02
3.073644149909355860e-01
-4.266984635696253747e-01
-6.479709059642567714e-01
-2.010686307166231757e-01
6.190925982092315705e-02
3.146535841306497550e-01
-3.220834114881765409e-01
3.167276100572555819e-01
-4.549852405908657027e-01
-4.423867171812400079e-01
-3.676098742581023621e-02
-4.968939297001725430e-01
-3.023248106791823764e-01
-9.092100038741028900e-01
-6.970725920697304900e-01
-3.945884535416337158e-02
-4.270831178506168113e-01
2.869145116605425483e-01
3.647915764712053033e-01
-5.038100475061678685e-01
-3.395917614939993889e-01
-6.189059146193546246e-01
-1.510608119361055712e-01
3.427045803500453069e-02
1.348834069474476038e-01
1.253384825283475890e-01
-1.758003393294288452e-01
4.739435666290552907e-01
6.624502428838466850e-01
-2.214848364455343499e-01
4.407483474554957370e-02
-1.000000000000000000e+00
2.050797966625866331e-01
5.924223866380202708e-01
-2.952925550743554228e-01
-4.148241095526922217e-02
4.801397989065432359e-01
8.375902724431424917e-02
1.041162231983925324e-01
-3.396584723692591679e-02
3.406133298927263020e-01
-3.926668319043200572e-01
4.383435760565249084e-01
2.635830406594971698e-01
8.824967590787466953e-01
-5.849705810701300024e-01
-4.182711083133443947e-02
-9.689912949501253148e-02
-4.893569252150471449e-01
-6.793507575537424681e-02
2.559738523169370894e-01
-6.516864937261961088e-02
9.144120598645032183e-02
4.501828443623265286e-01
3.265064517749148854e-01
4.559596282807479861e-01
-4.072155292387334979e-01
1.597492998662503605e-01
-3.449585842341675868e-01
1.780660981820132160e-01
-4.180273086965512475e-01
8.148002042313390314e-03
-5.307955394698983254e-01
4.756406945833356326e-01
9.458738502496933931e-01
-2.915380921317847762e-01
-2.875820247064823643e-01
-5.838599140012762367e-01
1.166821062138203163e-01
8.368582789825342039e-02
-7.332017640650591028e-01
-1.480120784406593337e-01
-1.122274913236837035e-02
-1.754511770964303219e-01
5.833638068708716373e-01
-4.255266040362632451e-01
1.371775008852116340e-01
2.131047913363658119e-01
8.920415801855406945e-01
2.656886029490830581e-02
2.682037238962291514e-01
2.290611401014831516e-01
4.138446878444357324e-01
-5.968965527399515691e-01
2.452736260442351657e-01
4.753362779815623052e-01
9.179661520656208218e-01
4.544367756697260674e-01
1.300857428265724813e-01
6.125359420480389061e-02
-2.730983953265411768e-01
-3.742088693584665893e-01
-8.423608667047206566e-01
-1.432448201087998529e-01
-1.238114790560616019e-01
-2.796243485419906971e-01
3.433851375256303795e-01
-5.317098166046804048e-02
-3.684954731926401994e-01
-3.833461721656949428e-01
-1.605443808172508646e-01
8.045649454089148778e-02
-2.642774306040357457e-01
-7.353240477497207106e-01
-4.853745645997550873e-02
-2.578608634231285279e-01
-2.452005935333084058e-02
8.227584285378397588e-02
-1.004620316390697488e-02
-6.898613693476277620e-01
-1.414636215415350229e-01
5.478570388662437063e-01
4.453791910846931212e-02
7.634122248626631912e-02
1.000000000000000000e+00
2.665569225216625759e-01
3.688621764618795762e-01
-4.175854149882538002e-01
2.741821079654234716e-01
9.567897000770662908e-02
2.694685308359264231e-01
4.620560519152123735e-01
-2.885853926897475885e-01
7.976620796810097724e-01
-5.516357735743577795e-01
6.856522232036403874e-01
-4.886866201531323006e-03
5.638080327633405719e-01
-2.189925753014392851e-01
-3.721807083424897300e-01
2.310425896719504602e-01
3.022328846481310560e-02
-1.642281112952816979e-01
2.250485578100693829e-01
-2.135466743185781002e-01
5.366258114094401011e-01
-7.066988004035580639e-02
2.614817475589988338e-01
1.884043235802224103e-01
9.666202923417974713e-01
1.740765962106689269e-01
-5.876389825421420854e-01
-2.950874852028474993e-01
3.051714017322774697e-01
-3.713810535464052154e-01
5.112499522667576235e-01
-5.731840712777597213e-01
3.049765725479168799e-01
4.024733212196049958e-01
-2.177633835017191988e-01
-1.167998900677092167e-01
5.100714742215108899e-01
2.850055435336400489e-01
-4.694356981290810360e-01
-1.450786087302309291e-01
2.003064346498651949e-01
-2.082901404828800818e-01
1.000000000000000000e+00
-2.646929816986352546e-01
2.051829574194966033e-02
7.569229335207638965e-02
-2.618944459685932369e-01
-1.740736318995685372e-01
-3.161665195505148906e-01
-1.176685599137592686e-01
-1.390140162565948745e-01
3.697831821827678445e-01
-1.384721595594926580e-01
1.000000000000000000e+00
-4.591204264325494666e-01
7.674081117345993297e-03
-4.504895626692808075e-01
-7.626857080871809469e-01
-1.563686054077013665e-01
-1.572452163929755620e-01
-2.642634864021830565e-01
-1.791262673893658786e-01
-8.927551379576438573e-02
8.289718693969126972e-01
-2.923874250704586730e-01
-4.175611848418557814e-01
-5.783593809603161384e-01
7.270589551921335936e-03
3.194973580025334270e-01
2.092465859710014864e-01
-4.267422391222978062e-01
1.021616623189368495e-01
2.289207349590718921e-01
5.290013636488870574e-01
8.451515996969367617e-01
-3.093107963210227074e-01
1.626723265793879325e-01
-5.439146472443148195e-01
-2.212587924334626366e-01
4.803186652804009027e-01
-2.600328774366411633e-01
-3.034538403333066903e-01
2.752576659246151053e-02
1.000000000000000000e+00
-1.274089104532205585e-01
-3.149787678070415931e-01
-4.220043140011409122e-01
-2.163131060567533015e-01
9.159637514046692353e-02
4.159228093404931936e-01
-4.836424474058250711e-01
-9.268692239151714585e-01
1.023138020645409513e-02
2.043765703104884479e-01
5.355882660265858242e-01
4.833773817920227617e-02
8.984123555080143486e-01
-2.747134348445759433e-01
-8.647762433218064704e-02
9.345022434567756831e-01
3.337786496952945270e-01
5.403147178339907236e-02
3.804351052780172715e-01
5.247588313577377095e-01
-3.348788757848606412e-01
-1.000000000000000000e+00
3.265567768052199948e-01
1.000000000000000000e+00
1.449655807704177193e-02
6.656696083985190748e-01
2.700820082094460353e-02
4.852825233895550344e-03
5.187418354959287825e-01
3.986045062182127507e-01
2.025780618161861571e-03
-9.112420083369224266e-02
-3.356843922592382401e-01
7.780574916031641752e-01
5.077915170589013538e-01
-5.525124678633979158e-01
