2.121563208693878488e-01
-3.917716211584903463e-01
-6.098211493583429732e-01
-1.957459297841281365e-01
3.815968971599505988e-01
-1.981528995706950957e-01
-2.650299753116291956e-01
9.625498408707022779e-03
-7.322919423369715908e-01
1.730775298564642961e-01
1.052296349397953135e-01
-2.724609329578925876e-01
-2.869941951054948426e-01
7.233223788128193554e-01
-1.872495859983283606e-01
-6.153360735870034848e-01
1.819943570397700716e-01
8.819450397685013598e-02
5.547022440027079559e-01
2.310806278692868199e-01
7.472022385490836860e-02
5.302084070499326618e-01
8.434274966396908546e-01
2.481505805113928820e-01
7.922397865430006458e-01
-4.674421308366535355e-01
-5.196274009670255323e-01
-1.056853595472779378e-01
5.469888958166713167e-01
5.744636948670360788e-01
-1.413174794420379299e-01
5.779700091596514655e-01
-4.626033176358693155e-01
6.667891906903082588e-02
-3.301626914984750472e-01
6.271217680692647845e-02
-2.099898538328355546e-01
7.436633024790648694e-01
3.425425294830765632e-01
3.527935685500790397e-01
5.058215965886903032e-02
-4.940555922672656974e-01
-3.684780482321459161e-05
3.097342928294477549e-01
1.115125548867255956e-01
-2.169593751794851588e-01
-1.344299229403140283e-01
-1.400891856941033353e-01
8.550695282700654376e-02
-2.619494859983620416e-01
1.454530142504399659e-02
4.132421722370391848e-01
-3.312996071333609294e-01
3.404429390840163494e-01
-4.997410165445411723e-01
-3.852677899266273576e-01
-1.000000000000000000e+00
4.049980227268734634e-01
3.191475962159793789e-01
-6.856001789703497495e-02
2.095616047381205216e-01
-2.614954447506251944e-01
5.887311451900829606e-01
4.854323178569971420e-01
-1.659596833256914428e-01
7.986570067643572468e-01
5.245611080092034140e-01
4.406145734172917106e-01
1.328752141512985485e-01
-2.410730621608278001e-01
-1.247351369969525309e-01
-1.939138727735769396e-01
4.772313699941941878e-01
-2.736276086429176302e-01
2.668319374044854642e-01
3.214422387292797945e-01
3.386275377201716230e-01
-2.111816714515017401e-01
-3.751372373808195548e-01
-2.668357414946466166e-01
-1.241655348125980662e-03
-7.128222304961893963e-02
-1.000000000000000000e+00
2.879566641921894599e-01
8.695875667026866651e-01
1.000000000000000000e+00
-4.570009291903789905e-02
5.798047053633081926e-02
-1.898159497528668083e-01
8.188074117619589254e-01
-1.000000000000000000e+00
-2.738975687270320258e-01
1.167299532538147999e-01
-1.688575964057378864e-01
1.720290413697279086e-01
6.434327537093695870e-01
-4.314918111087328589e-01
-2.185070452746287750e-01
-1.378781265769056241e-01
3.960431853513637912e-02
6.715104962682258982e-01
-4.964918428639755743e-02
-5.472969223661186544e-02
-5.896714323793380563e-01
-2.007464181716114293e-01
-5.638023529181077076e-02
-6.397644567763273449e-02
8.364274284387223091e-01
-5.454540979118405186e-03
1.513814634436783102e-01
-3.572085646457362484e-01
3.712635556335130982e-01
-1.625319096972775990e-01
-1.000000000000000000e+00
-1.000000000000000000e+00
8.112808960481859843e-02
6.154863325914941008e-01
5.505420364178645887e-01
3.850927635016718198e-01
2.663690235734959555e-01
2.376376265166021962e-02
4.855715400146592420e-01
-2.933129345555365308e-01
2.975018657215641182e-01
-8.951188400305912229e-03
-2.441239106805914716e-01
3.152975758269424000e-01
-1.289312454591622359e-01
9.285175098687289963e-02
7.478980565751525145e-01
2.557160397628013837e-01
-1.000000000000000000e+00
-7.478422953171696974e-02
2.564112149407146712e-01
3.401679873858627356e-01
-3.504918655853337395e-01
1.308357182924033413e-01
3.996711879437730430e-01
-3.651700929629487780e-01
-2.368685214040863740e-01
2.948502503429463184e-01
-3.612323333736123798e-01
-1.056134336880803770e-01
-2.286275747625423349e-01
1.230900670433566178e-02
-5.750132374055603179e-01
1.429152134012085518e-01
-7.751887249462650065e-01
-2.638060976605379748e-01
4.239582643063660172e-01
-1.868524495887884385e-01
-3.695556708319304717e-01
-5.531677434219663958e-01
-8.624138524309810094e-02
-6.049925205119593974e-02
-8.952089055368583903e-01
8.869226562361530730e-01
5.873745158312576597e-01
-3.223250630997658295e-01
-4.009309768978032151e-01
-3.881333149173974428e-01
-2.518263148066848256e-01
3.444042462336971422e-01
3.888574947749702249e-01
6.224326021826036559e-01
5.986437471891348228e-01
-4.505674635907623293e-01
8.660997163841510638e-01
1.495688687188412302e-03
-4.735427615732643036e-01
2.708708348683956935e-01
6.413514148031326800e-02
-7.264426637411001975e-02
-2.010377401606442960e-01
1.257747491347933066e-01
4.481441805210924501e-01
-4.931570424105093386e-01
1.874032993164472249e-01
3.637591755653483694e-01
3.584667238940696388e-01
-3.562007384975132696e-02
5.028023123158154029e-01
-1.000000000000000000e+00
-5.804191700727323600e-03
3.716620470223230832e-01
1.441957572669071430e-01
-4.432686035319756135e-01
5.381396292989558058e-04
-4.176276373568046929e-02
1.000000000000000000e+00
1.887309017083183826e-01
2.068518427348037814e-01
-6.259287123658210938e-02
-1.799298276171146238e-03
-6.134506589964552337e-01
2.488753308564461975e-01
-1.513171995525586233e-01
8.078455923020765039e-02
-1.000000000000000000e+00
3.742594727596899595e-01
4.212598188543603683e-01
-3.799035592831470631e-01
1.156152451477416576e-01
-2.081729952016209140e-01
-1.000000000000000000e+00
-2.447020980500348719e-02
-6.198099001663212038e-01
-4.035688273802248704e-01
9.484500892913734493e-02
3.879143093416012600e-01
-6.720741368270206628e-01
-6.618401958086275738e-02
1.000000000000000000e+00
7.143483662997522909e-01
3.217578754264006635e-01
9.329824105758934838e-01
4.707465902264600932e-01
-2.048466392910884559e-02
7.468791712679148098e-01
-1.000000000000000000e+00
2.166331631700051108e-02
-4.836080452088273307e-02
-1.289288432852219723e-01
-1.000000000000000000e+00
-2.348459801278591219e-01
-3.093541688864886452e-01
-1.215973472251472981e-01
6.477145305961479194e-01
2.906642800759479117e-01
-1.000000000000000000e+00
-3.699232537398859377e-01
-3.469191847570002318e-01
2.240055965624452305e-01
3.805996225930656784e-01
6.617138178367090173e-01
-4.172074595512424988e-01
-6.111481954211561707e-01
4.377011067164141012e-02
2.760655548605671084e-01
-8.173504694931396086e-01
-3.619561430280949788e-01
-1.612976924456783756e-01
1.210429304671050144e-01
1.932809295650750880e-01
6.824899142559069931e-01
6.983582512880050219e-02
5.902135201470637416e-01
5.556335368040468126e-01
-5.047515275438157339e-02
-4.514751448493456443e-01
-7.158533356182847918e-01
-3.424031987309243963e-01
7.970819483726412913e-02
1.217181738180056760e-01
1.000000000000000000e+00
-9.665232530692791091e-02
-2.510301016109290906e-01
2.226981281639219268e-01
1.486436750765485204e-03
9.678947687128137689e-01
-2.963456347125357215e-01
-2.721874872020269009e-02
3.633379323362454505e-01
4.381443132305828936e-01
3.803944068314604188e-01
