
0 71.061524 1.66608 17.308964 19.780171
1 70.996263 9.739449 22.435549 20.027211
2 91.276338 20.96289 26.69011 19.507432
3 77.784673 27.530755 26.956303 20.264868
4 77.928814 31.722386 27.779674 58.695657
5 87.609995 34.633186 27.211742 22.324243
6 71.18254 41.449 24.153348 21.911236
7 71.202825 40.731135 27.099267 22.159108
8 71.254613 46.434997 24.596188 20.976422
9 71.280744 48.321002 22.777724 21.590949
10 71.163004 43.86554 25.017663 21.591314
11 71.169998 53.210314 23.409534 21.502162
12 77.898575 53.422082 23.336569 23.406695
13 71.175275 47.952923 27.467303 21.527915
14 71.199482 47.624562 26.204531 22.054317
15 78.437019 42.506299 32.386027 24.759706
16 78.445155 42.100735 36.825939 22.159108
17 77.963844 50.010161 26.663444 25.733068
18 71.209481 47.96317 30.960661 20.264868
19 73.325325 47.018041 30.664855 20.493287