
0 71.127432 1.931797 18.158771 15.117032
1 71.006229 9.912172 22.635745 20.027211
2 87.089282 17.536111 27.767488 21.414641
3 78.268017 28.356816 29.462169 22.131305
4 86.984698 32.831086 29.804394 22.97166
5 88.500619 36.173868 28.77978 22.303723
6 78.263935 41.624251 28.41352 32.347138
7 78.361192 41.11305 29.577094 41.67721
8 86.924213 47.668579 27.322206 28.826071
9 78.370698 43.219621 29.112297 20.754278
10 86.224943 45.864436 27.003117 26.952088
11 86.277946 48.794908 26.171075 21.590949
12 78.329623 47.62397 26.38277 20.712617
13 78.330875 55.465854 22.769578 21.591314
14 78.126315 47.887268 25.300433 25.637693
15 89.211761 43.691595 35.594233 21.591314
16 78.176575 43.657644 29.86158 21.502162
17 77.992776 42.74185 31.785314 21.846542
18 71.202064 43.062442 33.330317 64.841849
19 86.651577 42.1795 33.975216 56.457193