
0 88.684941 2.450037 18.314888 17.777441
1 71.14762 7.048291 20.399942 21.134345
2 71.138943 15.838603 24.922749 20.638113
3 71.038205 18.867959 26.943617 21.222191
4 71.116338 24.463512 27.530162 21.846542
5 71.061701 25.827741 27.076422 15.77043
6 78.200355 28.421375 28.41634 19.257401
7 78.377953 26.652872 29.029408 20.493287
8 78.162821 37.067578 29.211163 19.359714
9 78.187749 39.332909 28.177934 21.270117
10 78.298564 43.30514 27.105956 38.167775
11 78.318964 46.405434 26.922794 21.958894
12 78.376863 47.078969 27.39089 21.502162
13 71.210803 46.943788 26.951753 42.983095
14 77.801933 45.685991 28.094904 21.479254
15 78.339948 45.055617 29.511572 20.03393
16 77.743527 50.509322 27.747853 21.317622
17 78.37316 40.897611 31.942255 23.666048
18 71.240692 57.705281 21.087387 21.502162
19 78.18249 51.928647 27.662734 24.20809