
0 71.082379 3.312317 18.589055 21.222191
1 77.800916 11.44206 23.013999 22.0849
2 73.344698 19.262005 26.335187 17.459003
3 86.960654 21.103049 28.983789 25.790405
4 87.236202 22.767917 28.717407 20.447819
5 71.125314 28.568451 28.613613 21.414678
6 71.210643 31.287469 26.846015 22.035777
7 78.116919 35.278249 30.93668 21.427219
8 77.513741 36.197445 29.859157 21.134345
9 71.207014 35.756888 29.714667 20.11978
10 71.21711 40.05313 30.78324 22.444155
11 74.654185 39.686616 31.700884 21.721494
12 71.202565 47.395189 28.564713 21.958894
13 77.933366 48.249623 28.356863 25.94199
14 78.115372 47.665351 30.198599 21.846542
15 71.224333 40.741985 35.407627 23.159704
16 71.204931 51.246889 28.689952 21.124626
17 78.187241 50.167855 28.114398 23.160028
18 71.224389 48.345297 30.306258 21.502162
19 78.126372 48.725367 29.940247 21.846542