
0 74.904175 3.883035 20.315734 -10.0
1 84.228738 34.377126 19.840575 28.0
2 86.631655 50.531843 18.964102 32.0
3 87.624051 54.102125 19.606607 28.0
4 88.168118 57.319141 20.081336 32.0
5 87.446757 57.658895 20.280547 40.0
6 87.624051 55.636016 21.068961 34.0
7 88.571054 56.993189 20.974717 44.0
8 88.933532 59.048107 19.458279 52.0
9 87.850607 60.826623 21.004156 52.0
10 87.627846 61.192679 20.958923 48.0
11 87.627846 62.317478 22.513274 32.0
12 88.897367 60.867405 20.808182 32.0
13 88.933532 68.076093 19.737592 32.0
14 88.897367 65.053818 20.614178 32.0
15 88.897367 66.872307 19.62969 48.0
16 89.550267 67.957453 20.158465 48.0
17 90.050607 66.819943 20.25138 58.0
18 88.897367 66.185327 22.013157 48.0
19 88.933532 65.791863 21.931356 48.0