-2.183113560129253394e-01
3.200409386983289056e-02
-5.637761099045071056e-01
1.000000000000000000e+00
-8.551016363245995677e-01
8.806620361570444144e-01
-1.836493744868554490e-01
-1.949574553270843613e-01
4.093516694570520364e-01
1.958383858613297335e-01
-4.238599288352562500e-01
5.782319486724161184e-01
-1.000000000000000000e+00
3.328954794637553061e-01
7.877673240271982902e-01
3.398042117779676574e-01
-1.619803371372524059e-01
2.823543407678784645e-01
-2.070040399711218504e-01
3.018896354105246038e-01
-6.429452744368449046e-01
3.078227244560979292e-01
2.968301534672669328e-01
1.560839268364733190e-02
-9.940385737499478624e-01
5.247559314302255862e-01
-6.925668065307566401e-01
2.032526970491574728e-02
2.983407149104304601e-01
7.719586189171632196e-01
2.228664781654898785e-02
-3.273434645946343702e-02
8.462433138112721576e-01
2.247403218381483492e-01
1.274161367056849126e-01
4.491283123462893045e-01
5.506345614592481619e-01
6.884919965631326466e-01
-6.629108309476545724e-01
-5.982613330504338300e-01
-1.000000000000000000e+00
-6.917537350002703755e-01
2.445947396953936370e-01
5.834681637120748832e-01
5.097552390807511546e-01
1.535625607266320747e-01
-5.904932519806997959e-01
3.421007260756523949e-01
6.644194641506356858e-01
-2.585815593433338222e-01
1.634497866102947450e-01
1.458738805607074918e-01
6.137473992851523175e-01
2.646164844777960656e-01
-3.410562368991488791e-01
2.162116481374671828e-01
-2.853944321480915702e-01
-1.789361824592860251e-01
-4.976716839263951586e-01
7.363040917685435005e-01
-1.000000000000000000e+00
9.819510405662399410e-01
-1.000000000000000000e+00
6.113828072395592894e-01
4.954558738522311656e-01
9.685904334406217897e-01
1.000000000000000000e+00
1.010623144788128369e-01
-1.966403690787218994e-01
2.555550437002521158e-02
-1.836451709395156007e-01
-2.198820025166028369e-01
1.671562267388861656e-01
-1.000000000000000000e+00
2.556894140155573369e-01
8.730729006107946777e-01
1.193131133261768340e-02
-9.052207197495096835e-01
4.573096512831421601e-01
-1.530577736053032045e-02
1.000000000000000000e+00
4.486702271077301352e-01
1.000000000000000000e+00
-4.716712519970230888e-01
-3.823201094928863064e-01
3.853662744912863536e-01
3.850189478119777076e-01
-8.277756055325674600e-02
7.341102513479396130e-01
3.519409629497405323e-02
5.122522594085658909e-01
-5.699530816608248118e-01
5.197584919546622828e-01
3.297939176874298273e-01
-4.969473031096384164e-01
7.209067601771733669e-01
2.528420261206065223e-01
-1.000000000000000000e+00
1.000000000000000000e+00
7.951900082511506596e-02
-8.844317447498960538e-01
-3.728642801336080059e-01
-1.347733752607440105e-01
-8.995607035439356913e-01
-9.525321758569187391e-01
-1.256042770504487427e-01
-8.458771365671937659e-01
-3.340803361372087776e-01
-1.706385893246014362e-01
-4.819907725908267326e-01
8.351595087193213196e-01
-6.649714620828464096e-01
-6.137239578943589624e-01
-8.229621440177047054e-02
-5.199275375776683805e-02
-1.634908633370973918e-01
-2.342066348506216811e-01
3.067583213648607532e-01
-1.000000000000000000e+00
7.958353144941051616e-01
3.117692377315542940e-01
7.636176891217451301e-02
-4.024824351042290832e-02
8.640093138326615518e-02
-7.004099244646622147e-01
-8.657879940189396883e-01
-1.000000000000000000e+00
9.515457096389422498e-01
-9.239771454744374890e-02
1.000000000000000000e+00
6.321266357829917748e-01
-6.234768138654174230e-01
5.514957635630812760e-02
2.738037705206216588e-01
5.361806561805146920e-01
2.972112620491040857e-01
-3.428434898143546405e-01
6.253985265940759097e-03
8.939722857305093529e-02
-9.618103048101942498e-01
-6.420024443042344764e-01
-9.592750070832922749e-01
1.000000000000000000e+00
3.928124503713184557e-02
6.232181613746432536e-01
-2.481114609320158593e-01
-2.716517535408118911e-01
-6.839649587731370939e-02
3.969754884205301537e-01
-5.045909390474633271e-01
-2.436182862555883455e-01
-1.203534096825373129e-01
2.133361897309320743e-01
-3.116331020692679754e-01
1.540976339681680851e-01
-1.311361286839838325e-01
-6.012101139480497541e-02
-5.750610334875647656e-01
-1.000000000000000000e+00
-7.557044714568825206e-02
4.245598870129674296e-01
-7.945604688601340948e-01
-2.559689277683036002e-01
3.790478786535373956e-01
4.472524142322690799e-01
4.432908644086085426e-01
-1.000000000000000000e+00
-4.945190925672875437e-01
-5.989949062825294934e-01
1.000000000000000000e+00
-1.000000000000000000e+00
-8.372166718971714161e-01
9.482578636662617466e-01
5.774905171830921335e-02
-4.197157951356598193e-01
-2.159561736545050348e-01
6.786607199762046960e-01
7.302046086126328106e-01
-5.725009722354362784e-01
2.990084239118067644e-01
2.298271735148744721e-01
-1.623505982660600755e-01
-2.287090550777202969e-01
-8.869407940013954161e-02
1.759352448078243536e-01
2.807664248429278531e-01
-4.787000638322037038e-01
1.000000000000000000e+00
-3.552854315292674481e-01
2.256884620655995044e-01
-4.477917624266787300e-01
9.156789767669961666e-01
7.174117564497886068e-01
7.236091129853550186e-01
2.178690268623074688e-01
6.429711996864579948e-01
4.749133542137725650e-01
-3.359437780048435407e-03
1.000000000000000000e+00
3.211450889328550939e-01
1.727178697379341266e-01
1.000000000000000000e+00
-2.486909297316290401e-01
-1.644576729051559494e-01
-1.596196362107651923e-01
1.000000000000000000e+00
-2.651324064737217157e-01
1.019172764426842237e-01
-1.000000000000000000e+00
2.042193865316914991e-01
6.732772873388210844e-01
-3.118956733571940365e-01
6.250215534457728150e-01
2.406200991210523110e-01
-1.355286359936680451e-02
6.890904892427836270e-02
1.227988101210297084e-01
4.468285020968595922e-01
-1.130132983150033826e-01
1.000000000000000000e+00
4.502367754313030268e-02
-7.692178861049293603e-01
-3.221862401299488976e-01
4.240246012795668706e-01
1.045807612243466467e-01
-2.916683696428349903e-01
1.954037044239180787e-01
4.936968326818366726e-01
5.067533004382501760e-01
-1.760074584552712706e-01
-1.031483145407505603e-01
5.654448029289302902e-01
6.062412306521776095e-01
6.222051724159267660e-01
-7.389121040580320932e-01
6.496812355526588867e-01
-8.218602648000764566e-01
4.313534695401393670e-01
5.974398329933272578e-01
-1.000000000000000000e+00
-7.080645669382011897e-01
8.166234700657146184e-02
-7.179049207740857419e-01
-2.743277660994918876e-01
-5.050262404952318152e-01
7.256594484042782067e-01
6.738834229422737687e-01
9.061146405316584662e-01
4.551406825254587507e-01
-5.835716335242404629e-01
-8.556124266628222230e-01
-6.114364488554884236e-01
5.535983734986008598e-01
-8.337002679635646674e-02
3.318988744039992889e-01
2.716964103664666341e-01
-2.213753038542004004e-01
1.069739608110217011e-01
4.705458855059646561e-02
-2.195615980593308147e-01
-5.195262570098939658e-01
1.539955448384742187e-01
6.179311528661265429e-01
-5.356327948998631516e-01
-2.441291845131459137e-01
