-6.768516943097571126e-01
-1.000000000000000000e+00
-8.479153450332056752e-02
-3.654328255622454336e-01
-7.002651273766742623e-02
6.067633388364860325e-01
1.872566246018958491e-02
-2.234689840954120210e-01
8.326073793492093644e-01
8.325296965284563477e-02
-4.593981599216858530e-02
-1.898782563116799271e-02
4.916724169265140332e-01
-8.011997575215847045e-02
-2.161933449480526459e-01
-3.923293045929276412e-01
1.421176784738529264e-01
5.011437063348800347e-01
-2.657205692426476418e-01
-8.407255264677423456e-01
6.974551898544555373e-01
-8.020713976047336713e-01
-7.113223647510039660e-01
2.100780455172641115e-01
-1.397445388717067916e-01
-8.456655382432409773e-01
-9.071800084618356630e-01
6.944765171811476678e-01
-1.517936090056907494e-01
2.432125257112185412e-01
-1.789120366177310850e-01
8.480951573648217723e-01
-1.906900154817509629e-01
1.000000000000000000e+00
3.582399134770099525e-01
1.422338110992106899e-02
3.240162449265075462e-01
-5.661233949136534882e-02
5.409398223934761551e-01
2.729196355590962630e-01
7.999866428369745153e-02
5.671979396845017174e-01
3.897126665428490844e-01
-3.580995323389840057e-01
1.604254937386844770e-01
2.219852996324318817e-01
-1.000000000000000000e+00
-3.779859874673657805e-01
6.330111053525436793e-01
6.534443788139117082e-01
-3.799151519200896221e-01
1.841019490120223562e-02
-7.863055828582586892e-01
5.196478450294812479e-01
-3.747657339664276499e-01
1.956495423535685729e-01
-8.608203332786792394e-01
-3.557637354950168862e-02
-4.249118055873796207e-02
-4.896741856248312819e-01
-4.516981842135413538e-01
3.011420363269572964e-01
-6.494828916207439073e-01
3.660002055345578098e-01
6.099262053278904361e-01
1.636547056380503462e-01
-4.442094784388452844e-01
1.814229668065648338e-01
7.202394144195103376e-01
-6.118382976937289386e-02
1.721520065557352042e-01
5.860948403811350182e-04
3.545544046205498789e-01
-1.721776980808776836e-01
3.177922575739908218e-01
-6.934256533862890315e-01
3.281498698104586831e-01
8.894241258863863631e-02
7.700158546620629041e-01
-1.552957153425850167e-01
-7.918341996186170073e-01
-1.437094500487586801e-01
-4.908278740265342721e-01
-5.589968106377116164e-03
1.735625036912873675e-01
-8.808063195512966237e-02
7.670283441325443929e-01
8.607756842653859763e-01
8.279168519634994006e-01
-3.203324307205895893e-01
9.286764522504291630e-01
-1.651847436961439430e-01
-7.142240096816354633e-02
-3.508782818336840525e-02
-1.157998943403737713e-01
5.985151655426122069e-02
-9.213075675423356703e-01
8.248339951891366928e-01
-2.969401366245310592e-01
-6.126981784117607743e-02
-6.438640311659628024e-01
-1.320395160609385554e-01
7.049804761716931267e-01
1.000000000000000000e+00
4.271723953246490679e-01
1.599334522314276308e-01
9.909752622858325477e-02
-2.476079777656699510e-01
6.731469305031069494e-02
-1.836467865870287930e-01
8.264771486967515957e-01
-1.000000000000000000e+00
-8.611789952274900850e-01
-2.509685977788281286e-01
4.972945519101788503e-01
-2.502806277325427819e-01
-3.512368661416951365e-01
1.000000000000000000e+00
-6.997698659589529635e-01
-6.054520005413736028e-01
1.373340923280883807e-01
-7.328500498600635238e-01
-5.543463714875646042e-02
-3.395707105692610250e-01
1.000000000000000000e+00
6.622824033753593742e-01
1.271570555448033879e-01
9.557063862049530734e-02
-2.091195732616489278e-01
-5.531329273854078687e-01
-8.235505876140164494e-01
-5.873069751903541302e-01
-3.593291278971437464e-02
7.910920822407138120e-01
1.000000000000000000e+00
-3.954169294438020232e-01
-7.899022047788957224e-01
1.000000000000000000e+00
-1.099654808651564786e-01
2.095947500002092734e-01
2.820518694536131021e-03
6.389912043135599351e-01
5.701251207503236218e-01
7.897025701180393487e-02
4.587004348226862427e-01
1.000000000000000000e+00
-1.325305787693213944e-01
1.491475338285867813e-01
-1.608928037205125117e-01
-3.039255923870322618e-01
8.247193709267159889e-01
1.000000000000000000e+00
6.988303281311109005e-01
-1.588306297934550804e-01
5.080974990065943997e-01
1.207741930235874117e-02
-7.124791144392903508e-01
6.597072694941981119e-01
-2.700979979508273399e-01
-2.172270238328380954e-01
-2.859365607273814391e-01
3.729262229755663238e-01
7.902155242312073335e-01
3.616584297400064762e-02
-5.346448170749119599e-01
-6.015675989515725103e-02
-1.474119598318875402e-01
-2.160506438985549948e-01
2.664180432975309931e-01
-4.308695863208653609e-01
-5.235873130450876545e-01
-4.339624408186756321e-01
-1.962436034304641530e-01
-7.007344971612451401e-01
6.640982081880006938e-01
8.013759319311681839e-01
8.909337467406985844e-01
-3.411780306539237140e-01
2.712036256073245832e-01
-6.399880917980508288e-01
-6.266887790636626043e-01
-7.084505550330530976e-01
-7.201782130677805149e-01
-1.000000000000000000e+00
-8.013529656565349102e-01
-4.550853016679774488e-01
7.891910558009620491e-01
-6.771309838376234069e-02
-2.627144769881046282e-01
-9.221639949894000488e-05
-1.000000000000000000e+00
1.000000000000000000e+00
-7.130426561764391380e-01
-5.628263697789334108e-01
-5.950174565534951943e-02
3.728509587021887617e-01
-4.072173715683556905e-01
1.285567565745014962e-01
3.713691907378476736e-02
1.313840354199644345e-01
-2.931901779515062034e-01
-5.334550862681318728e-01
7.943431669887083268e-01
3.705440068968861578e-01
-6.526109954485685982e-01
7.662438775847770778e-01
-1.000000000000000000e+00
-5.033770432480423329e-01
-3.624291298557218155e-02
3.403817036316517664e-01
-7.642372309055746049e-01
-4.155934326591953498e-02
-1.083178144751989480e-01
5.045713177848827335e-01
6.127833182404516243e-01
4.689412862350165190e-01
4.299734682400351837e-01
2.154511897706199719e-01
6.191638790758535738e-01
7.723192337294626508e-01
-1.555533324861976818e-01
1.192059459460180770e-01
7.056886299445060962e-01
5.687200300019766841e-01
-3.424571195169793802e-01
1.831244543297310123e-01
8.564527869938985960e-01
-4.225811151223713424e-01
-3.839243149283084744e-01
-5.265246155835190400e-01
-4.087079698593319432e-01
-3.715952652552505509e-01
3.015431693908774413e-01
7.594132269594641160e-01
-6.436565780181429108e-01
1.089594828880534050e-01
2.763861302212161641e-01
1.000000000000000000e+00
2.146050802104127464e-01
-6.190652384640971118e-01
-1.090843576223169409e-01
-8.210616476553469489e-01
6.112113589001306746e-01
9.794688919497142043e-01
-4.600969488554647324e-02
9.670760882054654783e-02
6.200757642877468001e-01
-7.358747657536248710e-01
-1.312200891769582933e-01
-3.637658216836712755e-01
-2.344663287436723476e-01
-6.030755357182150389e-01
1.337701912988977504e-01
-1.479296207353048287e-01
1.000000000000000000e+00
-1.107156627563062462e-01
4.121943434464799827e-01
3.501194946962421506e-01
1.915580141279853710e-01
-1.000000000000000000e+00
-5.865297407535238206e-01
-6.188183954881710802e-01
3.489648578303745086e-01
-2.491553894967019067e-01
-2.712203239499696439e-01
