-5.061784373419381255e-01
3.969994991308183896e-01
-1.273142712598640536e-01
3.746545252024610639e-01
9.247433905987671732e-02
-4.226653215760804994e-01
5.242371676379099510e-01
-5.131253124055288328e-01
-7.361542154133351445e-01
8.524409993960119225e-01
3.973730027011238564e-01
5.017281866528140455e-01
3.934900372597672780e-01
-1.009164928915267656e-01
1.060628483822798757e-01
7.526933001371510779e-02
6.328608183773104523e-01
-3.976169443234812695e-01
2.246216828169495527e-01
4.552803276097585061e-01
5.166432207676403543e-01
3.565858104551269392e-01
1.950871493309044302e-01
-1.377335923185974698e-01
-1.663280568951532867e-01
4.341417642794848097e-01
-5.308067746862252800e-01
9.478984116147395889e-02
-1.349900340350012329e-01
-5.181236755996445620e-01
-4.943655875310660197e-01
4.667460783837378002e-02
-1.594633686946573814e-01
-3.574524885662553331e-01
2.738653965267316970e-01
4.203570634701518927e-01
-3.521637843198045514e-01
-8.877969999570807236e-01
4.376722820382669132e-01
3.839933297419092506e-01
6.884721709522986788e-02
-1.814557229160587704e-02
7.165678816538261220e-01
-2.094293299690591914e-01
6.924575549666682484e-02
-4.616017486586266871e-01
-3.011978655771136437e-01
-3.067080771694143948e-01
-8.921661234352659675e-02
-1.143078002070203464e-01
-4.301042237675977153e-01
2.186405253026241502e-01
1.000000000000000000e+00
1.000000000000000000e+00
1.559903330223877671e-01
8.658889502528279714e-01
1.000000000000000000e+00
1.000000000000000000e+00
3.785835178657094291e-01
-6.653608091672538194e-01
-1.319138279857051677e-03
-2.623364450674128268e-01
-2.082584689572257453e-02
7.025338190389992521e-01
-4.467134072036715864e-01
-6.292686790388706264e-01
1.770622710038029513e-01
-2.245243946089229281e-01
3.173802285496101216e-01
-4.435444565493405489e-01
-2.046892053465283468e-01
-1.670405450118970514e-01
3.040847040826041292e-01
3.554782594123723771e-01
-4.044316950356749985e-01
5.768880742011261997e-01
4.893778738689756325e-01
-6.999899764232811461e-02
5.016949147135887355e-01
-3.947845005422193077e-01
-7.124549894928337013e-01
-1.396985252682733936e-01
-2.547437231320948681e-01
3.611259531387046584e-01
-2.641692285878986524e-01
5.558664404408057980e-01
-9.835165569399145769e-03
-1.940961919716715500e-01
6.443887960317952190e-01
-1.666926532426130092e-01
-3.858507770178040142e-01
-4.442405861950281531e-01
2.933060708445349718e-01
-5.095176325782511118e-01
1.466783224299123556e-01
1.000000000000000000e+00
1.358918860968895970e-01
4.250733375801556968e-01
-2.727576694748254371e-02
6.565549055128383493e-02
-1.082537591397074728e-01
2.806906819970566569e-01
3.284944918030192618e-01
5.229271651553062394e-01
6.521442610577486698e-02
4.610129112957626063e-01
3.939248432799615784e-01
3.252898811412699986e-01
-2.434318028915082310e-01
1.799908294801822739e-01
1.911910083809551242e-01
-4.986316990489580991e-01
1.567298480700460572e-01
-2.626359891833538462e-01
4.596068576655114590e-01
7.699433795720446450e-02
-9.208499951487266744e-01
1.146232070512254175e-02
-7.860476115690416543e-02
-2.061193216541429840e-01
6.166334122604623103e-01
6.301333742759668288e-01
3.455972342520103324e-01
-1.847480536216108693e-01
-6.168583626727545122e-01
-1.647714137273910695e-01
-5.471664149894560625e-01
5.055661145741553453e-01
1.765422125458696034e-01
2.335442156747283005e-01
-1.374304364881665241e-01
-9.379333503137351480e-01
6.529929314416056674e-02
-1.176140925988990726e-01
7.640199361705883596e-02
2.160735606940493991e-01
4.712468137821468339e-02
2.963115955483758279e-02
1.000000000000000000e+00
1.000000000000000000e+00
3.239069299253832801e-01
-1.000000000000000000e+00
1.584359632466523227e-01
-3.486539059834461995e-01
-1.798750097120819513e-01
-4.407646665313507128e-01
2.880728947115250849e-01
4.574041405743149019e-02
-1.000000000000000000e+00
-6.290119030805196854e-01
4.283599253089835912e-01
-5.828261014368510962e-01
3.126117792016143149e-01
2.144263837045120580e-01
-2.315091590718022230e-01
2.480749029879453782e-01
-7.840538047908222063e-01
5.590955805378728938e-01
-1.346255328734274892e-02
-5.290873524748748169e-01
5.947244193197573914e-01
-2.495847420600608713e-01
-1.000000000000000000e+00
4.709874972771614932e-01
-1.000000000000000000e+00
-3.693644467786948438e-01
-4.783214245713439672e-01
4.701598562847599805e-01
3.023204292044915364e-01
1.076715008434830367e-01
3.172201011224066169e-01
-2.164800485548875053e-01
-3.598816278212650654e-02
1.000000000000000000e+00
4.159480870442048839e-01
7.403229514099191055e-02
-2.530160906195030313e-01
-8.550374087997547612e-02
-3.689507961907127764e-02
4.260021233990543554e-01
-2.718392684895513112e-01
-3.437439939670292044e-01
-2.713160778957762753e-01
5.855689109599195030e-02
1.814887227612752008e-01
-1.000000000000000000e+00
-1.746276578499658672e-01
-1.546842777223191856e-01
2.468687851483419016e-01
-2.619742418420257790e-01
5.985857915126067130e-01
-5.015344101598699922e-01
-1.421376761033951719e-02
-8.342658396413987765e-01
7.476536160507371576e-02
-3.636028775660054002e-01
6.577691915125312150e-01
8.253121624735664241e-01
-6.775238561477044952e-01
1.519771593825408884e-01
-1.000000000000000000e+00
-2.660574553484918447e-01
3.329912085078275824e-02
-4.170178458534891108e-01
1.000000000000000000e+00
1.955097107358357011e-02
7.117237521523294141e-01
-7.729579429828263848e-01
8.430624111209549243e-01
5.496646604751060927e-01
-5.142269217434124462e-01
-1.000000000000000000e+00
-5.243664149952746989e-01
-2.257383009812607422e-01
-2.090797570301567987e-01
-4.009973037042908195e-01
-1.543547167760516980e-01
-2.288473883895880134e-01
2.552059326456090349e-01
-2.548057999796819462e-01
1.223455529334721570e-01
-7.485053407808864856e-01
5.988495388731311930e-01
-4.756386418850475084e-02
-8.856126388500806801e-01
3.365471502066483822e-01
-5.464355252907048266e-01
-1.000000000000000000e+00
6.294992586173937532e-01
-5.606270383185373296e-01
-3.120924841588392784e-01
-1.392109087131616352e-01
3.320127346666258972e-01
4.300718866332912116e-01
-5.238940133991892845e-01
-3.660310698891222625e-01
3.549283712343484498e-02
9.166348831001294162e-01
-8.058110555200266312e-01
6.682948384818950816e-01
-6.661868107208703815e-01
-2.285178834928221214e-02
2.343652624703765341e-01
1.000000000000000000e+00
-5.071342025999292513e-03
-9.645332601984957233e-01
4.928846525985530747e-01
9.238434202513166049e-01
-5.051979451354933204e-01
-3.642080760003871820e-01
3.953170406231730494e-02
4.670125035590522722e-01
3.966292936960191806e-01
2.763457590446096179e-01
5.255421881375443860e-01
2.897343131798475468e-01
-1.000000000000000000e+00
-4.454044071094445112e-01
-1.139836523780025507e-01
-7.422933417849199023e-01
2.662168310455624298e-01
8.379562526367021480e-01
4.570515339449071623e-01
6.191849700216804919e-01
2.268051478627594320e-01
