3.632282228868153884e-01
-2.589050834100586340e-01
8.302986368958100716e-01
1.000000000000000000e+00
-1.000000000000000000e+00
7.545168075233432692e-02
6.281882689664348707e-01
-1.000000000000000000e+00
-4.554716265152959354e-01
1.000000000000000000e+00
-2.956188255185457359e-01
-5.109800529340648989e-01
-9.900924512820205026e-01
7.826740587278567807e-01
1.068381176240649766e-01
-1.892662415463894632e-01
-1.000000000000000000e+00
-4.981643731444445611e-01
-4.510203873678408915e-01
5.519720726272209221e-01
4.547904989197663062e-01
9.643252237201148658e-01
-1.000000000000000000e+00
7.450244227017791543e-01
2.754389943442019095e-02
4.604949973501780147e-01
-6.733982496555206421e-01
3.265843508483317129e-04
1.045431687793280384e-01
-2.384609784581547265e-01
6.793172228591208839e-01
-6.357324302333540178e-01
-1.000000000000000000e+00
1.606670990083293449e-01
-1.000000000000000000e+00
2.664621101680868520e-01
-3.498024171629876000e-01
-9.498888961312060841e-01
-4.174280717826850395e-01
1.860179551574793200e-01
-2.867705744854888716e-01
7.209149743047195136e-01
2.190356465141012621e-01
-1.787295602268132444e-01
-9.706710904829557451e-01
-7.472739732392941203e-01
1.779503558194148183e-01
-8.171592572667493726e-02
-7.955378262143197876e-01
-4.224353584652993931e-01
3.807784812910315897e-01
5.544614991944948196e-02
6.877428247466260691e-02
-7.023355147881793492e-02
-5.346171364240813739e-01
-5.022342009786386896e-01
-3.741595979706008879e-01
9.547281709257233739e-01
-4.966111954478800161e-01
3.658537920131886279e-01
-5.157645491755918910e-01
-2.760344819572428943e-01
-8.969897996487566916e-01
9.163022471182324935e-01
7.620284580243166794e-02
9.819413397029059798e-01
3.867373678353679400e-01
-1.000000000000000000e+00
-4.762893689040664791e-01
9.083980351988044655e-01
-8.862849919539805832e-02
3.220493705189798606e-01
9.903315875889679987e-01
-4.269247533462293132e-01
3.287505956144359254e-01
9.718397663474280801e-01
2.167530844307681837e-01
-1.000000000000000000e+00
-9.741270043986798299e-01
-1.712216768607200124e-01
-8.885437654061001389e-01
-8.888040157002203845e-01
-1.465167078212524787e-01
1.403073074450235658e-01
3.142648636742783053e-01
-6.438044149300663488e-01
9.373762710602073778e-01
-4.579308723568342732e-01
-9.609673235378136669e-01
4.331750796100198309e-01
-1.000000000000000000e+00
1.000000000000000000e+00
1.000000000000000000e+00
1.078559302390081631e-01
-9.392196481349783799e-01
1.000000000000000000e+00
1.000000000000000000e+00
-3.642868205753934108e-01
1.034450216297615882e-01
5.601117304982087264e-01
-7.190423706461123166e-01
-2.342390676194179566e-01
-2.684200236647995008e-01
-7.932290503196466613e-02
1.000000000000000000e+00
4.275703910903719818e-01
6.498500131109209432e-01
3.724830269425635082e-02
-1.665537674448878402e-01
-2.884044458410097156e-01
1.656553084410027077e-02
-5.000808244213189591e-01
-8.249857360530868378e-02
1.000000000000000000e+00
3.233295719013027925e-01
1.356748672099203912e-01
9.000637154829262965e-01
7.619869050295368096e-01
-1.335961072470846778e-01
8.107225597944200945e-01
1.000000000000000000e+00
1.785023815365048283e-01
5.709707012071822962e-01
-3.268302788277400173e-01
-3.767610570644223250e-02
6.612854511117002287e-01
-3.775547234142225261e-01
-2.943766337545780654e-01
9.491473695372616426e-01
-2.582135115599390809e-02
1.455804729082085802e-01
5.566732239556693163e-02
2.670253192049276136e-01
-5.282980066785663009e-01
4.397104336873473018e-01
1.070418251138468280e-01
9.561391320805577854e-01
-9.834429342129331619e-01
2.106277746662788553e-01
9.339563839634051901e-01
7.565142084040706039e-02
-1.647982700514006860e-01
-1.512253077165291171e-01
2.645809756652122702e-01
-4.011228439810631263e-01
-1.665140880017325631e-01
5.571855830633949680e-02
-1.542376122696364760e-01
-8.876153399714019621e-01
9.266009990942275509e-01
1.191770047601635185e-01
-2.506075064138438835e-01
3.467298889365624248e-01
-6.694071256914695400e-01
9.237144996834804056e-01
-3.681664820008775929e-01
2.870625217104508589e-02
-5.696938400368803945e-01
3.865132158400368945e-01
5.077355264163332382e-01
-2.934350004922776645e-01
-1.072432618508295521e-01
-1.000000000000000000e+00
9.686236550198685791e-01
-4.506319212421872611e-01
1.596673989377516562e-02
-2.265102744934984758e-01
-1.000000000000000000e+00
-3.926092383306455935e-01
-9.745252756454045873e-01
2.636852138233819476e-01
2.264655761702993875e-02
-1.000000000000000000e+00
2.583703038711882005e-02
-1.117462638561990407e-01
-3.096841146935060407e-01
2.335717591446644648e-01
2.429648621899761773e-01
2.488731835832118933e-01
7.556365998689319463e-01
4.664398497379620423e-01
1.279296017892696535e-01
1.000000000000000000e+00
9.389718247551712693e-01
-1.908470112016416309e-01
4.801906350749459707e-01
-5.698690420353385022e-01
-3.479545012531550241e-01
-1.182459191441824764e-01
-5.097463567774647153e-01
-7.156252579468836972e-01
9.804564877195915962e-01
-8.019352326602388059e-01
7.058361809895326022e-01
-8.608638775320184844e-02
-6.368937526426996475e-03
2.924562866785536674e-01
-1.016566335017391048e-01
-7.344807388979238127e-02
4.287259646640050326e-01
-1.000000000000000000e+00
2.001623741735901463e-01
-7.766299108656311845e-02
4.302665064206042667e-01
1.000000000000000000e+00
5.417480255593980498e-01
7.357061989031760119e-02
-2.201599092923005596e-01
4.416510647685256696e-01
-6.795777341455996323e-01
2.712405496487224968e-02
-6.136671529289930982e-01
6.010808602401758183e-01
1.000000000000000000e+00
-6.747790689521336871e-01
-8.952750256518108296e-01
2.592337559962998306e-01
-1.880200574555772886e-01
-4.791360069224449014e-01
9.074826473944682670e-01
-9.402373921649929966e-02
2.484763112603895485e-01
2.298756484626454655e-01
-5.560673111563658733e-01
-8.986180604013166429e-01
-8.564992158451257831e-01
5.957299024249835817e-01
6.009026054004867889e-01
-9.233334147978280448e-01
-4.808964999379556904e-01
-1.332195629878528409e-01
2.827269936032036912e-01
-2.329438155598705790e-02
-2.238978740511357313e-01
9.661972977570404408e-01
-1.000000000000000000e+00
8.157892855649259700e-02
1.534241821904392122e-01
-5.293229987297380923e-01
-2.048981870147795203e-01
-2.754737472341832194e-01
-2.302948130384600556e-01
-4.947473458407459362e-02
7.693541599430744338e-01
9.353481115479964636e-01
-7.330438387352385121e-02
-4.256460331944138947e-02
5.878408744730896640e-02
1.101918534878217337e-01
-9.844145754613490285e-01
-8.955590433285283147e-01
1.597645583685714243e-01
-9.384667793061949315e-01
-4.721918705084442447e-01
-3.906788022065540988e-01
-1.583033091755219057e-01
-1.742264427045031872e-01
3.893797836113473410e-01
5.947409505781700023e-01
-5.807153161106336225e-02
-7.809423009264634397e-01
-6.326569509117732082e-01
1.000000000000000000e+00
9.773354835134644425e-01
-1.442249450236860256e-02
