-1.778390926648300840e-01
1.426066414432045071e-01
2.739026783826822853e-01
-2.464344013424652202e-01
-1.000000000000000000e+00
-1.000000000000000000e+00
-1.452319307468645793e-01
-4.234140160498575112e-01
7.794306924807369030e-02
-1.217206840359307402e-01
-1.000000000000000000e+00
1.898047248142173959e-01
2.433118164690055985e-01
-9.770781828753727360e-02
-5.182205834291989666e-01
-3.372788492554654738e-01
3.070544417483790922e-01
-1.020880966659497707e-01
1.280168017533810931e-01
7.673294605829400483e-02
1.000000000000000000e+00
2.351510596653341445e-01
-3.917523346429053754e-01
4.649280395936210564e-01
-1.690110168341482644e-01
3.194462076327148070e-01
-5.326198230754606300e-01
6.710030577284199493e-01
-2.132245656641278131e-01
5.332282846606561239e-02
1.838549070613684500e-01
4.401494754806888066e-02
-1.057901019366733197e-02
6.575890544794584791e-01
3.812747188125477082e-01
4.818345010879571122e-02
2.680007913648757012e-01
3.549894382256699177e-02
-3.289207344196266591e-01
3.823895837759223593e-01
-1.240070544638289807e-01
6.665175305328907562e-01
2.759804644262236484e-01
-3.576623350285610403e-01
3.195940163675900503e-01
-8.160660682226386631e-02
-7.910636151636603053e-01
2.060394036353151506e-02
-1.992752938832640097e-01
-2.967054173399363837e-02
-3.144478640624139842e-01
-4.251515194398012426e-02
-1.601201869629685359e-01
5.272140080358784786e-01
4.669190974117219395e-01
-7.849852943389468152e-01
-3.631224354616449101e-01
2.477438898082447438e-01
-7.773455431792778425e-01
-7.949844445729856712e-01
-9.173168139273127908e-01
-2.956058299377676279e-01
4.507665179348356310e-01
-1.225170431661080916e-02
-3.725650453414555141e-01
5.554807294976403798e-01
-1.000000000000000000e+00
2.277401137868419190e-01
6.512587087250834017e-01
1.000000000000000000e+00
-1.000000000000000000e+00
-1.266449886740702024e-01
2.060715931710413451e-01
-1.760095412931768910e-01
6.577657676419599794e-03
1.091235468441800333e-01
1.963742095962484058e-01
4.310783256084188553e-01
1.919449076494024742e-01
-3.909325115822200325e-01
-4.659616698172457383e-01
-2.770025453734720200e-01
-5.767674354189571417e-01
1.000000000000000000e+00
1.645986229257808964e-01
1.000000000000000000e+00
2.078258172009780358e-01
-3.391396723757716392e-01
3.549970000727175057e-01
-5.329466416605249668e-02
9.457020831799327343e-03
-1.178835728105414038e-01
-2.616591669532734032e-01
8.607333391200727712e-02
2.249516035609689379e-01
-1.000000000000000000e+00
2.090875300336144660e-01
3.201044865885832591e-01
-6.361648502146184381e-01
1.867393874937879894e-01
8.780385220018868120e-01
-2.229295256171384687e-01
-9.855962528498558584e-01
-1.092412463523272786e-02
5.005181002565344262e-01
-6.069182131528800817e-01
-1.153490765255146266e-01
-1.997303510952279093e-01
1.000000000000000000e+00
1.478911381488658972e-01
4.682161442656770367e-01
1.444401663725791013e-02
-8.591889865402979609e-02
-5.544861610150328968e-01
-2.014518117969298916e-01
2.609425354849503886e-01
4.558251391328831809e-02
1.000000000000000000e+00
-4.999056628510055167e-01
2.108471385246941665e-01
-8.617528167538740513e-02
-9.775745236554617135e-02
-8.017849226647638661e-02
2.803960490591251853e-01
-2.755142519283743097e-02
8.986342443111544620e-01
-1.000000000000000000e+00
8.082255277797475990e-02
-2.843021950982956847e-01
1.679096541151321453e-01
-3.657343344594007895e-01
-5.837586772361940124e-01
-1.708542523796670876e-01
3.539513029177130399e-01
-2.195052233302411115e-01
7.952954307294917147e-01
-4.454187105513941480e-01
6.382167374223809975e-02
1.287882494181447623e-01
3.817955252940953836e-01
5.234402240534201389e-02
1.000000000000000000e+00
2.070443644640130032e-01
1.000000000000000000e+00
-6.548271568813280874e-01
-1.000000000000000000e+00
-1.495545027953182615e-01
7.229986759355757631e-01
4.172140470246408217e-01
-9.518792776257812838e-01
3.075838716362530589e-01
6.547471796967138657e-02
-4.051861873510320677e-01
-1.960340004822792304e-01
9.133435538371121876e-01
-4.542047218063429148e-01
6.152573335579920588e-01
3.961724061774634098e-01
-2.658109828254144880e-01
4.899241808873687487e-02
-9.803942221530398404e-01
6.362541997690525364e-02
4.573232190058161284e-01
2.724997133516352532e-01
-1.065534617247141241e-01
-3.374629001304509102e-03
3.701747778134399369e-01
1.000000000000000000e+00
1.000000000000000000e+00
8.887133709697487838e-01
2.828514343257231278e-01
-1.218975552927909212e-01
4.302352885767914970e-01
2.860342698637726722e-01
-2.535352668694139111e-01
-7.756552501125933974e-01
5.869450491255835678e-02
-4.612703982819120752e-01
3.384508339576101088e-01
7.764470811268670003e-01
2.112106163370852385e-01
-8.376529317041866429e-01
-1.176369742329587409e-02
-7.628632782901225706e-01
-6.805317484323331056e-01
-3.217312945255683121e-01
6.048531970984042383e-01
-1.353947201815509371e-01
1.000000000000000000e+00
-1.095738542396952064e-01
4.090377657196778149e-02
5.216995365967052045e-01
-5.717339384141526537e-01
-4.438018165866116638e-01
-1.200123368894152331e-01
9.289588644494314318e-01
-5.345620163726033658e-01
1.789550246810053813e-01
-1.448056617675207991e-01
-3.523125438143853705e-01
-5.782838567661903462e-02
-1.000000000000000000e+00
5.099501213647132936e-01
1.253119760126558957e-01
-7.206766484436255560e-01
9.040301929283378612e-01
5.607482615637733314e-01
-3.139304754090322946e-01
-4.073630292527671282e-01
-2.197418468469538033e-01
-4.623678053801309473e-01
-1.000000000000000000e+00
6.418898993204626979e-01
4.753083034667173190e-01
-1.000000000000000000e+00
-2.268524900590026261e-01
-5.586529204921185654e-01
2.006427811928681582e-01
-9.562182544347223867e-02
-1.168343438585611738e-02
-1.000000000000000000e+00
-8.109768931339897402e-02
-3.693937221987248637e-02
5.572341846327403259e-01
-7.538041720826754721e-03
-1.216221551829267111e-01
-2.525627212647148512e-01
5.968572273126210304e-01
8.560229866467726767e-01
8.534949575391747034e-01
-1.000000000000000000e+00
-3.644024897461620727e-01
5.173634605331578484e-01
5.957643120727704744e-01
-4.552962987940554207e-01
-6.167138291626448332e-01
-2.117981065517815786e-01
4.737080678844535209e-01
1.000000000000000000e+00
-1.000000000000000000e+00
2.978283646205048818e-01
-5.472872009956988304e-01
1.790799714729715275e-01
5.757384566552766758e-01
1.000000000000000000e+00
4.661676936430410312e-02
4.288196952854445021e-01
-1.297005825403149681e-02
1.435555863706509672e-01
-6.853195013534773006e-01
-6.348093580574188932e-01
-4.992397041654106915e-01
9.203073194903713672e-01
5.673759033785290562e-01
2.986813035428103058e-01
-8.198433378277302230e-01
-3.957594616573029134e-02
-4.393655501131090574e-02
1.411449854120901681e-01
-3.200255792786260156e-01
-4.798271457779159643e-01
-7.299146766401988229e-01
4.717610821877023519e-01
-5.025694086578312847e-01
9.544932491912756500e-01
