
0 84.402494 2.913685 15.320844 32.8
1 87.255941 27.751153 13.920587 55.6
2 89.108144 39.090034 21.240591 61.6
3 86.676612 59.249657 28.566221 40.0
4 88.042265 72.223614 24.856777 49.6
5 89.061486 72.31542 24.839305 46.0
6 87.570912 67.618145 28.482338 49.0
7 88.610126 63.767719 35.37114 47.8
8 88.785883 61.776337 30.703427 55.0
9 88.321455 67.309122 28.433907 55.0
10 87.221816 70.694555 25.99038 55.6
11 87.000067 67.174114 28.402078 45.4
12 86.742295 70.528152 26.278786 42.4
13 87.587946 72.007745 25.0703 43.0
14 87.169101 68.746505 27.539263 43.0
15 88.551587 68.069283 28.269395 69.4
16 88.014211 67.309993 28.272462 69.4
17 89.108144 65.159945 34.163225 61.6
18 89.872306 66.724441 29.18028 70.0
19 88.610126 70.306682 26.327297 67.0