
0 86.333109 -0.25462 13.392362 -50.0
1 87.082265 30.816992 18.982373 42.4
2 87.000067 46.682356 32.407442 42.4
3 88.382963 63.91703 27.557987 54.4
4 87.352306 68.375864 27.614746 56.2
5 90.054211 66.310202 29.146349 64.6
6 88.493913 69.253648 27.590901 70.6
7 90.054211 64.135459 29.36755 56.2
8 90.054211 72.094697 25.319182 64.6
9 89.541305 68.131816 28.102185 64.6
10 88.199585 64.55755 29.738006 53.8
11 90.265439 64.263843 29.801604 70.6
12 88.414936 65.794334 33.31827 52.6
13 88.314949 65.254536 29.686978 37.6
14 89.994949 67.435598 28.161207 69.4
15 88.013109 66.057244 29.246921 49.0
16 88.549276 66.25479 29.012448 40.6
17 87.124687 69.158532 27.351728 35.8
18 86.393109 65.915332 28.543641 40.6
19 87.604687 64.830315 29.668333 47.2