
0 84.08034 0.915632 14.080044 11.2
1 86.333109 29.098906 15.877054 46.6
2 86.824418 46.656726 24.495566 35.2
3 88.837317 63.909921 28.645585 58.6
4 90.306562 65.938731 28.744399 66.4
5 89.883068 64.329803 29.917967 66.4
6 89.883068 67.441917 27.574481 71.8
7 88.986562 63.588408 29.928906 70.6
8 91.574764 71.577213 25.842213 70.6
9 89.883068 70.223029 27.741874 83.2
10 90.306562 66.058243 29.080156 59.2
11 91.574764 72.628451 25.247701 57.4
12 89.883068 71.799956 26.299703 70.6
13 90.306562 71.799415 25.739725 66.4
14 88.506562 68.828099 27.590678 66.4
15 89.883068 73.446782 23.921193 57.4
16 89.883068 73.458674 24.046955 67.6
17 90.306562 71.35696 25.607652 57.4
18 88.506562 69.997845 26.660098 67.6
19 88.986562 60.744664 36.427256 70.6