2.858244966914696983e-04
2.167577914545194551e-01
4.407400416573962754e-01
-8.082218403525502914e-01
2.056159264928444919e-01
1.000000000000000000e+00
3.017851816940582133e-01
2.918756815254791581e-01
-2.014866485990003397e-01
4.190102376632184322e-01
-1.410268751292320100e-01
-1.122199632209319176e-01
7.234164995560604661e-01
2.354747753233327190e-02
-1.000000000000000000e+00
1.574995096861276644e-01
-3.822337380354987046e-01
-4.601467052032102711e-01
-3.222308174311180884e-02
8.069187192902351757e-01
6.644294319037762353e-01
6.655802150117776650e-01
1.000000000000000000e+00
5.227556570762044164e-01
5.708967327920924095e-01
6.374546206433442386e-01
1.715596376555054148e-01
-4.922001233469258663e-02
2.264223755620674294e-01
-6.707919170324190272e-01
4.103697757908278954e-01
-6.612533424349809064e-03
-4.015631963753939493e-01
9.195111327007789992e-01
-8.178156585442404591e-02
-7.916113630828041092e-01
2.094067448414731469e-01
4.584885101630885029e-01
-3.507895293263192660e-02
5.094508494558669387e-03
2.413109595081271985e-01
-3.646425240529316270e-01
-4.316926656168018628e-02
-2.498979570390199023e-01
9.104121688869790674e-01
-4.029364993497108194e-01
1.103635964356591559e-01
-6.817407001160625812e-01
-6.517162984280404636e-01
3.128691094762027225e-01
-3.177841229468282847e-01
1.199972533792147411e-01
-3.802296231470793098e-01
-4.941773184836816823e-01
4.830687496200193887e-01
3.335518687463576715e-01
-4.951577272780227634e-01
-1.000000000000000000e+00
2.661952034086437768e-01
7.320428075764304765e-01
4.405337925258724363e-01
-1.000000000000000000e+00
-3.981756195798432652e-01
-4.043863130983041954e-01
-6.871513018712684939e-01
-3.334084389959929284e-01
-1.787630124039347179e-01
2.706883652480582270e-01
2.132037722171793437e-01
-4.403808935471129060e-01
-2.133006039364234163e-01
8.751762370922859524e-02
-9.769541694535510690e-02
6.052388901121731613e-02
-3.947561027379156151e-01
2.375591786709039394e-02
1.282740431863314823e-01
-1.010691049444977369e-01
-6.230678516427415881e-01
3.761985056327232790e-01
-8.541929254417358619e-01
-3.378762486928371112e-01
-5.154647540773779069e-01
-7.722093468821386586e-02
-9.681709093492856244e-01
4.427902441833596603e-01
-5.536850916497835229e-01
2.968241051146150999e-01
-3.997542220666072121e-01
-3.119355935450286443e-01
8.599352223763419012e-01
-8.985907106788629251e-02
5.465535025212403530e-01
-7.954932310333897583e-01
-1.000000000000000000e+00
-2.832858881180556621e-01
6.720479216680168566e-01
5.714836231049512660e-01
-1.568642425877532220e-01
-1.000000000000000000e+00
-7.341865564112115550e-01
-8.316022693435084490e-01
6.017514483797400948e-02
-1.652461779770033334e-01
4.710237318589450828e-01
4.206792253784882862e-01
-1.329984851385031808e-01
1.943420212421166360e-01
-5.128182745523188757e-01
5.316167698329349323e-03
-5.079184361541161374e-01
4.851190284798443941e-01
-6.184231824621821971e-01
-8.712258185086367845e-01
2.900315760132125553e-01
1.489064940779518120e-01
-8.924749016380505440e-01
3.923159345222322902e-01
-1.161343617547793694e-01
-2.691479741850579810e-01
4.489206766539629023e-01
-6.078480839459132756e-01
2.227268274394019754e-01
2.870203065327156522e-02
-9.937874580005547076e-02
8.037401457226842627e-01
-3.513056364594977499e-01
-5.495265834992187903e-01
-5.586684818660685448e-01
-1.000000000000000000e+00
2.692497846880165802e-01
-3.178453514783353695e-01
1.038860754235992473e-01
-3.945246232016292320e-01
2.539650894029928108e-02
7.325030435914353655e-01
5.108259054955960332e-01
1.000000000000000000e+00
1.189687039040505517e-01
-8.661087833125760138e-01
1.600676873203729644e-01
2.694995345638587919e-02
6.469336054334276498e-02
7.849094517954375849e-01
5.825417165271278286e-01
5.610920323825246969e-01
-5.764641408140340761e-01
2.059148335184360912e-01
5.274521165510577259e-01
-8.728712066793067881e-02
1.585865314132855475e-01
-3.494673080639917884e-01
-7.699269530815453511e-01
-4.354000139484108800e-01
7.381730664489472016e-02
2.508085032896770206e-02
4.635788389155478528e-01
-3.678516366407396654e-01
-3.598785788344900372e-01
2.359537974999221521e-01
3.400735908466694379e-01
9.543378280040107353e-02
-6.744165214842974265e-01
-1.612727166311394011e-01
7.897226904348507714e-01
-3.739535184199637152e-01
4.396456517292386401e-01
-1.166076485480554981e-02
9.108339850385702707e-01
-6.301901050757321432e-01
5.988631077102973821e-01
3.747411483715241687e-01
-5.969689450272321896e-01
-3.328690657353891580e-02
3.022722100135216694e-02
-2.057952422565555994e-01
-6.754510392144132958e-01
4.865032804381110298e-01
-1.108412958783059205e-01
-5.028169069369810007e-01
-7.407579456158622788e-01
-4.728790532745141828e-01
8.020568668524460376e-01
1.320047197524435723e-01
1.000000000000000000e+00
2.565074157613381756e-01
-3.750545081539821690e-01
1.593560019406691786e-01
2.590229917414336169e-01
7.551391613036685657e-02
-3.279314520271061073e-01
8.540874733932332652e-02
-5.700173106814990787e-01
3.073052786592530006e-01
7.550358901346856388e-01
2.185581092939835324e-01
2.515867135495488682e-01
1.000000000000000000e+00
-1.920447579288077633e-01
-4.315493541581980619e-01
6.077915583019814771e-02
1.000000000000000000e+00
-4.621484990763208289e-02
-8.221574894609762207e-01
4.195077939873660400e-01
3.285716719359984550e-01
5.312035617161479095e-01
-6.572501372596242231e-01
-1.000000000000000000e+00
5.825090138431606723e-01
4.898964495862945245e-01
7.608687447762825240e-01
1.000000000000000000e+00
2.106764905515170483e-01
7.624948132288232872e-01
-6.933068177244954278e-01
-1.000000000000000000e+00
8.978977790585779273e-02
-1.114882384246067559e-01
4.189498773360620376e-01
5.715005003240988257e-01
1.000000000000000000e+00
6.371751766451068388e-02
2.844776777501342724e-01
-1.116635981403552580e-01
5.273883684542566286e-01
-1.000000000000000000e+00
9.648266706193234787e-01
-7.386776931508082233e-02
7.060408028523839086e-01
3.944973643375346839e-01
1.030630364078649608e-02
9.164035997839583558e-01
-1.434421401370020166e-01
4.075358038321512666e-01
-8.180008240507283812e-01
5.862543947894834906e-01
-9.732138899369481566e-02
-1.601620298079979576e-02
4.993900015090308453e-01
-1.594969993007527842e-02
7.563102211510229766e-01
2.449658109951573515e-01
-3.018805680657870583e-01
7.987174501794973569e-01
1.000000000000000000e+00
1.000000000000000000e+00
2.432217866378781901e-01
7.171389112494368501e-01
2.885221300893515695e-01
-8.837310674718190651e-01
-6.384790771524680164e-02
3.427845629594227228e-01
3.074126074224433069e-01
-3.772511641144182803e-01
1.000000000000000000e+00
-1.000000000000000000e+00
1.000000000000000000e+00
1.925867842918985995e-01
6.776992395377269274e-01
2.969210426674370185e-01
-4.288393014451241103e-01
-3.770823568651257007e-01
4.348024043132973082e-01
6.300880623711401229e-01
