-1.222121744716296587e-01
-5.457399322499506544e-02
1.000000000000000000e+00
-3.832751895912100970e-02
8.175682778208768209e-01
9.228632566157650707e-01
5.374907353392534004e-01
-3.214614111388412465e-01
-1.476083606487373079e-02
-6.892344330685495901e-02
-6.585042186587423130e-01
-1.771704376930066938e-01
5.223866709138477726e-03
-1.704750566915875509e-01
1.210647203000734806e-01
4.312734646224530288e-01
-7.368600681930214114e-01
-4.382609568203390538e-01
-1.962337383549580261e-01
7.920742520156487387e-02
-4.775292331745193408e-01
2.012520130484618530e-01
4.108428649011895972e-01
9.442210471276424322e-02
4.432467151034298336e-01
-6.859435663620402357e-01
6.193193956811281486e-01
1.592032452537629761e-01
1.797667057245951328e-01
4.526033634270903994e-02
-2.362590837874264105e-01
7.453192929526184507e-01
5.522430211004262235e-01
1.647842812726849626e-01
5.771378124152775069e-01
-4.632161998714191542e-01
-1.104563700560282219e-01
3.297195867936501823e-02
7.567254790464336134e-01
-8.282946824398732533e-01
-5.972692948644194866e-01
-3.842940039167179744e-01
-1.000000000000000000e+00
-4.277517638272139155e-01
-7.150530259700828284e-02
3.095567157941591097e-01
-7.981374969427186272e-01
2.976976754745899179e-01
-3.104532528120946266e-01
-1.596971149771770349e-01
1.004720548361990734e-01
3.693520650192173571e-01
-5.847799867388484563e-01
-5.823249083845576379e-01
-5.002633875485843484e-01
-1.203530753347162863e-01
8.678834767248387594e-02
-2.379982646911593669e-02
1.225856999106121337e-01
3.141171486050850503e-02
3.231381125473000576e-02
1.834851860434363602e-01
2.402966083244120754e-01
-1.848797259400807858e-01
-1.094398678226955468e-01
4.027126216321902374e-01
1.334297356862191863e-01
2.615494727677180609e-01
-1.427209055183038533e-01
3.566361281951401785e-01
4.169582136759870106e-01
1.322689764582672678e-01
-5.707357069692130525e-01
-7.335056098010268588e-01
-7.443044635128618358e-01
-2.482521343393366831e-01
-1.044870902116465938e-01
-5.142064695482266856e-01
6.999068124311309536e-01
-5.515449878594564509e-02
2.009104133593495600e-01
-1.885554967850126828e-01
2.289977900156293655e-01
4.270601929063742586e-01
1.000000000000000000e+00
-1.676294122291258903e-01
8.131374293616591142e-01
7.320330253110013397e-01
4.268683473644889759e-01
1.000000000000000000e+00
1.966545948402528832e-01
-3.309355787004253369e-01
-2.534391408552543190e-01
3.572773323289188951e-01
-1.000000000000000000e+00
-7.772665581465606488e-01
1.609121429560587124e-01
-6.155549086896836553e-01
-1.185658896615982422e-01
5.561689485429082147e-01
-2.137977628220917026e-01
3.382006197781395329e-01
-4.648531553409587791e-02
-5.347283645714398514e-02
1.491026854565677406e-01
-7.705463776574353885e-01
2.066237068894904438e-01
1.000000000000000000e+00
4.288757196922616255e-01
-2.985024174806465980e-01
-1.000000000000000000e+00
-9.934187614330650118e-02
-6.913294349306658981e-01
6.297259537133518270e-01
-2.401101052991404805e-01
4.361898846131208318e-02
2.285722289121767253e-02
-9.077490657158865384e-01
-2.724625209452244956e-01
-1.000000000000000000e+00
-1.000000000000000000e+00
2.182136191164028571e-01
-3.348122118563783278e-01
1.241815805142292006e-01
-2.129003870310604563e-01
-3.298223228341877200e-01
-1.000000000000000000e+00
5.289441508269038250e-01
-1.000000000000000000e+00
-5.719713211140990683e-02
-7.302596244325590402e-02
2.463666376508876210e-01
-5.963939669787736708e-01
1.678146622478129402e-01
-3.494455827498280653e-01
5.484284575547193619e-01
-5.420055252807890467e-01
2.442368385522955265e-01
8.442486393592343319e-01
-1.743388250200857414e-01
5.924749998593099587e-01
5.723995064969144009e-01
4.777963009682610340e-01
-6.741174285047157877e-02
-8.090861143334833194e-01
-5.169208699550492669e-01
-6.867818134802992081e-01
-5.648160437481352103e-01
-6.981307728536834123e-01
2.623183643802720622e-02
6.032188721299109463e-02
-3.586841442778355704e-01
1.523848561590716022e-01
3.035157656414330107e-01
2.990302165784448629e-01
-6.668154798748219259e-01
-9.422701333295345760e-01
8.484193845767769027e-01
-1.000000000000000000e+00
-3.938451166699093453e-01
-9.395591743345010904e-02
-4.114526887053174264e-01
-1.166260231104468414e-01
1.418172546857171534e-02
7.444711950919927212e-02
5.055933263880127981e-01
-2.026653029238333070e-01
1.344723517916845135e-01
8.347332359665914359e-01
1.784082112488046545e-01
-5.824361237770695476e-01
-1.878194946794457809e-02
4.899764639802153265e-01
5.231238636785568996e-01
5.565360087029364022e-01
-1.677768964478415781e-01
3.664339735412809884e-01
1.689096244051594142e-01
1.846276693250529510e-01
4.766346148960357021e-01
-6.059812951320746599e-01
-8.677655002516199145e-02
-7.270815601330858913e-01
-1.000000000000000000e+00
-1.754266577710290598e-01
-1.731291338284532411e-01
-2.265364083026918940e-02
-4.014725942973383921e-01
-4.951837593879727661e-01
1.337532917511372044e-01
-1.137671582296024275e-01
3.691203308520095705e-01
-2.547192535898495369e-01
5.220022281714431500e-02
-1.000000000000000000e+00
-3.145840199369080714e-03
-8.247331706189192646e-01
2.998581560914956867e-01
-6.139676718645925568e-01
-9.859103295796714517e-02
-2.030980841331389564e-02
-1.000000000000000000e+00
-3.987996332119470022e-01
1.000000000000000000e+00
-3.527812051953804762e-01
-8.479407889301706636e-01
1.826369707383621588e-01
-6.550651378428222760e-01
5.483553234557743405e-02
3.198067181735197440e-01
1.769002697299345561e-01
-7.347449727645007922e-01
-4.046830503396491308e-01
9.259524770184410780e-01
9.805919220289212035e-01
5.680669781144116470e-01
-1.909847361116200903e-01
-9.090282721155806822e-02
2.279695356537075890e-01
-7.147146398345807783e-02
7.048673382210365879e-02
2.726615332520143653e-01
1.849923667026565632e-01
-1.000000000000000000e+00
-6.511697652117497126e-02
-1.061847707104158350e-01
6.835309837407643752e-01
4.703720656877248274e-01
-7.795186531744796588e-03
2.313793884646294652e-01
-3.331182561986818502e-01
6.441858638436199769e-01
2.460880389515637534e-01
-8.656825388503064378e-01
3.491555348419953519e-01
1.478230510576263868e-01
-2.315740286184336805e-02
5.247093857293343433e-01
4.632466407025803701e-01
6.139173570853529993e-01
8.277210301033549600e-01
2.810521469529124738e-01
-2.588974924073385586e-01
-3.916787912726982235e-02
7.737557297185083949e-02
7.823393437526537930e-01
4.000798692867626460e-01
-5.376855250699907190e-02
6.024315159174407075e-01
-1.000000000000000000e+00
-8.009747865470862038e-01
-2.287627785884401854e-01
8.102147280279315966e-01
3.414711806062018518e-01
-9.416257935778574728e-01
-4.179268206692850485e-01
1.765408639410407932e-01
3.403276514879908232e-01
1.237540618253581137e-01
-1.000000000000000000e+00
1.162197569414052112e-01
9.321078723665602306e-01
3.395347392777857687e-01
-1.326495691530280574e-01
6.819417015286322048e-01
