3.442982116193218922e-01
-3.665909281669729181e-01
1.000000000000000000e+00
-3.990317816108033266e-01
-7.241356158129088616e-01
8.013692888269555725e-01
-9.801385012847475542e-01
3.181014726338594056e-01
-6.221970839900704542e-01
4.046955428406391331e-01
2.367299089237644844e-02
-3.473634081824248515e-02
-1.989746605781884115e-01
-4.528835760620800732e-01
5.929255018923933473e-01
-1.392761870045039763e-01
1.417884989988652533e-01
2.781912350096428233e-01
-3.802445378682605681e-01
-3.875601309846343212e-01
-4.664604962414249378e-01
-4.971505339641821841e-01
-5.089945806482621959e-01
8.394402928837363387e-01
2.818120729419688608e-01
-5.033502304440984343e-01
5.246449645880401080e-01
-9.300774013917567640e-02
-3.118574126805352398e-01
-8.909551726504272295e-01
-4.715879702948363450e-01
-2.575384281257167007e-01
9.549493824314959911e-02
8.171401698953084658e-01
-1.000000000000000000e+00
5.034089251830287104e-01
-9.617005654431451944e-01
-7.482188685147257434e-01
9.690586686475548550e-01
-3.638674739533057090e-02
-3.742988791382625274e-04
-3.409885128815507427e-01
4.019931463462768084e-01
3.558325387822557778e-02
-3.954929708308987379e-01
-4.660700140366255129e-01
-1.223367399027494029e-01
6.740040600913657087e-01
-1.732924749465860892e-01
-4.458819338027916745e-02
-2.186280635467459932e-01
-3.089793745773532496e-01
-2.095702106202375348e-02
7.816707062265382255e-01
-8.067864151625744884e-02
-1.000000000000000000e+00
4.856905981796642013e-01
-9.859783754583687498e-01
3.370314953287129600e-01
4.764905831264466540e-01
-6.689640239799184984e-01
-2.130880702511494251e-01
-9.031355614178369073e-01
1.380717384731758868e-01
9.906041333346292665e-01
2.968220299732793888e-01
-1.000000000000000000e+00
-5.901276568331588201e-01
-1.796335474191820269e-01
9.790191063579964381e-02
2.546916910407193146e-01
-9.649259583160580966e-01
-9.545338087306265429e-02
8.704919664987234573e-02
-2.810474164147155895e-01
-9.660779836725191805e-01
1.117872777093812803e-01
1.944232535206186219e-01
-4.260438163739802692e-02
2.802405088777711883e-01
-9.078751027338650692e-01
-1.274865035234254429e-01
-3.713956762295083092e-01
-7.410289322781034027e-01
2.849117395505283978e-01
-9.733334707904708338e-01
-3.713826849133237684e-01
5.516073151104516903e-02
4.254336702441673945e-01
7.456070867283677572e-02
6.689436551169622991e-01
5.566688277851008504e-01
-6.876736655866001469e-01
-8.975095003151032161e-03
1.424161929292986489e-02
-1.750277828839034711e-01
2.085159648011237696e-02
-5.906765608182870109e-01
-1.339361781928612716e-01
-9.820687142202827458e-01
7.512679321807422816e-01
-3.777927289126215699e-02
-6.083254928946995044e-01
4.837685361667901640e-01
6.743729673378047462e-02
-4.066739223062767472e-01
7.742944093287820184e-01
-9.635625221795944828e-01
1.690911856010586800e-01
-5.317689454755131218e-01
-8.048022818837717862e-01
-2.106602832188068097e-01
3.120139223604185275e-01
-3.315586098668975995e-02
-2.926295300960287671e-01
-2.077689094172431028e-01
1.000000000000000000e+00
1.000000000000000000e+00
-6.540854197856036389e-01
-5.056996060532054083e-01
1.000000000000000000e+00
-1.827603480900880650e-01
3.714642846258963127e-01
1.842385634572352160e-01
-2.739370106923162407e-01
-2.789108000354459937e-01
-6.453676741352666335e-01
7.813355889648685437e-01
9.386708120263814736e-02
-3.235546115698319514e-01
4.793610062869642641e-01
7.980851403611495254e-01
-1.000000000000000000e+00
4.982693784150850069e-01
-1.000000000000000000e+00
-3.377445544534637412e-01
-6.766695020878957800e-01
3.610987134884506289e-01
-8.093375248605358396e-02
-7.076216366082691001e-02
4.151712730773072235e-01
3.917296903512529349e-01
5.511171389883317423e-02
-6.925484189765732101e-02
-1.000000000000000000e+00
-9.448436773181621007e-01
5.388990028024687878e-02
8.075136637171163034e-01
3.341309172284092077e-01
6.989851950014620841e-02
3.888145240355527776e-01
-5.395339518576124371e-01
1.000000000000000000e+00
-8.070894576207107152e-01
-2.717199180091660615e-01
2.803963571051152487e-02
6.426082642905741604e-01
-3.825926563069678155e-01
4.889833907693838522e-01
-4.556586121090384633e-01
1.000000000000000000e+00
-3.110139530127886687e-01
-3.851271561847369185e-01
3.623569712434797085e-01
-8.832726966444222061e-01
5.541714011003349150e-01
3.528616219499658424e-01
4.843037185259639610e-02
3.198399653759361194e-01
6.688660048101832123e-01
2.589996542442291050e-01
-1.866136291479525144e-01
-9.325428094196878126e-01
1.240119015431438848e-01
2.492998750827896681e-01
-4.379076448694665391e-01
-8.108946564195003426e-02
-1.000000000000000000e+00
-5.351238408039159927e-02
1.396005815303216768e-01
-1.984802675076134948e-01
9.185273004031045962e-01
-3.180158592262516959e-01
-5.146875533475370190e-01
3.737268322252125241e-01
2.909153469430542441e-03
-6.089766883497794714e-01
-3.211944658336169933e-01
7.909734792383195101e-01
-2.977296742027081278e-01
-1.309023946030447305e-01
-4.098218355403612234e-01
3.761491410937156665e-02
-2.527131659315520751e-01
4.678493888119124033e-01
-5.442027899511160394e-01
8.623960395982090965e-01
3.849237011675062103e-02
4.024831766444113557e-01
4.190450782020485043e-01
-8.305966460703485474e-03
-2.580529340834700758e-01
-3.326181815720309354e-01
-2.197028802525385904e-01
-2.700228972295791730e-01
-4.258751760466381736e-02
3.413071289675726483e-01
-9.816977462468350346e-01
-5.257110088563591299e-01
-1.966794276005086051e-01
-5.191392254737726697e-01
8.243194953345575060e-01
4.306125870018607249e-01
8.070082266872345977e-01
3.905179103260763562e-01
4.029340888442314861e-01
-9.775789902611334847e-01
6.109299231980291900e-02
-1.091919664424668285e-02
3.543858459461325938e-01
1.743015461167861102e-01
2.710581811572897459e-01
7.775388884142622192e-01
5.456468124422144683e-01
1.336459731629882075e-01
8.356057750616119328e-01
-9.787282131349201997e-01
-1.657718273180004975e-01
2.452728161079274771e-01
-1.000000000000000000e+00
-3.632126541839159062e-01
-3.444983814333022615e-02
5.848193885491084765e-02
1.308842298941054472e-01
-1.000000000000000000e+00
5.666090336586486753e-01
-2.586766331264434005e-02
-4.627964520911679452e-02
9.239121165421043669e-01
1.854184266141891968e-01
9.520589661578138241e-01
3.238003849362146025e-01
-2.289385531909932103e-01
-3.797101970373608637e-01
1.760959332770699048e-01
1.372509568011339720e-01
9.802736346936979928e-01
-5.410007517092154661e-01
-2.295760935487122789e-01
-1.796900991095444489e-01
-2.535029470950449920e-02
-3.331037290285920882e-01
-9.418310469067912027e-01
8.416448436849882642e-03
1.000000000000000000e+00
-2.783817806710361387e-01
7.209257160294122446e-01
3.778862965937546115e-01
8.272725243930555417e-01
6.478981800300153138e-01
2.228160897543372820e-01
-2.777848123151992477e-01
2.551621662054541773e-01
1.396463368510360570e-01
4.348454306272882541e-01
