-8.311983518721081099e-01
3.444339417400336112e-01
-1.000000000000000000e+00
6.020140504066269216e-01
2.401090842381800594e-01
-5.889532794019907147e-01
7.227143956008993952e-02
-6.801766548628729314e-01
-7.206480626789831812e-01
2.512179664253733069e-01
-4.963863590107310819e-01
6.081704428684560071e-01
-3.982235011782761513e-01
9.266081993992341115e-01
2.761699519767357724e-02
-1.744482622575461717e-01
-1.000000000000000000e+00
8.408675711372726180e-01
-5.505871320693295212e-01
3.883373880348115481e-01
-3.976320826209303605e-01
4.297331797357097360e-01
-4.533814722933428576e-01
-6.665740725616535745e-01
1.545600817569777741e-01
-8.803527254940918256e-01
-7.137213971696960979e-02
-6.577512149559989751e-01
1.685698186409186894e-01
-4.238135302922331205e-01
7.745016306534855399e-01
5.710669441249728306e-01
3.054961632482589007e-01
-2.607276126399191707e-01
8.096583028716126673e-01
-5.717431736913053397e-01
-2.426963266350806725e-01
-4.380856595682893762e-01
-8.649936570086841359e-01
-8.863930436925384626e-01
2.794162544891702904e-01
-1.027443313829322913e-01
-1.798650972498962164e-01
3.425463286115150441e-02
-6.683288406982093033e-01
-4.433628922133381334e-01
-2.510097651070091196e-01
2.279261822647922486e-02
5.329584276633679840e-01
5.080244242123646004e-01
2.494616878523506220e-02
1.000000000000000000e+00
4.173822550780342810e-01
-1.448850881294157233e-01
-1.000000000000000000e+00
-4.354263188430260167e-01
-4.534821264055285961e-01
-2.933633785020453577e-01
-5.872160085259833240e-01
-5.155110582408825026e-01
-3.790437036942978510e-01
-3.938962890559236096e-01
4.285027789709330848e-01
-4.568404596344849966e-01
-4.311152274434119636e-01
-3.559588771469735513e-01
5.662441852523046881e-01
-6.116672437970077647e-01
5.953236189640532805e-01
-2.594825548149841052e-02
2.212900200088437352e-01
3.860011204267564389e-01
-8.098399235791114981e-01
-9.807507228566109125e-01
3.618268431678017816e-01
2.065158671711356808e-01
3.203990942213941207e-01
5.107500948926749773e-01
4.467024127854036797e-01
-2.421101436403909901e-01
8.532751198181850461e-01
-8.148397671051266222e-01
7.211079171133497612e-01
4.020394763329733778e-01
-7.874761327647652465e-01
8.502845747151616118e-01
-8.649860412677576882e-01
4.115464745128816215e-01
-3.886753440843815910e-01
-7.847153103148178932e-01
7.111595051511507837e-01
4.096719056090472044e-01
5.768638582485130506e-01
-2.259146874271276695e-01
-3.907847305799542759e-01
2.039417749683057890e-01
8.322073007306678427e-01
-2.565259076757318568e-01
4.994438739526361748e-01
-3.395463856317210705e-01
-3.247314426072880900e-02
6.689051736692427919e-02
-3.470581028029224857e-01
-4.322222796028246106e-01
-3.642680980940184998e-01
1.555570681870552530e-01
-7.532395725359631866e-01
1.000000000000000000e+00
-1.000000000000000000e+00
-7.965155209894714261e-03
1.000000000000000000e+00
-8.312870423958466093e-01
3.190269578921356430e-01
6.525666509428590389e-01
-9.771408815575358675e-01
2.783875111515022316e-01
1.382620568275504946e-01
6.182015152096503874e-01
3.312955178204188278e-02
1.000000000000000000e+00
-1.239631679651787277e-01
3.847882184154498009e-01
1.000000000000000000e+00
-1.931694979467812046e-01
1.786559842344260240e-01
-4.330610235377257977e-01
-8.762057670164871137e-01
-5.994941652711562874e-01
3.207291144269168170e-01
3.337712571088011226e-02
-4.480198520592132971e-01
9.001455577249226625e-01
3.386981704906938950e-01
7.864561963623635243e-01
-6.787189844457955923e-01
5.739109519605515297e-01
-5.614876612279912083e-01
-6.247996894877385632e-01
-4.833543447324066822e-01
-2.276065542255908403e-01
-1.987182981836718987e-01
-4.437504506361013568e-01
8.584924995127607428e-01
-8.057837825660882913e-01
-1.097680517002769945e-01
6.066750936272384820e-01
-3.241671439334879445e-01
1.000000000000000000e+00
7.730279739150888174e-01
2.751529738462705765e-01
2.288981167371563485e-01
4.388611914215160281e-01
1.486849019813879513e-01
6.465154512901885031e-01
5.894644256335762611e-03
-5.726983994712648851e-01
-8.293092672812061306e-01
8.930359200006966480e-01
-4.328944541132745960e-01
3.634179541007633851e-01
4.328287171293654367e-01
7.207508538509674878e-01
-3.906640906920334499e-01
-1.000000000000000000e+00
-2.222108940116857556e-01
1.000000000000000000e+00
-7.212922710699763984e-01
-7.659261448950727136e-01
4.482178793203686062e-01
5.958432278179809360e-02
-3.464730416301497473e-01
-1.083704958274239460e-01
3.189698895413874413e-01
4.454622880985550926e-02
-1.056347529109423616e-01
-7.767715105214874349e-02
5.231981448579858807e-01
1.031566770456717741e-01
3.982207253606050434e-01
7.001300028396557629e-01
3.703420667286801971e-01
6.317933932363565264e-01
-5.248558868143674561e-01
-3.486351383772204326e-01
1.745676957364382942e-01
-1.000000000000000000e+00
-1.000000000000000000e+00
-7.723439929308384411e-01
1.422534947545325834e-01
-2.691650521393817996e-01
4.989970816385617680e-01
-1.326673796843022002e-01
3.690678340524797957e-02
-2.020943338445735649e-01
-1.000000000000000000e+00
8.738071689736282011e-01
-6.153178881474806738e-01
-9.067695826501288858e-02
-6.230061426004168679e-01
-5.563123147464464902e-01
-5.080784387147428971e-01
-9.232097357339815735e-01
-3.322003409381511507e-01
-4.496801956473954753e-01
5.474557953731618021e-02
-4.356871880114713824e-01
2.708930042872384480e-01
1.600154962191786545e-01
1.000000000000000000e+00
8.491545956254102634e-02
4.250857129628341502e-01
1.714284658082082524e-01
4.116299458555220947e-01
-2.417659971611204051e-01
1.903728346203701349e-01
-8.767320476630937609e-01
-5.337762959106796545e-01
-1.000000000000000000e+00
2.492973338460205412e-02
5.486824694442076211e-01
3.858136222147116046e-01
-3.509763329271617938e-01
-8.485186500548436150e-01
4.424877910687983196e-01
8.641537317384646588e-01
5.683283423957854463e-01
9.993426044606404934e-01
7.643045351231534390e-01
4.624426078076819824e-01
-5.325536656934524160e-01
-4.252564021987878529e-01
6.771911673524911857e-01
2.328189904308222702e-01
-3.894936511456464912e-02
-4.896360816028967333e-01
6.083380205591533141e-01
-2.203835830621704572e-01
-5.671835816622335935e-01
3.040144138651967864e-01
-1.449353125334091469e-02
-2.880507245601065039e-02
-3.885254508427912756e-01
4.797613682130814905e-02
-6.000242573415047742e-01
4.468068735501120603e-01
7.128587076070437289e-01
3.422233739773488104e-01
2.967875324571545570e-01
-1.310970694623121990e-01
4.945016787003814751e-01
-5.959310344206838472e-01
1.000000000000000000e+00
5.640621228112983054e-01
-4.860376203025057462e-01
3.912184126140259566e-01
-5.196035035877564212e-01
-1.158303089251572215e-01
3.500975054182781654e-01
2.420039081940682513e-01
3.243590819999429553e-01
-6.062471626542276226e-01
4.214101810407995807e-01
4.800199951232536066e-01
-7.360692152419597845e-01
-8.321694402387359579e-01
