
0 56.910955 -3.181341 7.804415 -30.0
1 48.963047 5.87487 12.29925 -40.0
2 66.405289 12.849933 18.115268 -20.0
3 65.884108 27.267902 15.526882 16.6
4 87.816168 32.208771 18.426607 -20.0
5 75.133532 33.017057 17.901357 -10.0
6 84.391054 35.928941 18.476304 -10.0
7 75.540414 37.480432 17.907012 32.8
8 87.458942 43.980292 17.745977 42.4
9 87.458942 44.161891 19.915939 42.4
10 88.065064 46.38639 19.226013 34.6
11 87.358336 43.817589 26.190665 37.0
12 85.896796 51.348386 18.205919 25.0
13 88.416796 52.102121 19.255814 15.4
14 88.337405 55.532908 17.437154 25.0
15 88.337405 51.656906 18.768653 22.0
16 88.551655 56.634526 19.65076 34.0
17 86.685064 56.842811 18.427862 21.4
18 88.337405 55.354715 20.163219 41.2
19 89.205064 54.824784 19.457206 44.2