
0 12.579465 -4.224155 3.280534 -80.0
1 66.478539 6.244291 13.23496 -40.0
2 75.846708 19.570858 14.667032 -40.0
3 75.540414 27.245407 15.156742 3.4
4 82.537814 28.425585 20.464001 15.4
5 86.912828 36.438463 18.858684 23.2
6 85.29289 37.889491 15.90258 37.0
7 88.776168 42.088314 17.305378 37.0
8 89.246695 44.03375 18.902304 45.4
9 89.591096 47.100578 20.045004 59.8
10 89.351959 50.079125 20.318033 58.0
11 86.60909 51.27189 18.967911 29.8
12 89.351959 52.417319 18.973185 25.6
13 88.905064 51.326162 23.23754 58.0
14 87.969651 50.662127 30.276277 31.6
15 89.351959 53.505373 20.40069 59.8
16 90.431096 56.085865 21.15581 59.8
17 89.351959 55.255066 21.26177 59.8
18 88.905064 58.381837 20.331109 55.0
19 88.909391 55.057922 21.150376 55.0