
0 39.950144 -1.96893 7.570707 -60.0
1 48.937405 6.215731 11.980553 -40.0
2 65.618184 19.407545 15.940112 -20.0
3 66.070411 31.472385 14.076642 33.4
4 75.279688 29.669415 15.730278 16.6
5 74.480853 33.612615 13.817595 -10.0
6 83.234917 35.443742 15.718567 13.0
7 83.714917 34.914313 17.268999 11.8
8 75.431655 36.051154 17.535645 16.6
9 83.714917 42.06107 17.054286 16.6
10 84.938574 39.435332 17.189108 16.6
11 86.647123 39.311368 17.950926 5.8
12 87.204294 43.833747 17.897611 43.0
13 86.126534 44.656044 17.896594 29.2
14 87.737119 42.784082 19.704922 40.0
15 86.126534 42.177202 19.02465 44.8
16 87.737119 45.931005 18.829296 29.2
17 87.737119 48.231547 17.977785 29.2
18 87.456796 47.40873 19.903158 40.0
19 87.204294 50.930865 18.242438 44.8