1.055663074906407067e-01
-1.011691710288838975e-01
1.573851206609384601e-01
-2.848921872606154371e-01
-1.000000000000000000e+00
-9.725159583545767150e-01
8.882967040787043134e-01
7.290253650549859410e-01
-5.360990404003104226e-01
1.000000000000000000e+00
-5.303052055671777509e-01
-1.688122995235523949e-01
-4.666650992440513068e-01
5.646670869379787350e-01
-7.062862480355329708e-01
6.292757290992226360e-02
2.789514660761678866e-01
-5.959515553998046000e-01
-1.736241672153489846e-01
-3.084717473907092611e-01
1.000000000000000000e+00
6.956716725389390232e-01
-1.000000000000000000e+00
-7.769017326975359572e-02
6.692840989143158392e-01
7.742138160598055485e-02
-6.556293636906211919e-01
7.322262565922982303e-01
-4.069725208509202830e-01
-3.772771140402418899e-01
-5.637708792450379924e-02
8.735808366274876169e-02
-8.895429109323106653e-02
-1.429489954067406088e-01
-5.034282807756028655e-01
-3.123868146938379997e-01
-3.349335019886903742e-01
-3.495421735673084201e-02
-2.215644019437498780e-01
2.540736630884166125e-01
5.409501541723507612e-02
-7.201503130215503035e-01
1.751661787191953201e-01
6.515352368055484789e-01
1.227835580231852325e-01
1.871921846623814945e-01
3.559909087812560546e-01
-5.160686516975171445e-02
3.475641417491203700e-01
-5.088371461925236261e-01
-3.405224263756778669e-03
-3.813047543211359747e-01
3.311174409209601821e-01
-6.313522305656733558e-01
1.987574634246386945e-02
-1.106765570089492390e-01
-5.300353812508166174e-01
4.113870323604182921e-01
4.484280059063588952e-01
-2.958124720399127328e-02
2.686703414696871295e-02
-2.083806010898390793e-01
-9.768592867614211972e-02
1.932450003658218729e-01
4.335110299852635296e-01
-3.430687366877766542e-01
-3.160390330707453233e-01
-1.226507563209404683e-01
-5.689944200967512744e-01
6.628310842128783964e-01
2.635667713570464255e-01
7.751274420646554753e-02
-1.000000000000000000e+00
1.480717691263563895e-01
-3.504659816335086719e-01
2.774698090738315637e-01
-1.997196649043385674e-01
2.637616763852443924e-01
-9.446225291340938635e-02
1.327563363650631489e-01
3.327329257362355852e-01
-3.517524940507592568e-01
2.066251945127900447e-01
-9.268267998644159622e-01
-2.427533966220341566e-01
-3.755312986826571664e-01
-8.501483664535301743e-02
-1.042464134082771166e-02
-6.076510077344734473e-01
-1.229654755779592545e-01
-2.963385261846378516e-01
3.304617517743950184e-01
7.865799178720499496e-01
3.492397071266370445e-01
-7.052479558618793831e-01
2.843387320651423189e-01
-6.747672590952541460e-02
-3.860518020242631465e-02
-2.725527653934511907e-02
6.304647093872044472e-01
-1.000000000000000000e+00
-2.237814415439436933e-01
4.615199042984823863e-01
3.413022000792375055e-01
2.248885892731505021e-01
2.184605240651788516e-01
-1.158452888409888804e-01
-5.232034103074488796e-01
4.055010874355239880e-01
3.990858632161145558e-02
-1.385535492865209717e-01
-3.517524940507592568e-01
6.942809753760612601e-01
3.153573899222902877e-01
-7.104180088024967255e-01
-9.670178416618970818e-01
3.289816537658500351e-01
-6.492730976099029272e-01
-1.000000000000000000e+00
-1.453618675997515597e-01
2.443838214197574243e-01
-9.004653754088407513e-01
5.963888146995414974e-02
4.025648222029243328e-02
4.010755964428486808e-01
1.000000000000000000e+00
-6.328670890021805828e-01
1.000000000000000000e+00
-7.953629727944308003e-01
6.892744254742027010e-01
7.585199257167860587e-01
6.415342739882335943e-01
2.353655507871495467e-01
4.581578955884742510e-01
2.615739111959707874e-01
-7.998417848854991186e-02
1.791827388096023377e-01
-3.141124340079781696e-01
-4.300873073569425609e-01
-1.000000000000000000e+00
1.141212285570684382e-01
-1.000000000000000000e+00
-2.007591777779631492e-01
2.009103812979121939e-01
-4.233504167301395671e-01
-3.832104837044889578e-01
-1.809455825420895336e-01
-2.426490643213470855e-01
5.421506681641283798e-01
3.366482866224451698e-01
1.539340771016223242e-01
-1.342695029761597214e-01
1.957953683661265154e-01
-8.061005071625509943e-02
2.454186572615439654e-01
1.000000000000000000e+00
1.280209788974472351e-01
-2.805322966885910319e-01
-4.460973840602842078e-01
-7.386164169496096665e-01
-9.394187389625452411e-02
-1.205059530370890253e-01
-1.552840392717450835e-01
-1.000000000000000000e+00
-1.000000000000000000e+00
6.384499011698806237e-02
-1.880128013383444152e-01
4.034190817426601128e-01
3.659767122707313636e-01
-1.000000000000000000e+00
-1.000000000000000000e+00
-4.312060051876839273e-01
-2.412241193570721642e-01
8.913203571584502605e-01
5.895376675288008794e-01
1.977811924462441473e-01
2.805047094316959200e-01
-6.338395249886493721e-01
4.270971386626289945e-01
1.070187522831453214e-01
3.812077957579218523e-01
-2.509586667387144754e-01
2.607619336106872798e-02
-1.000000000000000000e+00
-1.000000000000000000e+00
-2.488451656518643751e-01
-3.617008467372595515e-01
-6.557126673950261497e-02
-4.856464156790381015e-01
-8.018109456873715457e-01
-1.000000000000000000e+00
-4.045753197812064217e-01
-3.072848395029206814e-01
8.818029553975684220e-02
-5.738894090485210375e-01
2.387915159596998571e-01
5.447532922458764304e-01
-1.328733652421743017e-02
2.465836297606438521e-01
5.324238001912922069e-01
1.179299514020689249e-01
1.000000000000000000e+00
1.579460911988812832e-01
1.262587963366268440e-01
-6.635742984015956525e-01
-7.193757347421838588e-01
-7.943218526701514293e-01
7.518973620350647424e-01
1.000000000000000000e+00
-1.543144532207634534e-01
-5.501523824169771704e-01
8.759119351076609383e-02
1.695407457423412922e-01
1.000000000000000000e+00
3.102148305117403693e-01
1.635792026459639281e-01
2.113932984703110196e-01
6.425487672615446538e-03
1.709796861731199824e-04
4.445975549453784481e-02
-1.294685970930217755e-01
-1.170428815569996839e-01
2.433943993622071922e-01
4.230551754995395819e-01
-1.427116247673149707e-01
-6.242140153743682696e-01
-2.120481676790404030e-02
1.286270720346741059e-02
-7.884180149502073576e-01
1.315248095066813006e-01
-3.701751983721506267e-01
-3.200632071151802149e-01
5.317887936371294977e-01
5.322815053408298802e-02
1.631866675781372678e-01
-2.333568238586479215e-01
-1.000000000000000000e+00
7.466948144816730748e-01
-1.000000000000000000e+00
5.049425796072919415e-01
-6.508390262184843289e-01
-3.254892233579347316e-01
-6.185175891107470847e-02
3.187148651324211435e-01
4.328541712451175472e-01
1.127445583546360791e-01
2.915608889183871760e-02
-8.770157901131291345e-01
-1.485508995490398831e-01
2.110102866499652119e-01
-5.198620542388356913e-01
-3.407689682506725992e-01
-5.834232112655979297e-02
4.754276183111798004e-01
3.330073485704745373e-01
-7.583702423931342196e-01
-1.000000000000000000e+00
1.345534588940205112e-01
1.549702307899324116e-01
2.671152319730815128e-01
-9.333240376083069556e-01
-1.284265757583746836e-01
-7.894974546737242305e-01
-2.832427836201222293e-01
7.495398545701812409e-01
