
0 57.401578 2.441622 14.214155 -10.0
1 86.624051 43.243402 18.854271 22.0
2 88.567552 51.742099 20.744575 36.0
3 87.624051 52.672626 19.703453 48.0
4 88.897367 56.721361 19.36787 48.0
5 87.624051 56.507049 20.813735 34.0
6 91.249357 56.032173 21.385792 72.0
7 87.624051 54.366617 20.52701 58.0
8 87.627846 59.030474 18.892659 32.0
9 89.533532 61.353179 19.690129 58.0
10 90.371054 55.083319 31.935289 58.0
11 89.636685 56.508129 21.914077 58.0
12 87.624051 58.913639 22.834324 62.0
13 89.971054 59.646999 22.485517 32.0
14 89.436685 68.532848 22.2752 62.0
15 89.809685 62.272836 21.478902 60.0
16 89.436685 68.633039 19.65515 62.0
17 88.933532 64.411823 21.400101 74.0
18 87.624051 68.915697 19.009578 48.0
19 88.897367 66.534354 21.54017 52.0