3.726431160634883777e-01
-1.000000000000000000e+00
-4.550696098873768802e-02
-3.356494854916142190e-01
-4.090684025394085710e-01
3.019501513125245062e-01
-4.577124147661855158e-01
5.087942399298307494e-01
-2.621120521817976168e-01
4.630612886832969899e-01
4.178474116577851616e-01
4.299737479005374396e-01
1.165251670515558002e-01
1.000000000000000000e+00
-7.380173513314359779e-01
-1.015180234197689546e-01
-2.713223505687299697e-02
4.027579541228917259e-01
7.835745943793681612e-02
5.150106772249384290e-01
2.207431461300238262e-02
-1.376268528542209657e-01
-7.237972584668526110e-01
-1.983851699994522433e-01
-1.170910879084059719e-01
-2.021474944869442181e-01
-1.000000000000000000e+00
-6.310294083861907044e-01
2.744440039103309692e-01
-2.787397928543717818e-01
1.529227823782067786e-01
-1.000000000000000000e+00
1.358110213933618748e-01
5.803515593007670947e-01
2.933493711744885601e-01
4.510620520271174660e-02
4.216877285334670877e-01
-3.947439908171079259e-01
-4.128604729661635719e-01
-4.474611857059136999e-01
5.463541462811455363e-02
7.168249014881398207e-01
-3.813593975627068700e-01
-1.411796965762746603e-01
-2.735761927946965266e-01
-3.179269944155246330e-01
-5.569060211258560766e-01
1.852412488640220734e-01
-7.983736139413413202e-01
-1.502390068714375138e-01
-4.624760400837467644e-01
-7.112200325933352996e-02
-5.747550209995849757e-01
6.531635819577730206e-02
3.382307723653529830e-01
2.951807482954322062e-02
-2.963308211018119698e-01
4.493247614401292556e-02
8.502207333050135207e-02
7.692001122648195466e-02
8.493972024367374418e-02
4.512341890107580133e-01
-1.000000000000000000e+00
-6.400223942616395378e-01
6.498261787309422832e-01
2.126420324407761187e-01
-1.000000000000000000e+00
-5.756362257934568571e-01
5.846829247821960784e-01
-1.310681814263882639e-01
1.921451907265070147e-01
7.287313508018387065e-01
6.062221980557902512e-01
-1.000000000000000000e+00
4.794532699858654601e-01
4.319601921228337083e-01
-1.858512946938724042e-01
-1.000000000000000000e+00
4.691470649223299927e-01
-1.000000000000000000e+00
-1.887091833184911527e-01
-3.652260726375600175e-01
6.771623967382029985e-01
-6.295639375343031752e-01
1.791512574280293979e-01
-1.510254429677241883e-01
-1.179956088553150984e-01
1.759370945412370157e-01
-8.986165390420038090e-02
-1.000000000000000000e+00
-1.731966196245346076e-02
-5.375532603243046159e-01
-2.944427026353357846e-02
5.938039252456571715e-01
7.357856488027608721e-02
-8.218605795652318413e-01
-5.083225353647025796e-02
-1.681608062246722768e-01
-6.413353194265795920e-02
1.000000000000000000e+00
3.118699405045023409e-01
1.366400075058798735e-01
-5.931082374515204148e-01
-1.240293244790631189e-01
-4.091132798652368230e-01
1.702223106646988393e-01
4.586296717898712405e-01
6.745276263087059965e-01
4.321620425455602321e-02
-3.269498784838740235e-01
1.323099032845900802e-01
3.079504385766269614e-01
4.179129691303030691e-01
2.979560307516598838e-01
6.993462049434902017e-01
1.968032131796836615e-01
6.789750009275168086e-02
-6.425354474370863489e-01
2.443913716647017065e-02
-3.612336823951146081e-01
3.822076279828567347e-01
-1.486786574558326968e-02
-1.633981337254554467e-01
-1.258976068032839346e-01
-1.340707269996619933e-01
4.768989866541426537e-01
-1.000000000000000000e+00
1.791126262974497563e-01
3.575150138686404855e-01
4.140934560544253795e-01
7.083306871013013428e-02
-2.457158931440509009e-01
1.000000000000000000e+00
-5.710111477927748425e-01
1.180765782270934011e-01
-3.766997081798040825e-01
7.098470515292186478e-02
-2.154338084943394904e-01
-2.167560797652518800e-01
-1.988286077852898515e-01
4.443144182155776556e-01
-6.133391894624342644e-01
3.609513644017958156e-01
-6.478048866012504625e-01
-6.205006319455169672e-01
-2.077397574479552533e-01
4.138233870997925501e-01
-6.270413068671776280e-02
3.641253953257264642e-01
5.315522478118983596e-01
1.287269703184178438e-01
2.322185512397128282e-01
4.929912897868913291e-01
-5.196695770600260333e-01
1.164899058230716711e-01
6.367891686139726115e-01
-1.902136778474783352e-03
-6.914968308180092782e-01
1.000000000000000000e+00
1.656116624606141507e-01
4.706279087541348494e-02
-1.070958718009986516e-02
-5.149989869676618870e-01
-1.000000000000000000e+00
-3.163586946501539821e-01
-1.559098140725856396e-02
1.406915747866828992e-01
-4.812606299463061954e-01
1.295747617751453751e-01
-1.805725385867599231e-01
4.400560238005573471e-02
-6.214415067395109293e-01
-3.386569008293906502e-01
-3.905186743514433845e-01
2.888981326244322023e-01
7.141980576919874923e-02
5.531885756403697174e-01
3.412672504483055258e-01
1.000000000000000000e+00
5.464612802646375833e-01
1.773099200364045558e-01
-1.901300401304940324e-01
1.138635529446150041e-01
4.803543982236923027e-01
-7.572098179359397496e-02
-1.267120390672403230e-01
-5.825558260450942605e-01
7.832145438011417493e-03
1.528822160637479180e-02
2.518523015208877225e-01
-2.902898418618258258e-01
-1.000000000000000000e+00
-1.240293244790631189e-01
-1.255002932593636267e-01
-1.945354352274013265e-01
-8.637311870706827766e-03
4.590513670410247826e-01
-2.658844484540456160e-02
-4.530612419623451514e-01
6.580927821638049569e-01
2.566691795060292991e-01
-5.449734869647462343e-01
-2.353363642958802571e-01
-2.727112270022202800e-02
-1.268524096778881338e-01
-6.380225406586931269e-01
-2.044372274527649080e-01
2.689027829824447435e-02
-3.870795539399661811e-01
5.452385596896430764e-02
-3.801636608220199109e-01
-8.640248487608634953e-01
-4.999295860125429480e-01
5.450248988592658606e-01
6.028285448627660470e-01
1.200547952120041006e-01
-4.285864679485029693e-02
3.006211600276848528e-01
-1.569215708820649036e-01
-8.678095191481653981e-01
-3.678898962186900601e-01
1.381685341816655532e-01
8.626070718784906166e-02
1.526171773223739536e-01
8.170009530573536793e-02
-6.496840171546806042e-01
-6.891622444674945225e-01
3.978221680308721142e-01
8.402869657490619204e-02
-5.888087650160578335e-02
-1.000000000000000000e+00
-4.262109277464007917e-01
2.059657875714977493e-01
4.800793740558145228e-01
1.688175499408668678e-01
-1.000000000000000000e+00
3.697581043003106416e-03
3.860442536926475543e-01
4.840445678686121633e-01
-2.031130943365539454e-01
4.406699249375675698e-02
-9.780720299128552453e-01
3.016972009280737832e-01
-7.636919046782345566e-01
3.783142505012374590e-01
2.104487071087642047e-01
-3.328615484050496676e-01
-3.528003882220131504e-01
-6.903233819317220465e-01
1.000000000000000000e+00
6.271174058384045846e-01
-4.503603064832593095e-01
3.724872852715315208e-01
1.455944775301805660e-01
-1.293781292910111680e-01
-7.198433547758862350e-01
3.095123323034990603e-01
4.108294789625027699e-01
2.046702211814351025e-01
4.492695980623294671e-01
-7.147591045806851451e-01
-2.681637175349780855e-01
2.688158012408044528e-01
-5.234885866830070178e-01
3.961994590613144851e-01
