-5.729885197355427673e-01
8.677341381525720543e-01
-4.040134614407309144e-01
-1.811018817564525596e-01
1.396374740533738446e-01
7.486318970131261574e-01
2.179621893830879786e-02
-7.740774587186323163e-01
3.710979945706965877e-02
5.425662442950294206e-01
-4.651430282074131561e-02
7.062099447744271119e-01
2.451737930945478705e-01
-5.181247972865263840e-01
-1.627632179830036108e-01
9.039647958255782045e-01
7.313053166584324583e-01
-5.844147551787894912e-01
3.459668636608309034e-01
-3.636415950875540037e-01
-2.305038881377965976e-02
3.568690343639301377e-01
8.750912822815513081e-01
-1.615152421246007497e-01
2.154806406003504371e-01
-2.433567490772337583e-01
8.331382698677808341e-01
6.818403442283885174e-02
-1.000000000000000000e+00
-8.140012642972866974e-01
6.506507228673419352e-01
8.949300694478757867e-01
-9.200131904998470889e-01
-3.018171258451952110e-01
1.993683962559763545e-01
-3.175236212608940067e-01
-6.640421861834864270e-01
-4.104945336470540163e-01
8.777354936755916992e-03
4.735600109835895744e-01
-1.344630209872327287e-01
-6.893653088108884219e-01
8.594694877749230466e-01
2.761747969044454631e-01
1.063266963495561185e-01
-2.405907139373593129e-01
1.223345804385189001e-01
-1.136674532746425326e-01
-2.105576117060965202e-01
8.814150766137145432e-01
8.028562498761657729e-01
3.306043461254450366e-01
-8.125341330595546863e-01
4.257129983094606884e-01
-9.847799256241557275e-02
1.903588595308272624e-02
-2.704183633648286067e-01
-2.717770105978026263e-01
6.719210087186520963e-02
8.619277619680778546e-01
-7.174627902608543550e-02
-7.767043231572976492e-01
-3.168519045180544502e-01
-6.997668733831741150e-01
7.046799891303604513e-01
7.692031042561822129e-01
2.643745833236038623e-01
8.633988786184212394e-01
7.335654974036381892e-01
-9.841327201674168190e-01
-6.806177234582013735e-01
-4.992115809548811622e-01
-1.000000000000000000e+00
7.552490914272881328e-01
4.362804611463694943e-02
-7.617939080006244090e-01
-6.906545307951647561e-02
2.589287433956532491e-01
-4.140283622579616490e-02
-7.042833955710062765e-01
-4.730731091120821130e-01
-7.490079094883973498e-01
9.443435996785464193e-01
1.000000000000000000e+00
4.319850570142759749e-01
-1.627866662118095387e-01
7.593412007833131305e-01
3.671530544419756015e-01
1.532690919781588557e-01
1.000000000000000000e+00
-7.931854711891048737e-01
5.957382959002468503e-01
-5.457023092281683418e-02
-4.964935816545146263e-01
-3.719011675667601158e-01
-4.122868849279172077e-01
3.924152972701026032e-01
-3.814530450373810888e-01
-5.919283694901515958e-01
-6.306040163510977514e-01
9.013591446261035034e-02
9.323077441673003340e-01
4.665403975877580045e-02
1.000000000000000000e+00
-2.804893021775027862e-01
1.000000000000000000e+00
5.302164448102951733e-01
4.241702540097205820e-02
4.649733912152900217e-01
-6.493102883565120553e-01
-3.832595333418840622e-01
-3.241244297903669302e-01
5.153240018744760231e-01
2.421581842821036723e-01
-5.220223080450029363e-01
1.000000000000000000e+00
3.257025081224125262e-01
7.521254759505744403e-01
5.569819673812912431e-01
-1.386364210398433050e-01
2.229466702878510620e-01
-7.195971343732754377e-01
-4.483878345638266927e-01
7.708133797931365772e-01
2.029699462153707057e-03
-1.472739353465863377e-01
4.938488166949299152e-01
-8.535644513568344527e-01
-1.000000000000000000e+00
-1.177668141837115851e-01
-2.577276926876401197e-01
-3.347614016995808517e-01
4.543917872068825026e-01
-1.259695525188597731e-01
4.780076375294268209e-01
6.889832091361505206e-01
7.311085772780717695e-01
3.526316815483401257e-01
1.198262018717272115e-01
5.677971601413347447e-01
6.242597057787572234e-01
-5.058476096466300032e-01
3.898634373091236505e-02
-6.695657537353120192e-01
-5.540674381507931789e-01
2.163874329574064503e-01
2.569958059106147719e-03
2.130063207955062987e-02
6.073767982740045923e-01
-1.000000000000000000e+00
-8.061422489753573561e-01
4.948813557479418701e-02
1.504854058898765501e-01
7.378280044468258358e-01
-1.220534165895115347e-01
4.615842416009859339e-01
-8.918564124594781373e-02
5.405367426777799578e-01
-1.000000000000000000e+00
-8.873691687512026416e-01
6.066522763395265638e-02
7.730327675797815656e-03
-1.198279682269021706e-01
7.921948350606714540e-01
-2.980755294316704829e-01
3.438529038289959150e-01
1.998602807826836969e-01
-1.321150837686839719e-01
1.874066999718351501e-01
2.738386821297337792e-01
5.917701433980281089e-02
4.243218748947690244e-01
-6.086451100187008079e-01
-6.812365351099330946e-01
1.000000000000000000e+00
1.502558817284158077e-01
-9.885783668787022638e-01
-9.248164110613150968e-02
-1.000000000000000000e+00
1.022868829234830079e-01
2.702829176442418380e-01
-1.442745310945110770e-01
2.494640103666175557e-01
3.769570551122654600e-01
8.125141147432271005e-01
-9.392035447532952330e-02
4.104385691546599824e-03
1.193170808685951600e-01
6.635684110746099540e-01
1.000000000000000000e+00
6.512425216350412605e-01
-5.899500835015299982e-01
3.022101183173010464e-01
-3.299783169979852993e-01
-9.182188558236602238e-02
-1.618801638933883014e-01
-4.581068990100846117e-01
-2.282188954959903371e-01
-6.312807513068927623e-01
-1.649638780121939763e-01
2.222444231205486509e-01
-8.149888318340086091e-01
-2.370970733809614206e-01
3.348869906719611350e-02
2.663235075704581956e-01
-7.722236353177617252e-01
-1.211569222483645236e-01
-8.668358304485346277e-01
-8.158040225887376595e-03
-8.616308901802781639e-01
5.352575159428452078e-01
7.740169462807673373e-01
1.347704682199690196e-01
9.101106357721679974e-01
8.118262535046240069e-01
-8.236500646953304194e-01
7.701129499649987942e-01
-1.243330185073635019e-02
-8.213484862813922316e-01
8.990544116944823028e-01
-3.063220151876000497e-01
-6.308254601252293314e-01
-7.028895052093836471e-01
1.125689965817163463e-01
-1.324573269918284113e-01
1.929861362395804414e-02
-2.716893547633478234e-01
1.125403755743382972e-02
3.159440846361195598e-01
5.298582638283959589e-01
-3.394080329357236914e-01
-8.574236149242732141e-01
6.136640054026927249e-01
-7.586177285141619819e-01
5.423697734305089613e-01
6.242971627054904049e-01
9.497815979170000089e-01
4.213085668552840612e-01
5.005595470344388342e-01
7.897025924701248090e-02
-5.434497830388551609e-01
-8.833491374128530360e-01
4.615364294810101464e-01
4.122967437710156613e-01
-5.091271081098209805e-01
-1.000000000000000000e+00
-8.741837667201046713e-03
6.520600651462171715e-01
-9.758373173009011747e-01
4.076912657965654496e-01
-7.092518913197673469e-02
-2.696245884579808183e-01
-7.464443487803569255e-01
3.678878431369940749e-01
9.123766400590457293e-01
1.000000000000000000e+00
-5.159752457555175642e-01
7.792319160031863090e-02
7.893964939869191344e-01
1.000000000000000000e+00
-2.814052118214902531e-01
3.657933901882179373e-02
-1.280127227633198750e-02
1.840337142613812926e-01
2.033123445568438270e-01
