-1.000000000000000000e+00
2.369834260451179619e-01
-1.000000000000000000e+00
3.189400778079064941e-02
-4.634734152367976923e-01
5.241609899138907069e-01
2.585558698708427805e-01
4.196994470318072268e-01
-1.596735233377305774e-01
8.847091167187788319e-01
3.008308701572096067e-01
2.383495824837678773e-02
-8.935396994488699340e-02
2.867787856767163301e-01
-4.789317934570460067e-01
8.573514408396237796e-03
2.274588591030388407e-01
7.030858648375622189e-02
-1.916299664414621573e-01
5.325597991467823089e-01
1.859078975762842867e-01
-1.000000000000000000e+00
7.110013206036644440e-02
2.261155679416545217e-01
-3.362773460812313875e-01
9.002802690380976580e-01
9.364275871525798989e-01
-3.690429292153508123e-01
-3.396690247036268095e-01
1.970496096794703000e-01
-1.000000000000000000e+00
-4.336561995092531596e-01
8.381843252438151912e-03
7.314627171737964756e-03
-1.008184801151477683e-01
9.558419248401814339e-02
-1.000000000000000000e+00
-4.445637100337995751e-02
-2.007300573331874949e-01
-9.257390798969010737e-01
5.212880497644500899e-01
6.289379864123294528e-01
-4.679136503888184362e-01
2.433146407555949742e-01
-4.122301091328104405e-01
-3.233052453956371530e-01
-2.160200753689505426e-01
-3.719486761110828987e-01
-7.840066346399821029e-01
5.327774986941582469e-01
1.000000000000000000e+00
-3.307656243186937045e-02
-4.201473548650804801e-01
-1.000000000000000000e+00
-2.646458253106312997e-01
-9.584377368355574411e-01
1.540174820855438886e-01
-3.064127509268245175e-01
1.610548162117601545e-01
1.572459040654830276e-01
5.575460513354132397e-01
-5.540404629841717554e-01
-3.726079308440372051e-02
1.000000000000000000e+00
-7.026853313668998124e-01
-2.493208827381508952e-01
8.797813895903588977e-02
-6.883852908355382327e-01
-1.000000000000000000e+00
5.648523910488263411e-01
2.858134392221563513e-01
1.412683081875102109e-01
1.000000000000000000e+00
1.182830114483069683e-01
-2.661017967658023120e-01
-5.436244920245901779e-01
-1.000000000000000000e+00
-4.265162560597655639e-01
-1.866580388474294583e-01
8.765580302989096628e-01
-9.706846310787027310e-01
-1.416616216915001780e-01
1.391167077162327459e-01
-3.189332467605171528e-01
3.480751224218281425e-01
1.029024611902277231e-01
1.709685241627297569e-01
3.543009008360347156e-01
4.966613472819982056e-02
6.245138465884773060e-01
-9.978518603148300858e-01
-7.973813430146832193e-01
-9.332845204339871303e-01
8.787054594384162420e-03
-3.112615814239186318e-01
-4.270257903905373409e-01
-4.157700349067895429e-01
-1.956197303373646834e-01
-2.120439560065748019e-01
6.671493623613586332e-02
2.623225459848081975e-01
-1.558718443598565984e-01
4.592507630423328102e-01
-2.121039168890691273e-01
-6.568754431627668033e-01
-1.000000000000000000e+00
-1.000000000000000000e+00
-8.124316231345564410e-02
2.555171713998552474e-01
2.669119200224264743e-01
2.717264840476230625e-01
2.531102977897742856e-01
-2.902684029423570622e-01
-5.582302406968810971e-01
2.358087876068947208e-01
9.700996329294209186e-02
2.485400811708434188e-01
5.886057171529617271e-01
4.359867703816570073e-01
1.000000000000000000e+00
7.484981148358640368e-01
-3.016024816044741708e-01
7.975658927774395557e-02
-6.182043660944869234e-01
5.873145001643962360e-01
2.460463556558827869e-01
-1.691476389898821375e-01
-1.752745313754593415e-01
-1.130178407519173700e-01
4.828303252833958115e-01
8.781374858662007732e-01
3.913794140438487945e-01
-3.948711451539076434e-01
-3.837684780537030105e-01
-4.887722515243644317e-01
6.140238435149161234e-01
-4.115945507584213847e-01
-3.198983116082353417e-01
-1.965555051258726094e-01
3.648829615747681832e-01
1.000000000000000000e+00
-2.796981730740570882e-01
-4.362721111608509061e-01
-9.634150642128845587e-02
-2.652371630637798683e-01
2.897476306240320820e-01
-3.430992039959134265e-01
-5.024737335497585916e-02
1.383649203682395246e-01
4.003715058989963937e-01
-4.103124991243043418e-01
8.598766514815534001e-02
-5.702122596180068115e-01
4.439236237969534232e-02
9.862587617456750611e-01
-8.976085620637942464e-01
-2.195333190298129344e-01
2.505131818734759319e-01
-4.225109307836706352e-01
4.610033565528204313e-01
4.236551452761820324e-01
-1.360474114188083561e-01
-2.850799848552550975e-01
1.752408353622067483e-01
-1.439497628771108650e-01
-8.635660725603161447e-02
-2.586669974963023977e-01
-8.600264227737072775e-02
-8.330110619074407863e-01
1.151955847523049303e-01
5.383833921229848676e-03
-8.361690572940949640e-01
3.214178744036418345e-01
6.217634063406030087e-01
-2.063976374430717964e-01
3.120742071355067648e-01
-2.507548514221770164e-01
-3.985784972078337818e-01
2.759684522096804149e-01
-1.073556705380102616e-01
-7.171332887207804152e-02
-6.991295154315896321e-02
1.000000000000000000e+00
-5.867885686116692395e-02
4.616479522760889020e-01
-3.495709422324470017e-01
-3.336108050009984338e-01
-7.514909152343973719e-01
1.523875390553817988e-01
-4.921556808045125520e-01
-2.841142135701906768e-01
-3.199495179247458521e-01
3.824542886730712410e-01
9.395586809438907228e-01
6.006250586365939614e-03
2.956708584803539597e-01
4.754597064197992329e-01
3.033383172677062700e-01
-6.273286728331015638e-01
2.578127189781236339e-01
7.421392983257406595e-01
1.417771985311395144e-01
1.611140568267479534e-01
3.562535509729991556e-02
2.567555244090573563e-01
2.809260834657321126e-01
-4.601614787497703696e-01
-1.673100525156418772e-01
-1.093862349256309319e-01
-1.000000000000000000e+00
-4.807310712864562574e-01
-4.850697214636434662e-01
4.195453578315115895e-01
3.081284153855192165e-01
3.879343779202470421e-01
1.238812245492634384e-01
-4.505945572487478623e-01
8.118899546152838487e-02
1.887918301481632255e-01
3.444349829481519604e-02
-3.265292794238837115e-01
-1.973336648905142376e-01
-4.730049400546827987e-01
4.478280773750651922e-01
4.239516872142384263e-01
3.509717722060924916e-01
-2.891615667016963487e-01
-3.532797136847465325e-02
-7.098745561344058652e-01
-1.693977560091805834e-01
-6.704615213682782460e-02
-2.227165216245479418e-01
-4.429519860418976163e-02
1.089080295303186674e-02
2.723611118991254854e-01
-2.161621786445771798e-01
2.323268813516091713e-01
6.077794387420036235e-03
4.557276524749897528e-01
-1.732084258674645438e-01
-3.015332449951365623e-01
-3.705767003434396467e-01
4.440540183674884789e-02
1.000000000000000000e+00
5.105753324562370965e-01
-9.635595537101581121e-01
4.891061686411109499e-01
-1.211212664578461759e-02
-5.225956438023645623e-01
-9.008275507787680825e-01
-8.638578291400014764e-02
3.717403086443549221e-02
4.387548840941396522e-01
2.499283553489748122e-01
-1.000000000000000000e+00
1.029570479726727023e-01
-2.776479981847954637e-01
4.534732225473814965e-02
5.645732613496718955e-01
-1.000000000000000000e+00
-2.929677538963729178e-01
-2.395957899860964302e-01
2.848896800585314359e-01
5.240514034170984381e-01
4.789369560131421233e-01
