-2.272986959615842517e-01
1.618763086708550070e-01
-6.885705531664697288e-03
-8.592048702656019943e-01
8.762906402245269621e-01
-4.275018897450975075e-01
1.930680820584335655e-01
1.054481846209656959e-01
-7.989624371360430910e-01
8.189296472677414229e-01
5.177602681034314536e-01
4.425569734074600303e-01
-6.665246509800316632e-01
-1.071783317891806826e-03
-8.445023806219106310e-01
6.389123217082760819e-02
9.110528787772412818e-01
-1.000000000000000000e+00
-1.254266049605055888e-01
-2.361847541772068848e-01
-4.155983342263520619e-01
6.296758885453224153e-02
-6.857721523560456056e-01
8.919800071475557646e-01
-1.468934864818395858e-01
-1.000000000000000000e+00
8.453042940774830871e-01
1.000000000000000000e+00
-1.802780041284046120e-01
-5.039744415820263113e-01
7.053765654690525855e-01
8.799694265348028122e-01
5.476246102942418370e-02
1.755069823855855693e-01
-7.896626368479930935e-03
4.729235535012204505e-01
-9.713140774008603984e-01
2.704414992658136230e-01
2.105435443728757294e-01
5.316745900686794396e-02
1.024106186171632599e-01
8.958497669874458946e-01
-4.959433064651751488e-01
1.000000000000000000e+00
-5.842016348314691410e-01
-1.221577482970443163e-01
-3.466786978086436877e-01
6.517120797094668738e-01
6.648372395605889329e-01
-1.355925742241239906e-01
8.479287765463340287e-01
6.478948672820655785e-01
-1.000000000000000000e+00
-4.222868515618536933e-01
-9.090652212685751410e-01
-9.442925909272890106e-01
-4.521867759591238767e-01
6.426353488850057305e-01
-4.222095084445188218e-01
-6.772162922553903730e-01
5.923928091119697037e-02
1.000000000000000000e+00
4.711253938005042219e-01
3.960557209521639033e-01
-2.289679452781130942e-01
1.000000000000000000e+00
3.501139662222292337e-01
-1.000000000000000000e+00
6.137494006414993125e-02
-8.947227763067652218e-01
1.000000000000000000e+00
-1.000000000000000000e+00
3.646419829958121722e-02
2.654062911683724435e-01
-2.388056510023004453e-01
3.313922135779650557e-01
-4.243954486080119826e-01
3.420780077823733500e-01
-4.518958775226122881e-01
-3.586589458181471679e-02
-3.075422306240717107e-01
-3.433181158859036075e-02
-2.922762324874662032e-01
-5.656366888688026950e-01
9.266829917103713843e-01
5.097688637920672061e-01
1.167761779929347710e-01
1.000000000000000000e+00
4.864017103415575055e-02
5.313983166505237277e-01
-8.404101257534435376e-01
1.000000000000000000e+00
2.723562832083659124e-01
-5.103562073504439578e-01
-6.495686148537216376e-01
-4.538790647110156895e-01
-1.507417822667443952e-01
-3.233601936841244417e-01
-1.022316253725240459e-01
6.301060095568167263e-02
-1.776121367582996491e-01
-3.648194660102585529e-02
6.080498459505278008e-01
3.406480410890579402e-01
2.205487998797078519e-01
-2.921047579340323164e-02
6.214939533130129368e-01
-2.551625343608719954e-01
-3.166467097840078293e-01
-1.000000000000000000e+00
-6.900739982214608714e-01
-1.434536188696611814e-01
-9.228652987340149050e-01
-9.890976669358522155e-01
2.377321585272427207e-01
4.616254639354448464e-01
-1.000000000000000000e+00
-9.722385143192963097e-01
-9.307158266711851313e-01
-1.665297161933869674e-01
8.915718030067269761e-02
6.908393544186455237e-01
-7.632551740157517139e-01
8.620850300497182594e-01
3.256835648991890375e-01
-1.894107677996892392e-02
1.044687725739436301e-01
-6.692746368891036579e-02
1.811014864163181803e-01
5.496536164192117324e-01
4.012834249914268847e-01
-1.913233753977050255e-01
3.628565725046934975e-01
-3.706797668223061337e-01
3.022109328824219565e-01
1.000000000000000000e+00
-2.079792739262194823e-01
9.083276421344216311e-02
3.741290680367002075e-01
4.573491747368143012e-01
7.087993046061460412e-01
-3.907027170718889719e-01
-8.625401444996783074e-01
-3.841183900958412001e-01
3.125304284503558905e-01
-7.448838687404789605e-01
-7.701894401175695126e-01
-2.804891952978524894e-01
7.515896139817190846e-01
1.936721195400731566e-01
-2.177742045596784970e-01
5.423008304677109370e-01
4.628278089582439914e-01
-1.000000000000000000e+00
-2.735239189939669968e-01
5.030130890267974220e-01
-1.000000000000000000e+00
-8.668556922065190351e-01
-8.566494049241720754e-01
-3.362546285176602479e-01
-8.409886067287928313e-01
-1.000000000000000000e+00
1.000000000000000000e+00
1.260198765133715426e-01
-2.985030517036046382e-01
-4.389573768627881289e-01
1.000000000000000000e+00
1.879417777441461379e-01
1.382488171973510378e-03
-1.000000000000000000e+00
6.768452718746906793e-01
-4.412924788684474686e-02
-1.000000000000000000e+00
-4.367428262002990835e-01
-1.899333681934711471e-01
-3.278535729023233924e-02
1.364489170643938265e-01
5.700920077593822910e-01
-4.189201967663844228e-01
7.208828151885556812e-01
8.670395067653896559e-01
6.635984953200551040e-01
-1.989543784712100860e-01
-2.284143633556291464e-01
5.564767643754631177e-01
-4.094787681050915951e-01
-4.290652623617317030e-01
3.753462629333068068e-01
-6.939325552580465351e-01
1.206423270888334065e-01
-6.965802444929319881e-01
6.384214477229346318e-01
4.914606131632498487e-01
-6.708935327639170554e-01
-5.532103024335283115e-01
-3.632733573061895926e-01
9.330145966634659227e-02
-8.446341167011758300e-01
-2.637742620375759794e-01
5.863557666627993159e-01
1.000000000000000000e+00
-5.356935351739283702e-01
-4.763834998278464461e-01
2.045403160577701218e-01
-3.818810176708468673e-01
-2.127203907667915561e-01
-9.529479251630259551e-01
-7.363965874891555963e-01
1.625672854759472041e-01
5.946481795730431674e-01
-8.767304797503719938e-01
1.000000000000000000e+00
-4.911197369285327796e-01
5.092055096109276979e-02
1.000000000000000000e+00
9.342128470755427239e-02
-2.861711501383539802e-01
-6.304007318965354489e-01
-6.467608124540870362e-02
-1.452310497794522537e-01
1.000000000000000000e+00
-4.939128947817883475e-01
6.329143586330066018e-01
3.848288349626445837e-01
3.183866377597491248e-01
4.007400876526250738e-02
6.067865150132423224e-01
-1.000000000000000000e+00
-4.098025629067445497e-01
8.380102980143502855e-02
-4.722572156307334734e-01
-6.597823469651064032e-01
5.512036009607429454e-01
3.715085236541803004e-01
-1.000000000000000000e+00
-4.638546089254849125e-01
-6.772889486549579230e-01
-5.985636608380097146e-01
4.879143985422152996e-01
-3.096036566612665464e-01
7.802849792395618600e-01
6.905913452651912809e-01
3.321659249225205057e-01
1.000000000000000000e+00
-4.097966684400045079e-01
5.391463238110555389e-01
4.665949409362813438e-01
-2.295926530248504072e-01
-4.105449563784294709e-01
1.701554356428023329e-01
-4.198455783840912003e-01
-3.823990189237590487e-01
-8.282216483435862475e-01
1.393310751534281855e-01
3.221675068913641971e-01
-2.605633378465437022e-02
-3.007721680091268029e-02
-1.707070181933784681e-01
1.761149323059994498e-01
4.032217187673431402e-01
-1.755461218911051891e-01
2.702766335367913150e-02
8.459156370710896322e-01
7.484537958594398299e-01
-1.840959410760142356e-01
