-5.525913777602949883e-01
1.511241356361502641e-01
-6.632945022341608654e-01
-6.886415561550744968e-01
-3.288723721582245130e-01
-6.320148334957145231e-01
-3.590573375756964114e-02
-9.562415621864742143e-02
-6.710538438987297960e-01
-9.187228735296057991e-01
8.443122501565660798e-01
4.419308734753106815e-01
-1.000000000000000000e+00
4.594760794816089566e-01
8.800304383254601293e-01
-4.089988053454191030e-01
-4.892964848199019001e-02
-9.704841229833727212e-03
2.479946910822826700e-01
-3.824584904394661145e-01
4.665081798337031294e-01
-3.506006927765673020e-02
7.661799992716685770e-01
6.777684670697081692e-02
-4.853747946986871620e-01
3.572153777894469528e-01
5.857805473541844998e-01
-3.035604718296130433e-01
-8.568408873595594333e-01
-3.570224963229283732e-01
-4.582082272077815377e-01
-4.511284282394652234e-02
1.108643333240607598e-01
-2.191191642258911443e-01
2.545714130840679434e-01
3.036259673671114212e-02
-7.017573003793295960e-01
5.143314417940763050e-01
2.620793972622806889e-01
6.557764294027959573e-02
2.005197767007155796e-01
5.866676321199816302e-01
8.382502733596992606e-01
4.007060769615787832e-01
-6.812457609837370420e-02
5.418426067382495770e-01
-1.000000000000000000e+00
-2.211522114812763951e-01
9.804549765430637942e-01
-3.352409977146668663e-01
-5.113356254421241864e-01
-1.406397173558538161e-01
3.822181939543728424e-01
-2.669649273394985589e-01
-2.194637946993190369e-01
-7.220356501510634128e-01
-5.736014210924702539e-01
-4.629238711311994825e-02
-4.235653447471968147e-01
-1.627280394718879086e-01
8.137034046138372223e-02
-6.362775628009744722e-01
2.878681888459911908e-01
8.820450168901292631e-01
-3.707312457049969368e-01
1.000000000000000000e+00
-8.572791927415439606e-01
5.986608780193528601e-01
7.593869527181071333e-02
-1.000000000000000000e+00
-5.326464411940119437e-01
7.888310073173174231e-02
1.080288279507544691e-01
-1.817419869154996426e-01
-4.766753201050224487e-01
-1.000000000000000000e+00
-4.386780580249264316e-01
3.038395104632480859e-01
-2.232068994384295846e-01
-8.280564614664298606e-02
1.644944224435808122e-01
7.767515943399099232e-01
1.386648208145450922e-01
-4.711809732378686721e-01
8.206167903324721458e-01
1.000000000000000000e+00
5.631872980998143818e-01
5.353132254463988104e-01
-6.567146423815207745e-01
1.000000000000000000e+00
-2.578205675066019831e-02
4.870449053551999530e-01
1.000000000000000000e+00
8.009831615443260278e-01
-6.818883428469815211e-01
-7.501537080641358379e-01
6.297427824396763241e-02
-1.185243052410505510e-01
-3.163687868067489584e-01
6.253841760660320270e-01
-6.398798085300675398e-01
1.167635885236490423e-01
-1.693823668508464553e-01
4.190212367351953682e-01
-5.513942732457657314e-01
-3.761557473488136294e-01
5.873132840812999023e-01
-3.607595668537502687e-01
2.406328043211917178e-01
-8.183925490005961034e-02
-7.483068581862135915e-02
-8.086990369220985464e-01
-7.398418231961578773e-02
-2.869396094162962596e-01
-8.282789323197388143e-01
5.080535827175050034e-01
-3.532755850796798214e-01
-7.568229474859882178e-01
-5.676633295980835214e-01
6.484895065324656205e-01
1.092618159206233813e-01
-2.842855359736858323e-01
-1.000000000000000000e+00
-1.000000000000000000e+00
1.000000000000000000e+00
2.956199793848321988e-01
-2.804330149228247970e-01
-6.341597940621572504e-02
-6.591524487919956377e-01
5.022634984041753903e-01
5.981446888552942598e-01
5.678499523732630783e-01
-2.278652486876150129e-01
2.108087691259326324e-02
3.195602446791159790e-01
-5.920870032222125268e-01
-4.185003052313635008e-01
1.000000000000000000e+00
1.093655421455482502e-01
1.951345340711235221e-01
-3.907100938570519655e-01
-1.965946994556222460e-02
-2.815112665143403303e-01
-3.982713981919071555e-01
4.750469165024742146e-01
-2.591949099213904928e-01
-2.786183627425184439e-01
-7.588226693016209001e-02
1.084280519110124991e-01
6.726679413713817501e-01
-1.232786391598043180e-01
1.929622159036910589e-01
5.743309359447614781e-01
-6.215449137553188397e-01
-5.410888579825776645e-01
-2.647080546341995522e-01
-3.770702902305375082e-01
-1.919762312214997046e-01
-1.192893620913577923e-01
4.201877675424423031e-02
2.659356750838616779e-01
-5.486361366265897210e-01
9.856184061263983942e-03
1.000000000000000000e+00
6.319795041027220783e-02
5.521421721363209967e-01
5.285295784400502184e-01
1.246753172150345257e-01
5.097490303393795719e-01
-5.880796646166988051e-01
7.945754386720553786e-01
-1.543905970339694012e-01
-8.090273901451808247e-02
-8.907978270086406303e-01
-3.801225413216922089e-01
5.229486299987781139e-01
2.133257959704378259e-01
-9.183356721815429113e-02
-1.000000000000000000e+00
-9.752626152727136843e-02
-1.000000000000000000e+00
1.000000000000000000e+00
3.819530296225909227e-02
3.366821336410062981e-01
3.439890336297561357e-01
-6.793320881988640370e-01
-4.885740691044565542e-01
-6.890770554842715612e-01
8.044370629228598801e-01
2.892110271177230074e-01
1.150347597783442644e-01
6.556892309437931665e-01
4.961931405632542535e-01
1.000000000000000000e+00
-4.997260667852998495e-01
-5.998669634859250532e-01
-5.620262562794758887e-01
5.334191925606498463e-01
2.928549967181096059e-01
-4.235022369580176971e-01
4.243818645389040856e-01
2.495811381957274977e-01
1.080171994096555121e-01
7.734828072458012072e-01
5.692295757912404497e-01
-2.875627196642900341e-01
-2.645061925343074605e-01
-2.141827378867132148e-01
5.499319138586625799e-01
-6.202500785694401442e-01
-2.288368344129311227e-01
7.170781121016416015e-02
-7.365414366659641665e-01
-3.286412897369447861e-01
4.914841618010749036e-01
-5.289462813680720910e-01
-6.541432429340465760e-01
5.159492684414668240e-01
4.851460558719653537e-01
6.718515713270539758e-01
-5.905471061564864232e-01
-3.673094656465935581e-01
5.942114925883793530e-01
1.000000000000000000e+00
7.105443498999437502e-01
-1.567019925375877087e-01
5.203202508398353521e-01
3.130261225441097195e-01
1.323342758795779395e-01
-2.985947207933330877e-02
-1.000000000000000000e+00
1.123479911450872837e-01
-1.614524436022519438e-01
3.297990589887022095e-01
-3.854490337596075955e-01
-5.965007438345427682e-01
-8.178026112122220859e-01
-6.945530307584536489e-01
8.285593657525393008e-01
3.025803179488816275e-01
3.912033934896727017e-01
1.000000000000000000e+00
4.511606843385254084e-01
2.161055638588451899e-01
4.928650387367928820e-01
4.957305149208828254e-01
-3.063779316921860785e-02
2.899571535195890615e-01
5.759948437424738943e-01
4.191920767457966712e-01
-1.000000000000000000e+00
-5.539662386015694606e-01
5.565907175155448972e-01
-5.489109808604708540e-01
2.733681294919375615e-01
7.444579572307702398e-01
9.745104290985844020e-02
-2.740055849665312682e-01
5.997397890897973038e-01
1.491897038973125367e-01
4.457238898908907343e-01
-3.966499697711301509e-01
8.838532403352084010e-02
9.877692135271411988e-01
-2.786620027971506985e-01
