-1.000000000000000000e+00
5.783530330960486854e-01
-1.963796328106712785e-01
-1.778066436932723982e-01
6.980201000401657918e-01
-6.512861654993369609e-02
-1.325026277368803740e-01
-3.469307533688013589e-01
1.452459651213394431e-01
-5.015375072488954533e-01
-3.562726958917605824e-02
-1.035978570702977553e-01
1.618130793037986237e-01
-2.822402150364450302e-01
-4.714212730958189379e-01
-4.690647417337691083e-01
-9.431688222903386598e-02
-4.091469401694088903e-01
2.033770404585680258e-01
-5.869685981150117582e-02
4.370483555649413154e-01
-4.064932489221608769e-01
-1.473120569447436412e-01
9.304616191083980858e-01
-3.370711107300816689e-01
-1.824024660847951146e-02
1.044182945736631118e-01
-2.539125004401847074e-01
-7.267115444103462440e-01
-4.830336228062471760e-01
-4.478720922001088178e-01
2.429986738936631974e-01
-7.128572546999806248e-01
-1.127961053349028908e-01
-1.309840515010465278e-01
-5.497470211865806977e-02
-3.998321041649371965e-02
7.265397780190884225e-01
-6.884152526274872619e-02
-7.872070426453744996e-02
4.356216643128983657e-02
7.814723036350684771e-01
6.495600465050854755e-02
6.591695734169601695e-02
8.079990944915040885e-01
5.363151393988143667e-01
-1.769369005920881088e-01
1.225869942050701877e-01
4.133028969135463249e-01
7.789434868084023356e-02
-1.000000000000000000e+00
4.829725941609814832e-01
-1.479354406813418177e-01
4.778399899700390696e-01
-1.000000000000000000e+00
-1.710805299553989078e-01
1.000000000000000000e+00
-7.167656198969915571e-02
-3.122809072572572120e-01
-2.898231631981138534e-01
4.146833699071151846e-01
-5.178496066739388670e-01
-1.395996430371442276e-01
3.320297826240101724e-01
3.255790758632840509e-01
-5.745604789512697569e-02
7.577785479084589992e-01
7.989704497657141857e-01
6.799452881131092807e-01
3.794886755259146982e-01
3.013748722231954225e-01
4.037298526213677907e-01
-6.685734576894877268e-01
-8.784204102986487017e-02
1.928733229842324315e-01
-5.215400945236988717e-01
4.308046384874961721e-01
-5.904149447931932304e-01
-1.754933440008469292e-01
3.778107048920730238e-01
6.779691685424740766e-02
4.469217608041125001e-01
2.547212227946210605e-01
6.854251095329620680e-02
2.942259753383349996e-02
-3.492156279411705033e-01
5.522032353987720299e-01
5.532202955627006924e-01
1.000000000000000000e+00
1.706495559964996411e-01
-3.739648417157663829e-01
-5.484387619674398195e-02
7.020211360683437096e-02
7.152384385600485395e-01
8.623103693637874656e-01
-1.020410613027122049e-01
1.000000000000000000e+00
-6.131066964665234931e-01
-1.198163514094900822e-01
7.443346995228121710e-01
-8.627924232038085284e-02
-3.808938110700409441e-01
9.863404892588005790e-01
4.133490534903310198e-01
-4.555565102591105919e-01
1.000000000000000000e+00
-1.900597562242945515e-01
6.218757483407427733e-01
-4.203810277813290197e-01
3.327158586465009948e-01
-8.843520655017622634e-01
4.105211586126507606e-01
-7.567656231128612188e-01
6.070625980166838298e-01
2.760583835743994352e-01
3.305584778845180316e-02
-6.100874059109557823e-01
8.222992460252026570e-02
4.571009810214700098e-01
-5.780803653282891030e-01
2.688213726956913407e-01
-2.501273302229962137e-01
9.753219385795207641e-01
5.181889991140455898e-01
7.996553237260592972e-01
-4.396535879557328386e-01
-1.831594058642082856e-01
-4.960199809348014299e-01
2.901641056277354247e-03
-7.610043121862110072e-01
-2.776734065640646953e-01
9.067852734590167718e-02
8.770494242580347821e-01
2.404311194852925271e-01
1.936394601357783463e-01
4.736836733538342115e-01
3.414448581488490064e-01
4.637308667844670940e-02
-1.000000000000000000e+00
3.385979802649393688e-01
-2.799403777216659117e-01
1.517958340229757230e-01
8.600105604839392015e-02
1.626520021824203188e-01
-3.598841495060218776e-01
-4.724082215616420832e-01
1.955725705633284406e-01
4.737865877541386217e-01
-4.794166802533487703e-01
-3.942182310963304737e-01
3.675603325831608981e-01
5.958476514792545586e-01
-2.090103596953391818e-01
6.468209247252267868e-01
-3.140146775499415288e-02
6.139824894888236129e-01
2.575202242271670272e-01
-2.493783726186303840e-01
-1.372175967400817986e-01
-5.427836880994232338e-01
8.833122460636431972e-02
-4.300816998199927799e-01
-8.339467471290732403e-01
5.066873462261607397e-01
-4.890362675253354663e-01
-2.620155824581550941e-01
-7.069490021462808416e-02
-3.319357082533699321e-01
-3.449152160332923378e-01
2.111453642494713900e-01
-7.274770024215954090e-02
1.804996161314202652e-01
-5.062925895154484213e-01
3.796422528246395367e-01
2.800155553163476974e-01
-6.927506492683419559e-01
-1.634150118727900614e-01
-4.172937951767560771e-02
1.141985416976043777e-01
1.717427311943776902e-02
7.597814830897114957e-01
4.416945703725697614e-01
1.942674357629879112e-01
6.217390866985867959e-01
6.168780508521815031e-01
2.855912428892873889e-01
-2.667780228700736278e-02
1.000000000000000000e+00
6.002333682255972525e-01
1.000000000000000000e+00
1.324356073714184900e-01
3.386477204724171464e-01
1.000000000000000000e+00
1.301242409255620180e-01
-5.273449043112524159e-02
-2.148427979301108237e-01
-3.343663176291512551e-01
6.644570432152935302e-02
9.258343873670121793e-02
-2.971653102987952821e-01
-1.408865032007373397e-01
6.066338420630837946e-01
3.508895438390601806e-01
-3.086966804769797346e-01
2.921731516060181999e-01
-1.179171983267127410e-01
-8.176990276390984080e-01
-3.039447588447842241e-01
1.962501078906955104e-02
-4.435089544446523258e-01
-1.071146737367260626e-01
-4.602898201586935745e-01
-3.900815659089593712e-01
1.000000000000000000e+00
3.718288781229435180e-01
-2.285391065714029168e-01
2.412781917783927144e-01
4.170813790868460047e-01
-1.102555536319254348e-01
-1.042359976211783973e-01
-2.961450435829209860e-01
-4.467346739595151606e-01
-2.935321380182934758e-01
5.914884734586457471e-01
2.772273861955486529e-01
-1.343567311870201564e-01
-6.920251907723684592e-01
-1.083134448161207214e-01
4.644202077228211101e-01
2.314496577060699833e-01
-4.917442261300722373e-02
1.000000000000000000e+00
-7.140815028316512825e-01
4.386429068396429098e-01
-1.000000000000000000e+00
-4.557988601046534249e-01
2.106168874640013400e-01
-1.000000000000000000e+00
-2.145280891418700764e-02
-3.471801328799214437e-01
-7.717778569716828851e-01
-8.283184858926228022e-01
4.804046593299369783e-01
4.219033872826691844e-01
-4.752022481397608633e-01
1.000000000000000000e+00
6.890961961829964455e-01
1.000000000000000000e+00
3.640241928813326422e-01
1.819163707468803848e-01
-2.537975946182001730e-01
-3.511834222991555010e-01
2.865978355030412983e-01
-2.542067875181709680e-02
-6.936457993918732079e-02
-2.309293287252600635e-01
-3.170762903336512561e-01
4.356515014391812990e-01
-4.033979860967310538e-01
-1.620324427374427445e-01
-7.253180977054438650e-01
3.564988940330894307e-01
4.212350814768541785e-01
2.549692877932406287e-01
-9.571140587882266682e-02
