7.061392867343307955e-03
-3.791055236291452357e-01
-8.847018300406069846e-01
-8.683018063069557479e-01
-7.267160162150179681e-02
-9.675103891492219110e-02
1.411317795055252455e-01
-1.937482600175518543e-01
-7.241618722399488506e-02
-7.693942120225444325e-01
1.403462120537201929e-01
-4.017999743076755004e-01
-4.431656420311518851e-01
-4.301635583654094264e-01
-1.697628451070379296e-02
-8.601022847620197753e-01
1.490542996216567273e-01
-1.000000000000000000e+00
1.990741998255428011e-02
-5.975250839018507731e-01
2.882153684854618647e-01
-3.455060663462740655e-01
6.774056624293985918e-01
6.569643766415393833e-03
-5.563550841494433463e-01
-4.758709100382950696e-01
-8.083309580525880333e-01
1.425990294107795375e-01
-1.823470611597154956e-01
-9.325689802169280229e-01
-3.177760522421321787e-01
3.734532202080164537e-02
-5.246143742996786097e-01
-2.504653421333887242e-01
5.719491488097572240e-01
2.418642645660503687e-01
7.918473845265944222e-02
-2.999813586104330687e-01
7.352625895188993344e-01
1.064292666246366009e-01
4.974236277739273460e-01
2.148330775068700571e-01
-3.548365909592692269e-01
-2.083957480178770250e-01
-7.701357647460898015e-01
1.145769299308197764e-01
-1.775770407683834318e-01
2.396264415001561621e-01
-1.233229284568019279e-01
-7.334939534402962202e-01
-3.242358587217540888e-01
-1.740590193766983207e-01
1.000000000000000000e+00
-3.700148862701598818e-01
4.272948398319239005e-01
3.140562443842554452e-01
-4.766968199823555796e-01
3.649357345368530181e-01
1.639090921425508940e-01
-4.673621346814283567e-02
-4.497162296295429407e-01
1.511036418057408459e-01
2.362721545211340368e-01
-2.806472180384304849e-02
-1.943665110783931727e-01
-3.841983250608999034e-01
1.854339016674235174e-01
-1.000000000000000000e+00
4.256716708701231977e-01
3.510776502775245778e-01
-3.113598830636151414e-03
-1.339906804722930667e-01
-2.596509050095505144e-01
7.083797092954848829e-01
8.538053516976175095e-01
-4.693620814205538561e-01
-3.313106122493480465e-01
-8.338058893534726623e-01
4.070782061967002097e-01
3.088830198664233584e-01
-6.000135408793906278e-01
3.928269098042890817e-01
8.995964684092884189e-01
2.527655002888374303e-01
6.182898087478913007e-01
-1.824600468240397400e-01
-2.081707452197229247e-01
-3.647517121316352640e-01
8.905615221430682737e-01
9.505836896234571842e-01
-2.596692157586712457e-01
-4.313374392766282650e-01
-2.414782455893849100e-01
-9.048688414431432792e-01
-2.005042264155108556e-01
2.849897288976228626e-01
4.375348030590976989e-01
1.960734743291797089e-01
2.177095363674653727e-01
7.507717827085527360e-03
5.712529179184248213e-02
-2.931041998524298517e-02
-1.878426837196590371e-01
-1.000000000000000000e+00
3.003040044443747864e-02
-1.259211148316459472e-01
1.427309185302983174e-01
-4.424026672315246600e-01
2.171583657386144117e-01
9.405715849266574891e-01
5.087657870008676086e-01
5.978546041364186658e-01
8.777224064046680596e-02
1.228168097797203151e-01
9.052608958155751173e-01
4.549426850516619103e-01
6.631774568984869500e-01
5.151231448897798382e-01
1.000000000000000000e+00
-1.000000000000000000e+00
7.416617157911705727e-01
2.956774164804453209e-01
-1.835965161135355572e-01
-3.888812787004171101e-01
5.481163736824539168e-01
-4.973385343847046558e-01
-3.464188096339916867e-01
2.907033538851575560e-01
-3.716070640566839778e-01
-3.690439963920585376e-01
-1.932368742482701018e-01
-2.434847847199896886e-01
-2.568855006280721387e-01
6.153391328482656908e-01
-5.119067229725204893e-01
9.365202541189635577e-01
-2.013516608720398171e-01
-3.105861789477541990e-01
1.261769274738592517e-01
6.610936088223070550e-01
-3.543196471029902428e-01
-5.077813227603943796e-02
-1.220425003769245176e-01
6.117254145429338319e-01
-4.751328146618132853e-01
3.385871561880648972e-01
3.844893616562183869e-01
1.879255688185516304e-01
1.039936647004661707e-01
2.660746432867697742e-01
-7.032009415514500761e-01
7.865435534645509597e-02
-4.736162267243200219e-01
1.758889848274687584e-01
4.158658201397826271e-01
4.832283120020586797e-01
2.122124809292092462e-01
5.506687849941560575e-02
-2.154553588338632697e-02
-1.000000000000000000e+00
1.000000000000000000e+00
-1.067851015609667387e-01
2.351988162246617109e-01
5.054865204247102062e-01
1.000000000000000000e+00
-1.799329957044898953e-01
5.434949536544910753e-01
-8.349760263921546244e-01
5.854185174288772942e-01
-2.477084484042821610e-01
-2.189390064921087897e-01
-1.251260606476596038e-01
-6.070194917782762989e-01
-3.762199630995916588e-01
-1.101565246407743143e-01
2.443915239570577103e-01
-4.160930471366022232e-01
1.537524756828489991e-02
1.000000000000000000e+00
-3.208380704698405861e-01
-4.114571374891810573e-01
-5.350304056787338197e-02
3.194471466749027599e-01
8.622868585066978397e-02
-1.000000000000000000e+00
2.706508709415167413e-01
3.054551246006120269e-01
-2.062564064038101275e-01
-7.906045365836777972e-01
4.891669927498183967e-01
-7.755723417097698524e-01
1.833139249358075040e-01
9.286252613175163262e-01
9.120697324420518060e-01
-2.130275989143543686e-02
1.000000000000000000e+00
4.458034474225171517e-01
7.945315806371260059e-02
-1.866961187074132611e-01
-3.832193844793178594e-01
-7.326304203547239213e-01
-3.139093027924991786e-01
-3.293015322296445613e-02
3.275823652442880762e-01
-4.196547721334060177e-01
1.047727249308452319e-01
-1.000000000000000000e+00
6.861192214893057084e-01
6.807815785354385252e-01
1.840658010731426042e-02
-7.927880230143110607e-01
9.864401935839693658e-02
1.000000000000000000e+00
8.306420535488685530e-01
3.380789764505773842e-01
-3.472197451533694523e-01
-5.978767142369028065e-01
-3.111319225023583684e-02
5.121220751295111479e-02
4.335407360498882978e-01
-8.359414627072407900e-01
3.996718705036049202e-01
3.977801843582990937e-01
-6.065555629432310969e-01
5.978788053376029588e-01
1.280295664431984892e-01
3.817861013619236465e-01
5.405164087201620449e-01
-9.722419591391897598e-01
3.782494764681479382e-01
7.155388860575587762e-01
7.646480300551405929e-01
4.066777605993211475e-01
6.678533279538799716e-01
-9.407415709547208849e-01
-3.477564857834690437e-02
-3.502854067075781841e-01
4.441636978312161199e-01
-4.145512024320699984e-01
4.961619994367126862e-01
3.356928122986684859e-01
-2.397826073491068077e-01
5.242029697056466153e-01
6.090706243354708505e-02
-3.173723137287470797e-01
-4.687245181266244121e-01
8.162969671825281992e-01
-3.793419345434579926e-01
-4.782539139169358355e-01
-4.875205388806621576e-01
-1.024550626437761847e-01
-9.358805609037699202e-01
8.983560388954151543e-01
-8.691147616175075308e-02
7.363465880595156943e-01
-5.812986186020570045e-01
-5.445624737152925388e-01
2.678369745626932863e-01
4.141233671135561289e-01
-1.115072331263320671e-01
-2.444447134917932807e-01
-4.768475973544706314e-01
-5.057726283807041645e-02
-2.889651499099858967e-01
-4.889771918476702728e-02
