-5.685457652320452526e-01
-9.169677029690999071e-01
8.492971541470392127e-01
2.919670850957808428e-01
1.326879097909265393e-01
4.245010217808935504e-01
3.432724459526581007e-01
4.194391870528008659e-01
1.717338301797716738e-01
-5.157218034053069333e-01
6.996763104561588564e-01
-8.792195639648265892e-01
-3.562691494391759806e-01
-8.626653139620231725e-01
9.075394338372775316e-01
-4.522336964958794114e-01
1.725957744884274447e-01
-1.690561500076279144e-01
6.530361542545299880e-01
3.143347062090643962e-01
1.296664319812695920e-01
-3.027234266762903192e-01
-1.000000000000000000e+00
7.082398195815826636e-01
-1.761918565881912813e-01
-3.558344952479928769e-01
-1.832385611227325128e-01
-9.393477770992304521e-01
-1.000000000000000000e+00
4.306626963265450803e-01
-7.636433005542175856e-01
1.769760265418527379e-01
-5.925337222227989864e-01
4.542081523912956387e-01
-3.612412653179837285e-01
-1.521450490797829347e-02
6.371486881744273800e-01
3.340974778804239875e-03
-5.308369660704159720e-01
4.373232481978221731e-02
-2.223712994488301897e-01
7.029312844734539323e-02
-2.282415538068686689e-01
5.215576087371385228e-01
-4.235537723810569588e-01
7.878629602715159219e-01
-3.401338342535604742e-01
-5.049546681185922425e-01
5.072078675921172231e-01
5.942092474538464009e-01
-2.188558442118888059e-01
-9.249055959382128655e-01
-1.226211044902847033e-02
5.762176033398774821e-01
5.353325473517106525e-01
-2.195291880274529706e-01
6.250734811311555728e-01
-7.579916469060853090e-02
-6.859803344943180559e-01
-3.000889546573629052e-01
-7.645938640094289696e-01
3.303116569563269156e-01
-2.398772135127158478e-01
3.446279673903671625e-01
2.924602020136556901e-01
1.185879810585988570e-01
-2.218773090046298746e-01
1.537729352614307932e-01
7.767049411914495050e-01
4.643123845333573252e-01
1.000000000000000000e+00
-3.695564108872423370e-02
1.177253818991248341e-01
6.385219163729899394e-01
-1.000000000000000000e+00
9.588831320744150011e-01
-5.536390311018656030e-02
-3.562214164332064281e-01
9.705533956447853772e-03
1.000000000000000000e+00
2.935421340034713444e-01
7.571393212486838831e-01
8.967516523331491296e-01
1.826126568967767483e-01
-1.562952342695049790e-01
2.858453880778105347e-02
6.417050786778399907e-03
-6.124398237886606866e-01
2.063299511802342279e-01
9.675021164448883992e-02
-6.030459373589674987e-01
-6.201223866910314797e-01
-2.164690023853653722e-01
4.723315303989100711e-01
1.586267311005815639e-01
1.000000000000000000e+00
5.833288351835516639e-02
-3.299719814082807678e-03
-1.856256513733300362e-01
2.095351380283753950e-01
3.323798583328660960e-01
-2.401090185960448875e-01
-1.617972660421365672e-01
8.454539469017277042e-01
-1.103061586823272378e-01
5.290852594352632998e-01
-8.052808791561270052e-01
-3.884827988931721654e-01
-2.524081101814037997e-02
1.000000000000000000e+00
-7.024344505972688335e-01
5.633075569740345623e-01
-4.812673345693169180e-01
4.883559256503487989e-01
-1.062033704776730592e-01
9.115133657020295654e-01
-1.836096125772667953e-01
3.605938728088141643e-01
4.404752479253951081e-01
-4.056132160042795753e-01
-9.514878061090192851e-02
6.240674395306977651e-01
-1.979949523665675004e-01
-2.291067617677114421e-01
3.695589081741449955e-01
-5.403239859937932765e-01
8.000281685432035772e-01
1.838866988236509403e-01
4.487981783810841563e-01
-7.742477827361677889e-01
-5.435134535374233078e-01
2.159626047050047098e-02
-4.300426584215428227e-01
-2.636778589528543937e-01
1.859995164190827721e-01
1.872910651672329285e-01
3.313755199484560987e-01
-2.730884097820087675e-01
6.542819996373709923e-01
-5.672212778632911290e-01
9.128134276898769439e-01
7.372774744507651357e-02
-4.115596368872485034e-01
-2.598007161154522460e-01
8.131217646265714860e-02
-1.231269293562990003e-01
1.018234172399732629e-01
8.158254190791594529e-02
-9.190334447226028436e-03
-5.457866047079039662e-01
2.359439510313938171e-01
4.639210987280861787e-01
1.140889020604231724e-01
1.000000000000000000e+00
3.442842951377479976e-01
5.405036745398553721e-01
-4.422364519292899532e-01
-3.955660421575657448e-01
1.451999766010654280e-01
-1.887578925067269209e-01
-2.294935020193112907e-01
-6.375383072611607860e-01
5.298067298992403806e-02
5.627859459087828364e-01
-2.216454105297226418e-01
-6.977404824882940670e-02
2.691512809938987338e-01
-2.966406737485123291e-01
5.916580627636508494e-01
-3.763699054075920758e-01
1.000000000000000000e+00
4.038330468570871523e-01
-1.000000000000000000e+00
-2.180866245532901981e-01
5.389037999537896195e-02
3.645112786888720091e-01
1.048635427144434251e-02
-5.942988772928866625e-01
-5.771865670529985337e-01
-5.373125865431769288e-01
4.347833070928828758e-01
2.513401930039543819e-01
-3.763361715998684298e-01
1.123544134259991389e-01
4.354673554911313582e-01
1.000000000000000000e+00
-5.666208358325144356e-01
1.000000000000000000e+00
2.065581243616720353e-01
3.085179088704686490e-01
-7.469319364440272224e-01
4.952203652405336998e-01
-5.471578308553870507e-01
5.646936873498674681e-01
-5.082885036823524549e-01
6.763728514755251719e-01
1.024236134946639454e-01
9.540066511203618704e-01
1.830878494370486997e-01
-7.490792535559749332e-01
1.750194732854592761e-01
8.336750154059457962e-01
6.295688204784027908e-02
-2.396817789449202929e-01
3.607452332076136470e-01
-4.202581443236920178e-01
-5.175094933473252112e-01
6.137729273629676241e-01
1.000000000000000000e+00
-7.121944854549939752e-01
-4.821497317680601968e-01
4.554707117642223801e-01
-8.801891052970647333e-01
7.049717969452643507e-01
5.341783629851777349e-01
-7.366337664161990428e-01
2.366798060885063060e-01
5.718213618239141871e-01
3.337724931266120021e-02
-5.916725817036576629e-01
1.064088510729193637e-01
-8.043825634733685337e-02
-8.503241590530080662e-02
4.776764999480853646e-01
6.295587639581505801e-01
-9.313101861121737546e-01
4.609615607895530820e-01
1.995226572389158792e-01
6.083927633049229788e-02
-1.873845553229778194e-01
-2.664292909112113694e-01
-7.046871752243537568e-01
4.306233445680967553e-01
8.804940706445592014e-01
9.647073018054826976e-01
-6.530944221356520529e-01
8.654821426586112310e-01
1.244414897358924882e-01
-4.366177044949958175e-01
-1.000000000000000000e+00
-1.000000000000000000e+00
-4.455310200089011019e-01
1.038015131411909597e-01
6.487699894055634076e-01
-6.151955723659394693e-01
-2.288793482576273741e-01
-1.154540789753662200e-01
-5.339615281188911933e-01
3.168585277676396195e-01
6.237900108097084173e-01
5.230468326796930967e-01
1.160085762347564109e-01
-6.977882893303470890e-01
5.644621764544729414e-01
7.349800819077112468e-01
8.576951134254552356e-01
1.858119567784836390e-01
9.542992425712937266e-01
3.459394977558841178e-01
-1.000000000000000000e+00
-1.813045337261684486e-02
-6.988501318193406364e-01
8.531531232470903614e-01
8.313248975277506836e-02
-1.000000000000000000e+00
