-8.977212549935524866e-01
-1.445258242071978672e-01
3.048689941526133707e-01
2.632646528435572675e-01
3.457058184810120061e-01
-5.473182209370192758e-02
-2.610064624771232800e-02
-9.420523226639060388e-01
6.299854955446039240e-01
-1.664160285283712848e-01
-7.496307759233485912e-01
4.550651977307311746e-01
-1.394324490510943371e-01
3.908786767441101984e-01
-4.121558472676423168e-05
-1.961750992382548658e-02
-2.881374051657266677e-01
7.045746393864094070e-01
4.742715759943304521e-01
2.466814432921024536e-02
7.895390016507479736e-01
7.232173923347293698e-01
2.913458983923520873e-01
4.652437396773896616e-02
5.343953216012496954e-01
8.249267604045797952e-01
-5.392221763990148742e-02
1.973830928380116145e-01
-1.000000000000000000e+00
6.111922079232036120e-01
4.077758209154450642e-01
4.834385101366811543e-01
9.892403016270330252e-01
-4.061312308674276395e-01
9.895985260843574716e-02
5.962556471885566145e-01
6.231044836037242796e-01
1.284420025930709253e-01
-4.035643896835321431e-01
-5.755782845516309310e-02
-2.195155556846842271e-02
-9.333153411223843454e-02
-1.745828942096436798e-01
2.686587563500297815e-02
8.622216604946195129e-02
9.755935475445056682e-01
-8.529259184094759583e-01
1.493696114430488053e-01
1.625112206101904100e-01
6.954017291964388336e-01
-2.362164234254841289e-01
7.130368779845117633e-01
7.387732459768221460e-01
-6.447089864497989042e-01
2.263412477427793612e-01
2.441990408352965325e-01
4.333390497583321233e-02
-1.176106758149808168e-01
-3.607006859012334421e-01
6.381021220132963023e-01
-5.937860208651100091e-01
2.130741920036773318e-01
-1.444938499578028723e-02
-5.817926254172824940e-01
-2.513523852625315635e-01
1.530779821864535761e-01
-2.988288799659436501e-01
2.806207640420958493e-01
-1.000000000000000000e+00
1.101327280501309680e-01
-2.730405603562910399e-01
-6.109008767205479362e-01
8.859448614102655162e-02
-2.009861208306587543e-02
-1.900863716904187539e-01
-2.712907049061150655e-01
1.000000000000000000e+00
4.500239221436082016e-01
3.082920186576169064e-01
6.147460451738757659e-01
-2.180814267519130267e-01
-4.565158516215561679e-01
-5.925708707627439509e-01
1.186587218760764839e-01
-3.229254355941789112e-01
-1.000000000000000000e+00
2.661827253687484851e-01
-7.514998405673012360e-02
-3.468441830112068969e-01
-8.533839246544352997e-02
-4.713207062275552306e-01
1.075852055548351532e-01
1.280450813676058952e-01
-1.000000000000000000e+00
-2.744529638897598156e-01
1.698344034912803446e-01
-9.277904543957207761e-02
-1.367594436029736203e-02
8.690570514105181443e-01
4.602158211029381274e-01
-5.460398769971490651e-01
3.842419379504187771e-01
1.712255386481437158e-01
7.037943106227176338e-02
-1.543815040911216407e-01
-5.808329901961175601e-01
-1.645302623168661688e-02
-5.285153519298101121e-02
4.050873929610715463e-01
-7.064915887392996495e-03
-8.719056506726264866e-01
8.519917468940939598e-01
1.828941529384581210e-01
1.630955001499302670e-02
-1.000000000000000000e+00
-4.990131844011121975e-01
4.987719811298676476e-01
-8.214815612854046156e-01
3.783640176101895625e-01
4.331303676732716212e-01
-4.360957273761310038e-01
1.092810666365726102e-02
3.523847432389096701e-01
-2.607020721646380323e-01
-7.567811929246599512e-01
1.628110724599252934e-01
1.077955777081028299e-01
-3.472162723661118555e-01
4.624484969573073312e-01
9.149937436793813272e-03
-2.201807184991141364e-01
4.497161769444749657e-01
-1.787395355539571629e-01
6.841781522331921717e-02
2.706552447068443779e-01
4.432004223976512280e-01
3.350427582577457097e-01
-1.000000000000000000e+00
-3.261293447035695237e-01
-1.416511790408943594e-01
7.884739330764347631e-01
-1.000000000000000000e+00
8.490447853789345745e-02
1.000000000000000000e+00
2.397707122873359853e-01
6.663825397863649691e-01
2.255822528466856214e-01
-9.756499943892465998e-02
-3.328500583668716484e-01
1.526554436842125495e-01
-3.394979015683962098e-01
-2.067387400302611034e-01
1.000000000000000000e+00
-1.000000000000000000e+00
5.999625527252233637e-02
1.376211844143151453e-01
-6.962004901839966564e-01
-8.135562491385435191e-01
1.050991630745229388e-02
-1.000000000000000000e+00
2.622364076268105526e-01
1.333714161049431302e-01
2.016371370934683105e-01
5.838816780463493838e-01
1.000000000000000000e+00
-4.968693394011847175e-04
-1.286199480832503003e-02
8.048025367066678759e-02
1.532664040319779986e-01
-1.658553065732885357e-01
-6.022280520350483529e-02
8.044678711263303361e-01
2.746411420542331783e-01
2.158916556747635940e-01
-5.906933755251830842e-01
3.057118181259562140e-01
1.000000000000000000e+00
-4.703373218875239736e-01
-1.893595689743534927e-01
-9.518996469885356859e-01
4.080774583884624884e-01
-1.000000000000000000e+00
-6.782997347614350137e-02
-1.505935478147706341e-01
1.240096517820783034e-01
3.831156141649643687e-01
4.513231919604736020e-01
-1.596924228267903867e-01
2.343800120872886750e-01
-2.963820016173824845e-01
8.251567705980732415e-01
-3.503603239734146002e-01
-1.000000000000000000e+00
-5.934024993395117797e-02
-4.669032228007469199e-01
7.002584167615834021e-01
-6.310508058994833691e-01
-4.651528860553895139e-01
-1.973664562563271219e-01
-4.019705233341980821e-01
-4.758327009184150080e-01
2.680423728726070709e-01
-1.000000000000000000e+00
3.398060096245255624e-01
-6.407025673824123801e-01
8.449852810037076223e-01
-9.453059178585468958e-01
-1.112747483223767431e-01
-2.454288495776002499e-03
-8.363100374552457916e-01
-6.304822503175597781e-01
6.625151310130574789e-01
3.619351550640989568e-01
7.440774870104065464e-01
2.939686663514944898e-01
7.888993109415763649e-02
2.818785505803129143e-01
-3.647504846853550364e-01
-4.907264407142841178e-01
9.964091753397027462e-01
-1.036991091629568262e-01
-6.783644650124692754e-02
-9.864165120993951819e-01
6.503371875530990220e-02
7.684425602104101305e-01
2.537411218386916856e-01
3.035034126948640831e-01
7.671262436921713057e-01
-3.123105217409585799e-02
5.320707780977108614e-01
-8.571286112825955428e-01
-4.390382277109541320e-01
-1.000000000000000000e+00
5.102022773082133256e-01
-1.989127272046914419e-01
-1.100298513962569974e-01
-6.855794900476057663e-01
6.529572675086282585e-01
8.062250454138872868e-01
-6.148966986932207224e-01
-1.615357002744452486e-01
-7.484685690701099736e-02
2.667743557373614682e-01
5.039704011670778083e-01
-8.702956578723964887e-01
-2.440741289080220477e-01
-3.215105506381868428e-01
-2.986435670719734398e-02
-2.932588831345028096e-02
-1.790885536944845091e-01
-1.824607832091246565e-02
5.906798098582073386e-01
-4.777522859119938126e-01
-9.387819571953856523e-02
9.707658253401086901e-01
-2.152638184175375002e-01
-5.901115556224283409e-01
7.140228402081650882e-01
-1.048935165023693467e-01
5.422427859622888091e-01
2.347965118438503085e-01
-9.115063491392313422e-01
-2.681246302421566030e-01
-8.169880321922337041e-01
-1.677822271154240652e-01
