-5.938956901287201218e-02
-5.143012912831683714e-01
1.864632215222035150e-01
4.119449892130928603e-01
4.704691798189015173e-01
3.651311095624618641e-01
7.024441537639000699e-02
-3.499060523447486970e-01
3.462520050227547164e-01
9.266530604716530783e-01
7.920110733923078072e-01
6.271503268438749501e-01
2.891645578339373523e-01
4.097450855996626062e-02
-4.436206649180411965e-01
-2.209292151829234385e-01
6.451353944832488585e-02
5.176650758796783741e-02
-9.661641280486331362e-02
5.911220049803199705e-01
-1.211826092760041884e-03
4.217819229136968717e-01
1.850956381889741209e-01
5.911589034316077074e-01
-2.382827890904511831e-02
5.658063105951000038e-01
-1.945941134072197154e-01
-1.051676704624519704e-01
4.123745699007687338e-02
-2.750393548590486514e-02
-6.793177756895212305e-01
-5.669301433742632845e-01
-1.509615972232565898e-02
6.497001996889484321e-01
1.000000000000000000e+00
1.581309017279914908e-01
7.168096895176494232e-02
4.009153199043119509e-01
1.000000000000000000e+00
1.218206050963877296e-01
-1.851444186830441818e-01
3.875658618414189460e-01
2.554460492584867404e-01
1.467484305511370102e-01
5.630937404920798306e-01
-1.063133784222029810e-01
4.895572612288964232e-01
-1.454141116246870924e-01
-2.266732940461679835e-01
-2.035366000405524067e-01
1.193837346136802785e-01
-5.157059599174880216e-01
-2.050526800585811271e-01
-2.549151069680675730e-01
-3.790349338601606277e-02
-3.307109024960919186e-02
1.278514017893846444e-01
4.530957742365891994e-01
4.406751096194613804e-01
-6.119090239145226207e-01
-2.661050909952990540e-01
2.276719643930610326e-01
9.598688061170643215e-02
-3.942186279684666006e-02
-1.793339973435888191e-01
1.655153367889445337e-01
-1.000000000000000000e+00
-6.083960067562250718e-01
1.873509453002485392e-01
5.580307472395874546e-01
-9.919702569249769231e-02
9.706596831468432551e-01
6.495302932443489663e-01
-2.800943295959053003e-01
-1.735344325737967208e-01
-3.272322991289345895e-01
2.260221610053743668e-01
-4.361698464349574866e-01
4.911903134358251433e-01
2.032853165377876969e-01
5.852348309606780763e-01
7.081558048021859009e-02
2.758892853170762383e-01
-1.313908162556361725e-01
-9.516629607963572601e-02
-5.893020709105770694e-01
-3.526210160046266973e-01
1.585755751476377595e-01
-1.000000000000000000e+00
9.228429935282305152e-01
1.742252040854869177e-01
1.291338223256042472e-01
-6.165180038554388675e-01
-5.011566934971247722e-01
-2.344066361012120125e-01
7.778921047232049135e-01
8.374559903442826414e-01
1.819689628359393019e-01
-6.028126868313042896e-01
7.511156589353182866e-01
-4.416349108839167648e-01
-6.073979502272122133e-01
-9.986050025117605422e-01
-5.172899370447769929e-01
-7.016708897775647547e-01
2.205446000251640171e-02
1.657043121644105610e-01
3.452605537829878113e-01
-3.652018743991907734e-01
-2.912397345984387709e-01
-4.832536066885176340e-02
2.577680119904246503e-01
-3.179269180770725178e-01
-4.232786690003911834e-01
-2.250620033958997818e-02
1.181336505462541320e-01
-6.148724409761279208e-01
-7.394111511396722625e-01
2.682223012445330568e-01
-8.613173740505544740e-02
1.877934817391328504e-01
-2.857746689347181457e-01
-8.596027150812921569e-01
-1.624805005078328868e-01
8.759924594276373433e-02
1.739210265684581480e-01
1.000000000000000000e+00
8.384773702110795424e-02
-5.752019036944799879e-01
3.580662693475449021e-02
-6.218220156178317914e-01
-4.769964420265616623e-01
-1.000000000000000000e+00
2.703560273477390585e-01
2.390423663585405645e-01
-4.399869068358428503e-01
1.619216735707263710e-01
-7.126453406373237653e-01
-2.773388246329839824e-01
-4.037583122920732626e-01
6.562834805532915539e-01
-2.578364456471173849e-01
-3.186401654637336378e-01
8.832112976042183483e-01
-3.833719132857508205e-01
3.588444550591064486e-01
-4.729698098817653462e-01
2.230684610582457650e-01
1.493741957876388027e-01
-4.267589142128381807e-01
1.372539162733197871e-01
-4.493543093562007984e-02
-1.000000000000000000e+00
2.526025130295525001e-01
-8.807289632255583811e-01
1.114704012643940728e-01
-2.326696353550974372e-01
9.492155744421524322e-01
1.713562920645627374e-01
-4.631335821344583215e-01
-3.110154183391004024e-01
3.439360077210822930e-01
-8.201697013692058058e-02
5.337450961187337195e-02
-1.536552780957796127e-01
5.115517462131634607e-01
-1.945563695764979950e-01
5.867395723542433439e-01
1.552731760363352254e-01
-1.733821112190374047e-01
1.899108827073217598e-01
6.189155690555404599e-01
-3.103524210176152875e-01
-7.745579091047422038e-02
-1.000000000000000000e+00
1.838844877269218969e-02
-3.043103073550676441e-01
-5.584793508140933893e-02
4.440353715348684116e-02
7.524577399067600147e-02
4.558065936891321224e-01
-2.061389259123520556e-01
-4.752449945413765864e-01
1.219643505131784433e-02
4.119115201682155281e-01
-4.024166581689660460e-01
5.821112947642795854e-01
-4.546469927897655028e-01
-2.661394353140181246e-03
1.351547425567868610e-01
-5.907799597364654653e-02
5.176736221915169134e-01
1.000000000000000000e+00
-1.553329868055505769e-01
-3.540995458652767547e-01
-5.614016695569705728e-01
3.385945344101580212e-01
-4.146745120763127290e-01
-4.692401233437258901e-01
3.521700806310681386e-01
2.896984624618486603e-01
7.954879842307363003e-01
-1.387224903149587574e-01
2.080579474854832300e-02
-4.558408158362665108e-01
8.826295440067091214e-01
5.208369825339793646e-01
1.755477552219994464e-01
5.121322505523677737e-01
-1.266507144097078486e-01
4.819787283263181621e-01
7.637445620425220572e-01
5.624630430147207205e-01
-2.885976214708290133e-01
-5.300231423355595828e-01
-5.938068491076201605e-01
-1.933573119017928110e-01
7.766802763551610145e-01
-3.403484177906569430e-01
5.592913544495097256e-01
4.434644456958106162e-01
-5.743908868934437528e-01
3.269137862267101347e-01
-1.000000000000000000e+00
2.229971508692824844e-01
-9.431143151879438358e-02
3.017779986811529591e-01
2.108592347449035898e-01
4.302385251515926101e-01
-1.810656341521615920e-01
-1.785301639495731618e-02
-6.003886755713252477e-01
8.695059869205337133e-01
5.925894896694109404e-01
-4.460165599258207325e-01
1.192511660529750050e-01
5.780538197517886001e-01
4.270123068069717198e-01
1.842277779016661399e-01
2.862491956310195818e-01
-2.496211186007555038e-01
-3.552095479391714772e-01
-3.116001271717550036e-01
3.415105714494344191e-01
3.774188046566824273e-01
-2.741298561794693889e-01
3.506538381990784714e-01
5.910576662759958744e-01
1.726598080837314919e-01
5.247860220216925553e-01
-5.760128024460309248e-01
-7.114565917723965072e-01
-1.658853319206645416e-01
1.000000000000000000e+00
2.019076717503697771e-01
-4.800599955117400980e-02
-2.337591123882292732e-01
-5.820334910888540492e-01
4.948879039987028605e-01
-3.234600888681976594e-02
-1.000000000000000000e+00
3.857614012372918566e-01
-2.436721189470227866e-01
-2.550080007834167051e-02
7.019879187927112740e-01
