
0 66.319827 0.490435 15.091696 0.0
1 66.319827 4.701029 17.903641 0.0
2 66.330119 14.900921 23.211311 0.0
3 75.171054 21.752215 27.239908 0.0
4 85.662889 24.840654 28.380187 0.0
5 75.033853 32.816557 29.301425 0.0
6 75.296218 40.888479 28.594294 0.0
7 75.286267 41.220583 28.635427 0.0
8 66.454823 39.183366 26.413657 0.0
9 75.286267 40.232102 28.992828 0.0
10 66.597323 47.96419 24.901089 0.0
11 74.964519 49.707582 23.166114 53.8
12 89.545189 45.300384 27.180248 5.2
13 66.375982 51.35479 20.301688 0.0
14 75.286267 53.5895 18.731996 0.0
15 75.29289 50.541662 20.312235 0.0
16 75.153561 52.82282 19.653301 0.0
17 66.482547 53.577541 19.464246 0.0
18 87.95642 55.971579 16.690288 0.0
19 66.340518 57.56154 15.69708 0.0