
0 66.273152 4.462099 19.843014 0.0
1 75.289573 13.420826 27.201279 0.0
2 75.289573 22.196816 28.49488 0.0
3 75.289573 25.057005 28.768226 0.0
4 66.876036 35.010607 28.485921 0.0
5 66.319827 29.916479 27.79087 0.0
6 87.885869 38.908158 25.706328 0.0
7 66.864202 38.423987 26.786603 0.0
8 87.885869 44.441433 24.88057 0.0
9 66.319827 44.234901 21.051944 37.0
10 87.885869 46.014389 22.597938 0.0
11 66.319827 44.65409 22.717093 0.0
12 66.347511 50.644686 19.595632 0.0
13 89.466986 53.18433 19.383237 53.8
14 84.768859 48.966943 19.659768 50.2
15 89.485189 50.905911 18.881915 48.4
16 75.296218 50.402365 20.147248 45.4
17 89.597881 57.274172 16.891496 0.0
18 66.319827 47.277626 23.428993 44.2
19 75.309641 54.160647 18.135216 0.0