1.000000000000000000e+00
1.000000000000000000e+00
-4.450746723126116633e-01
-1.525586938025923212e-01
-5.158006709807343437e-01
1.000000000000000000e+00
2.927886774738026610e-01
9.329270262024513816e-01
4.353529228585288624e-02
-3.054850333886018343e-01
-3.930520348308208511e-01
-9.695983748000795988e-01
-4.962377955776448024e-02
1.000000000000000000e+00
5.550933361167126323e-01
8.897184717943477095e-01
1.000000000000000000e+00
6.599007831887035991e-01
-1.645142035925631629e-01
-6.911845463086359054e-01
3.032916289250345843e-01
5.039970355249229206e-01
2.794820720681851500e-01
3.137206507544936240e-01
-2.470365055869541693e-02
-1.000000000000000000e+00
6.216449928471382003e-03
1.582365949231714364e-01
-2.180397442804465902e-01
2.374629170898126529e-01
-1.000000000000000000e+00
1.000000000000000000e+00
8.922862142729198753e-02
-1.625779052794387169e-01
1.601174102873983984e-01
3.268897261473910354e-01
1.046533559980545730e-01
-5.715421505227515908e-01
2.116784923727898504e-01
4.874403183552418473e-02
-1.169459486351186461e-01
4.686752013373359782e-01
2.421465646808806937e-01
1.000000000000000000e+00
-5.344817751070205514e-01
8.287435350916585453e-01
-1.151380359081178306e-01
-5.866255010658946167e-01
1.893403103021710776e-01
-5.728097274617143242e-01
7.212534562978619723e-01
-6.292065714409833532e-02
4.575155917324560256e-02
-1.363267042189964529e-01
-2.585929277289678585e-01
7.172205104117315155e-01
8.764717771412506853e-01
-4.820491055522051482e-01
1.605020397584541736e-02
1.419430688963324028e-01
-1.870810538826912783e-02
-9.792140349180756820e-01
-7.351157059514779046e-02
8.689499863522994749e-01
7.640240653810032034e-02
1.225236289056941125e-01
-1.000000000000000000e+00
-1.848344500938078339e-01
3.411995216947559806e-01
3.239249406578570967e-01
-1.223994975948102248e-01
-1.651171061571579668e-01
5.150578577013713577e-01
2.688047751667374009e-03
-3.887788774450744445e-01
7.454718494298747666e-01
1.000000000000000000e+00
-3.341051915395322203e-01
2.192033905344586697e-01
-1.354776273807050957e-01
6.388017043415448182e-01
1.254368028250955613e-01
3.921207234554256738e-02
1.000000000000000000e+00
-8.830152724606196157e-01
-1.000000000000000000e+00
4.209023917787369506e-01
7.595808099196494911e-01
2.824879907072780361e-01
2.957351736342848647e-01
-8.808230684904476693e-01
9.764724473274535299e-01
5.079081034657745297e-01
-9.775050847129529430e-01
2.572683812603902553e-01
-5.444476245787635005e-01
2.641290209260989674e-01
3.398322243873864723e-01
-7.343429088454961340e-01
1.000000000000000000e+00
5.462880556941394072e-01
3.940200986346518719e-01
-9.856171924777956672e-02
3.023438417620851748e-01
8.852755982680815539e-03
-4.951091711254576033e-01
2.748749078168521986e-03
7.585736347834133586e-02
-1.327454928037618831e-01
-1.781462762289195423e-01
2.593865211486289304e-02
-3.266956449902612691e-01
-1.323733811454196330e-01
3.181669404293596681e-01
-9.922543119413203272e-02
-2.159016584891265342e-02
7.369802256111193106e-01
5.430792583448277311e-01
2.700353163570810566e-01
-1.000000000000000000e+00
3.942916028320186395e-01
7.549534548443130599e-02
5.521924142828638082e-01
8.523826066834296888e-01
-3.517920465551614972e-01
-3.743843553175655314e-01
2.181046577899146133e-01
1.022840754293718457e-01
-3.171237343608719339e-01
-2.024767235875971627e-01
2.616432848217316032e-01
7.597627793703640720e-01
-1.594453987582968024e-01
-5.020297514547502615e-01
4.268266608940242679e-01
8.776191067898707621e-01
-2.976102324832285984e-02
-1.000000000000000000e+00
-3.452415949415765101e-03
-4.605627914496912556e-01
9.619630575855833143e-01
3.812197467367200998e-01
7.572202001259009663e-01
3.330268429927418783e-01
-1.131289289873140536e-01
4.082486341085818093e-01
8.211805634911267804e-01
-6.216004864241850836e-01
8.108681359713154624e-01
-1.000000000000000000e+00
5.546736456152777661e-01
-8.941050290506178388e-01
-1.925176297794061187e-01
1.000000000000000000e+00
-6.981391209678942111e-01
-9.380833738406005873e-01
6.599007831887035991e-01
4.430697105070197650e-01
8.722251001666370129e-02
-2.695063385893470276e-01
-9.803049372796475147e-01
-9.080721541559921839e-01
9.200392397418374890e-02
5.370253765438157828e-02
-5.280492623177133193e-01
-5.960876401354393839e-02
-3.960496248047777890e-01
-3.670844212310865329e-01
5.066986317377820681e-01
-4.491894881284083652e-01
8.093368883709132211e-01
-8.260214825006123585e-02
-7.400970471952386109e-01
-1.000000000000000000e+00
-1.723373006479606007e-02
-7.923430928198980094e-01
-1.000000000000000000e+00
4.069544561464719656e-01
-2.790347569878811052e-01
-3.531705479283984705e-01
-1.155699922314661204e-01
3.116356883156964908e-01
2.817503509763629732e-01
4.141103379757110625e-02
8.204746361106399211e-02
1.959298839755771460e-01
-1.170752105407634192e-01
1.268236330493471009e-01
1.796730059304820770e-01
6.838432692139738700e-01
6.849265195513103421e-01
-7.966042683778578049e-01
6.395931463069123302e-01
-4.891863373016127614e-01
1.782391578278674227e-01
4.134231431299290049e-01
3.820484395194836957e-01
5.693530862230656853e-01
-6.096740063421393629e-02
-7.184599594342382378e-01
-8.315999875275884579e-01
-6.016106737602161525e-01
-4.926918056981632321e-01
2.736329394207600574e-01
-1.215872401893855481e-01
4.942183609125775923e-01
-8.060462540860604541e-01
-4.381060643783302178e-01
-5.575342604373075828e-01
1.571978321428622039e-01
-1.559409964806087179e-01
-6.090628781201212760e-01
2.380110008426174206e-01
3.348548651609312143e-01
8.624573485600682821e-01
8.287300851084381526e-01
-5.766534309049027307e-01
4.479254070509941510e-01
-4.520057725352069622e-01
9.846935819641410015e-02
-5.777848527741866747e-01
-8.582054462629854497e-01
-8.764885855947122106e-01
5.587834902424813066e-01
-1.742097076367823960e-01
-6.235957717143700285e-02
1.000000000000000000e+00
6.114496522489092090e-02
6.115120616192808445e-01
5.500441066697345227e-02
-2.930121278967378479e-02
-7.430924676148292773e-01
4.364705813607565044e-01
8.174272933981190370e-01
2.195822628099617368e-01
-3.638466373484232630e-01
-3.219319386724343590e-01
2.742637583196109730e-01
6.334893094423911242e-01
-6.858352535914775672e-01
-5.606502681031974022e-01
-4.442882799444887176e-01
3.344198594123429791e-01
6.193053665437657784e-01
-6.132911324154496358e-01
-2.736223629914051880e-01
-2.410908935623956584e-01
8.135446190300370528e-01
2.191506915639101771e-01
-7.782777139084066098e-01
-5.637898048731809775e-01
-3.893675808374909009e-01
1.130193360131627744e-01
2.552336321295788912e-01
-1.431194297237834978e-01
-1.159529906922095455e-01
-4.305202233740956091e-02
3.376963707711032603e-01
-5.786223272529853467e-01
7.358010046251769465e-01
-3.820853305129503497e-01
3.975204951093685990e-01
-2.007499450234094540e-01
1.310912565101006733e-01
1.441119837781526525e-02
