5.604337603243173538e-01
-2.690962726650756864e-01
1.483468612104314743e-02
-7.384154595354741613e-01
5.321789671717968018e-01
-2.792988716388029591e-01
-3.077234384532640532e-01
-1.201409169769685203e-01
2.505921690407553193e-01
-3.182080702156844798e-01
-1.311541951209321821e-01
-2.147959907713804517e-01
2.656841649532900584e-01
5.677137454726834953e-01
2.693075442386374529e-01
1.505128962467418008e-01
-6.664184728112815259e-02
4.147760724054569414e-01
2.228821072116280444e-01
2.035823764110926692e-01
4.323092843059597734e-02
-2.861552058416514943e-01
5.334027499675018102e-01
-5.408887019348007641e-01
3.309083920875802720e-01
2.673682087132205343e-01
2.576994960184030292e-01
3.899255694988481014e-01
-4.116614465268197964e-01
7.792629342024574857e-02
2.731557161933327871e-01
1.000000000000000000e+00
-5.325686962070076413e-01
6.313517422117995714e-01
6.328136728882670370e-02
5.879308735845411027e-01
-6.994204050222521118e-01
-3.330953390356813371e-01
-6.017428606290546877e-01
-1.000000000000000000e+00
-4.759128528576719863e-02
-3.144430901901887898e-01
-9.484209961209182360e-01
3.024746567834961652e-01
-4.093049534164056591e-01
-9.013608702144834672e-03
1.298632291940043926e-01
-5.146608051633135839e-01
9.834791337079993312e-01
4.016702791034144626e-01
-6.674742999188705284e-01
-8.831620152453387163e-02
-3.795166184535542775e-01
-1.380006419118451344e-02
8.903752960112008147e-03
1.000000000000000000e+00
3.564428203354481073e-01
2.704601736092893671e-01
-4.245130563805665225e-01
2.691350784862303058e-01
-6.707573670681328259e-01
1.000000000000000000e+00
-5.311556498448913310e-02
6.853989195253093469e-02
-5.491457735554632763e-03
1.374291218898049949e-01
2.281904505122940574e-02
-4.486044011012260135e-01
4.757729656270952012e-01
-2.539010308764368395e-01
-1.767017040570045827e-01
5.646084967424324086e-01
5.114599421268503088e-01
-2.996136885729562827e-01
5.505851954417950722e-02
7.604159314074575571e-01
-6.546217753805432249e-01
4.791167494846202968e-01
-2.576033658265616116e-02
3.881758298318620237e-02
3.202470741402375087e-01
-2.963076944329133822e-01
1.030012019160027603e-01
-3.441941615440092250e-01
-1.000000000000000000e+00
7.349346262525054962e-01
-1.191029723906652793e-01
3.311195057838631217e-01
-1.595782531964951567e-01
-1.000000000000000000e+00
1.431328456815036398e-01
-4.712764232245968965e-01
-3.444483566742199132e-01
-5.909552563230280331e-02
-3.159988410492103883e-01
-1.761295770285320472e-01
-3.466656881817903324e-01
2.107495541919580662e-01
7.880690551356123175e-01
1.980976434900183769e-01
-2.207085790603867115e-01
-1.118891017210909833e-01
-8.222509199398733148e-01
3.136407011937017431e-01
-1.874684737177457483e-01
-2.883950330885138302e-01
-7.291308718392550681e-01
-1.965685784470904696e-01
4.399767171608697791e-01
-3.971331639944224445e-01
-8.198423395042419015e-01
-6.832691213458411128e-02
-1.053765417751248573e-01
-6.315443589146327308e-02
-1.000000000000000000e+00
-4.173195273992729160e-01
-1.000000000000000000e+00
3.623635560378847265e-01
3.515249006344933758e-02
-2.826246780669000591e-02
1.199121707825349936e-01
-6.395377712212086951e-01
-5.220844536968232141e-01
7.965864849134232095e-01
-4.996546467055469898e-01
-3.561728017585695794e-01
1.412059035154858422e-01
8.385434141972710753e-01
-2.647045492802067579e-01
2.410548554559574508e-01
-5.555800742269517700e-01
9.778446275628477347e-02
-2.830914724280376715e-01
-1.913639578603860136e-01
-3.470411609868967462e-01
8.335356359031053097e-01
5.577603101567433219e-01
7.598949413456224100e-02
2.099988276493544581e-02
-1.680917733044658968e-01
-1.815521135335967096e-01
4.667027580725865432e-01
-7.117124747641595528e-01
3.722182851358944999e-01
-4.093572078326643271e-01
-2.090176440917037581e-01
-1.000000000000000000e+00
-1.738972235085441409e-01
-5.464842048106663963e-01
-3.464620124807964441e-01
2.803407119009122539e-01
-5.673911936835823733e-01
7.084793487045748517e-01
1.546278587839577251e-02
-2.283320492630472598e-01
6.996481366739112362e-01
-2.339882202352815410e-01
5.340042689377211271e-01
2.476524385547845819e-01
1.000000000000000000e+00
9.647834209161511299e-02
7.613282360292200623e-02
-1.000000000000000000e+00
-1.202806650810780420e-01
5.790342651993378442e-02
1.655734284112631016e-01
4.276153457171563699e-01
9.173535585407031068e-01
-1.251481806709775768e-01
2.885050928904897005e-01
-1.316043487994342231e-03
3.659817451998735871e-01
-6.419056882322729529e-02
6.284108862053149336e-01
6.796883268905578035e-01
1.037670697390925129e-01
7.709991133005066333e-01
-9.498135405809024490e-02
-1.429598892890979189e-01
-1.000000000000000000e+00
-1.850747940378368595e-01
-1.522891027088945637e-01
-3.620808695737523508e-02
3.408714807845262401e-02
1.413001951670144196e-01
7.036207245876491267e-01
-7.615412336324890452e-01
5.627253925215431468e-02
3.116548690961724044e-01
-4.822458148290572622e-01
-2.341639615601825986e-01
4.913487196531916013e-01
-6.991377322208640610e-01
-1.656669884638230228e-01
3.428975013219387469e-01
6.221448582520275883e-01
1.230593539500196565e-03
4.528287060573241152e-01
-5.449995204917712499e-01
-8.150569603034427679e-01
-6.932714016833711745e-02
-5.460378757805544048e-01
-9.124328091222301262e-01
-2.141492350445782233e-01
-5.959015182850063708e-01
-2.620111767821294291e-01
3.983445243502425903e-01
-7.937453261990040643e-01
-1.000000000000000000e+00
-4.623263488555692802e-01
1.935420653846621208e-01
-6.885034551808161263e-01
1.366919493075455239e-02
1.000000000000000000e+00
8.177379026649299332e-02
-1.504261569759172135e-01
8.163967152113221770e-02
5.857395441391981539e-01
2.830810201475459364e-01
5.450225928084193594e-01
-1.163475607438502202e-02
-8.437259289632736969e-03
2.488543502310140987e-01
-9.649871094584748510e-02
-3.722753280539466969e-01
-5.537758662084255740e-02
-6.009811594307357119e-01
2.467416880344605046e-01
3.508082598205165131e-02
2.083325324257055133e-01
-2.772615447760408136e-01
3.289574186709596226e-01
5.871015674685022834e-01
3.549686656235629956e-01
-6.991558794288516010e-01
9.023882000938454606e-02
-5.047682287555194103e-02
-1.990586342100935380e-01
2.340939928687595373e-01
-9.370063734108664555e-01
-1.393194998538198059e-01
-2.947081870688483818e-02
5.325329194935998212e-01
5.112107539387075184e-01
4.795828366678724364e-01
-1.369051002517081284e-01
-1.750626819276342727e-01
1.000000000000000000e+00
7.545050125910907068e-01
1.741843254224095250e-01
-6.252629371082922827e-01
4.816856758560004170e-01
-5.932142973300522648e-01
-1.981944023969469670e-01
4.548980774508150082e-01
7.556353453967411260e-02
2.667741742393949789e-01
-1.246456416808025269e-01
-3.985483836181067385e-01
-2.318950573825434291e-01
-1.049524175364751483e-01
8.240722781058817947e-01
-7.939935846218039162e-01
-1.272275517343025852e-01
4.526771959692532654e-01
