
0 66.319827 2.185016 17.34258 0.0
1 75.276415 8.241785 21.422557 0.0
2 66.494668 14.952159 25.532738 0.0
3 66.548962 20.64199 27.898454 0.0
4 75.486571 24.874868 29.157375 0.0
5 66.319827 28.581575 27.921723 0.0
6 66.82385 36.868995 26.797596 2.8
7 66.888012 38.795302 25.676773 47.8
8 87.868559 46.643278 23.605063 36.4
9 75.319827 43.869047 27.184835 0.0
10 75.286267 50.061357 22.758722 0.0
11 66.340518 49.187347 21.222435 0.0
12 75.276415 52.975866 20.346478 0.0
13 66.490612 46.81362 22.996046 56.2
14 89.305189 50.490463 22.298649 46.0
15 89.117881 52.868225 20.260618 55.0
16 88.077441 55.076544 18.375427 0.0
17 88.585189 47.58189 21.19528 51.4
18 75.296218 48.572808 23.597302 56.2
19 71.372245 48.388555 28.076642 57.4