
0 66.276415 2.555567 17.845063 0.0
1 75.222348 9.406267 24.633741 0.0
2 87.509013 20.917733 27.081513 0.0
3 88.66521 25.932918 28.134382 41.2
4 75.273152 28.404367 26.852151 0.0
5 75.273152 38.687593 26.196099 0.0
6 75.570654 39.278565 25.597466 0.0
7 66.615505 50.800288 18.831026 0.0
8 75.097367 40.576743 25.235314 0.0
9 75.309641 42.933084 25.71366 0.0
10 75.286267 46.589475 22.879622 0.0
11 66.372379 50.292176 20.808711 0.0
12 89.179361 41.632447 27.467985 46.6
13 89.072828 47.215027 25.19368 31.6
14 89.072828 50.109491 20.712327 46.6
15 74.847267 51.855116 19.501191 0.0
16 75.289573 46.717183 23.250619 40.6
17 87.364928 46.211159 24.417601 0.0
18 91.896393 56.594609 17.993263 44.8
19 89.179361 49.453699 20.761881 46.6