
0 66.237949 2.286005 16.920402 0.0
1 66.319827 9.110774 20.281673 0.0
2 66.372379 18.455671 26.861771 0.0
3 66.634024 23.523343 27.042016 0.0
4 66.882006 25.833222 25.752318 0.0
5 66.5839 27.623065 27.138526 0.0
6 66.319827 29.227677 27.268567 0.0
7 74.947911 26.16396 28.697264 0.0
8 66.519361 32.514548 27.032462 0.0
9 66.330119 42.278277 23.853435 11.8
10 75.237949 38.958879 27.061901 0.0
11 66.333573 39.749135 26.478685 0.0
12 75.347511 49.877551 20.611791 0.0
13 66.634024 47.262024 20.808666 0.0
14 88.179556 46.834117 21.810861 0.0
15 75.159358 50.55777 17.700509 0.0
16 66.68188 44.898063 21.611011 21.4
17 75.206986 44.346719 23.057207 5.8
18 66.319827 47.857971 21.37214 0.0
19 75.213103 45.715188 24.23805 0.0