
0 66.319827 -1.500689 11.608518 0.0
1 66.282972 3.711751 19.002992 0.0
2 66.344008 7.823765 21.823144 0.0
3 66.330119 12.987923 24.668871 0.0
4 66.888012 13.463522 24.299853 0.0
5 66.319827 20.929817 24.556424 37.0
6 87.514 31.179577 30.09066 35.8
7 74.813791 37.664851 26.339539 0.0
8 66.319827 38.046243 25.897761 0.0
9 66.870101 41.349016 26.289982 0.0
10 75.038995 40.750285 25.353867 0.0
11 75.852506 47.357293 22.439431 5.2
12 75.144928 42.436409 26.026281 0.0
13 75.286267 54.374896 18.898398 0.0
14 66.347511 48.250925 20.283133 19.0
15 75.150675 47.540062 25.55501 0.0
16 66.667281 47.62526 22.034258 0.0
17 66.340518 50.551441 19.150347 0.0
18 75.282972 50.215688 21.898103 0.0
19 75.253797 45.467465 22.025062 0.0