7.267323168024334423e-01
-9.017422613783956375e-01
3.274311703764448689e-02
6.980249789417660722e-01
-2.257136313404567440e-02
-3.335714761152488439e-01
-7.490728674657338715e-01
6.604479849170374894e-01
8.308575052646619552e-01
2.409699574689373736e-02
2.455461966468806545e-01
-2.850743070139489244e-01
6.064750651059986897e-01
-1.000000000000000000e+00
1.543291455148505797e-02
5.777070730635370799e-01
-1.411844102670861134e-01
-7.694311674138347712e-01
5.935789914830180702e-01
9.459335774072558101e-01
4.851782347975235887e-01
7.783603781402151922e-01
9.765701424382509099e-01
9.771219709101957029e-01
-5.314444490962237921e-01
-2.674733705945524509e-01
-8.662344303254376765e-01
-3.453885719288750378e-03
-8.954440919289609058e-01
2.859994131009944152e-01
-4.402733307464868906e-01
9.755616866166845480e-02
1.892261497243677426e-01
-7.884999332279286621e-01
7.204270989147061321e-01
-3.351277669976962525e-02
8.760254413442595256e-01
-8.020932286782105347e-01
-9.062576497026624267e-01
3.374767494299875104e-01
-6.829756743510063677e-01
8.799594705507394199e-01
1.363641493404586791e-01
-3.174430390943956959e-01
-4.212968471661266978e-01
4.024217202956892336e-01
-3.461411772535265552e-01
2.016765704243289048e-01
1.710113023724124659e-01
-6.403863065178674319e-01
-4.185580160538137084e-01
-4.878998149788739136e-01
7.016016354612557571e-01
-9.475566080710804417e-01
-3.841820574634665642e-01
1.418816508872024762e-01
3.491125116485472302e-01
-1.058560365235083900e-01
8.058354056356764605e-02
-7.323158875271396084e-02
-6.876823816123327493e-01
-6.739168747876923826e-02
-2.413728441363761634e-01
8.224861298658241171e-02
5.466906143910955640e-01
8.682634989009061499e-01
-7.447050551365201887e-01
-3.430279983009965616e-01
-5.368335845775726867e-01
-1.085246869420076060e-01
-2.862285228660292613e-02
-8.695317911927467058e-01
1.000000000000000000e+00
3.537206784994621489e-01
-6.822491739804792399e-01
-2.684555801602824254e-01
-2.356866481467942420e-01
-2.785435057436019823e-01
3.017750104892636953e-01
-8.084296946116781291e-01
-5.386496681200561576e-02
-4.484406038164284736e-02
-5.669810375154160642e-01
6.169146799643014933e-01
-9.938024589192982761e-02
9.620652959438913410e-01
-3.673484109847902634e-01
-8.211550788032935255e-01
3.682286153894698266e-02
1.138468382029151071e-01
1.453949975904588188e-01
-6.096911287875272922e-01
-9.395712175065321636e-01
-2.505537242591860947e-01
-1.386964324761974232e-01
-8.987731741439307642e-01
2.657958436718459438e-01
9.498267288373089812e-02
-2.687071409901597985e-03
-2.444787401200312904e-01
2.021367860693068785e-01
5.545271874645603116e-01
4.267865930998926416e-01
4.106235662088282279e-01
6.203320687876668904e-01
4.823239832430141205e-01
1.000000000000000000e+00
9.001268120073400159e-01
9.214127538763021708e-01
-8.808136235139059078e-01
2.627211093727099267e-01
-2.149906020253183059e-01
3.917773943471108411e-01
-2.424230331324234156e-02
-3.785966180858886254e-01
-1.000000000000000000e+00
3.563545990625608950e-01
5.771823884755736267e-03
3.724747916398791214e-01
8.339271257235874035e-01
6.513281170105240936e-02
-6.488366727401118084e-01
-5.510962287900418310e-01
-9.458020381326371906e-01
-4.434497572434972779e-02
-9.650537079980485711e-01
-4.651992549141417133e-01
-9.012311173091818173e-01
1.020384316406565406e-01
6.535102412577069586e-01
-7.687221740813349191e-01
5.543429952013659845e-01
1.000000000000000000e+00
-1.859718613476664117e-01
-2.947143091158054284e-01
3.918577673788903315e-01
-3.778402991609848272e-01
-2.829080979053700262e-01
-1.674250107292347134e-01
-2.480451612151903795e-01
4.790333330921205945e-01
3.203278086219829013e-01
-3.171136774971539118e-01
-3.349539940722582876e-01
-7.625764484325409098e-01
4.752546642595685822e-01
-1.707265176749392932e-01
5.455616200517093839e-01
-4.101820158618671441e-01
3.569539802593049704e-01
7.331591935407337779e-01
4.523545421549250017e-02
-5.782104487863075626e-01
6.941299878021808256e-01
-5.329063004150873528e-01
-1.241181241812727987e-01
6.595171687782447334e-02
1.204321877524319462e-01
-4.932579116237383321e-01
3.074473142311522911e-01
5.069089664631117043e-02
-5.654421895392177655e-01
-3.426401381552334202e-01
7.238820027552982372e-01
-4.117015533504251312e-01
1.000000000000000000e+00
7.588842873475800666e-01
-5.181213142198008020e-02
-1.492028665479927518e-01
3.802082095109649007e-02
-2.513307006089104956e-01
-3.461733483281362878e-01
-9.942818286329802024e-01
-5.448022952547288966e-01
6.095818168182947083e-01
-1.000000000000000000e+00
1.000000000000000000e+00
6.139922708405161078e-01
-5.958321640645514172e-01
-6.842454391433524519e-01
-6.754594938183573483e-01
-5.990593565387742903e-01
-8.729926211492577970e-01
2.089935730036597827e-01
-3.668707766611506438e-01
-8.373827129254844959e-01
3.589594927455883600e-01
-5.824487355898687602e-01
1.223752342049906766e-01
3.546787585910284313e-01
-3.016994722218241942e-01
-9.070569037378245492e-01
-5.761953879819625701e-01
7.975929058022698803e-02
-4.206150196655180640e-01
-1.139169761519975149e-01
2.462125570360208238e-01
-9.357553052896094847e-01
5.499311899860497288e-01
-1.000000000000000000e+00
-8.688897351840617622e-01
-8.938276511866136698e-01
-4.945194374969341666e-01
-5.459758995417618443e-03
1.000000000000000000e+00
4.820320772213981808e-01
8.153324189621635742e-01
5.957007267989509192e-01
7.097270918621362279e-01
7.465819563757524202e-01
-7.649434044636918006e-01
-3.405131749371203415e-02
7.551631525344186802e-01
6.896439628875310479e-01
2.205932877108782164e-01
-6.443879239380839730e-01
-6.279616473720965875e-01
-6.708490014654404643e-01
-6.073582168565310191e-01
-3.106468635973055337e-01
4.042865335657813697e-01
-4.932428022808909018e-01
2.877424883327335814e-01
2.920839098101900011e-01
1.915335913149252001e-01
5.677686899254943409e-01
-9.118017988631905713e-01
6.418376763386397510e-01
-8.557906670954074091e-01
-9.661836658108395870e-01
-1.463495431865357577e-01
4.940963631713204407e-01
-7.182898218362006038e-01
1.587705841496140358e-01
3.215869110970787093e-01
-7.089347985537779451e-01
-1.022485935552652769e-03
5.050976159415404565e-01
-5.369076605086826603e-01
2.709239961611664138e-01
9.575941093161011164e-02
3.098747275316127148e-01
3.190085397868273609e-01
-3.483767294320515573e-01
-1.172715498825078057e-01
-1.201266696422661207e-01
6.386131014068757716e-01
7.032702178482514999e-01
2.780334640593770112e-01
-3.015011344945257576e-01
-4.416556016407707230e-01
7.952007094648403385e-01
6.782892776427145165e-01
1.868356678986682617e-01
-2.144728097192486471e-01
1.070855486212295982e-01
2.481634898620778129e-01
4.481652468588880334e-01
-5.079319604494669793e-01
1.000000000000000000e+00
-4.746776497420468477e-02
1.889900651908397178e-01
8.682904433252053300e-01
-4.795401734190568588e-01
1.000000000000000000e+00
