7.366506363569589322e-01
-1.000000000000000000e+00
6.438847984557130588e-02
5.651619473689842854e-01
-1.777695252549035820e-01
1.911075708493029379e-01
-4.583578734499351715e-01
5.175944772368162861e-01
8.486304753374063203e-01
-3.818766047382278206e-01
2.747478298473927660e-01
5.660361336869272897e-01
1.000000000000000000e+00
9.260170896474573254e-06
-4.493356675541625433e-01
3.446165003546687311e-01
-7.324939134749590686e-01
-6.017776479693026648e-01
4.383613868737314401e-01
4.307112082163118416e-02
7.394927065928604826e-01
7.370748215795316360e-01
7.739059257890870125e-01
-2.605916710377498280e-01
-4.141250328093268318e-01
-1.664117651602687875e-01
-2.444565528395249154e-01
3.916158021015099522e-02
-6.495978477861280576e-01
-5.304332107807364638e-01
2.089560054596572292e-01
-1.221396102973632269e-01
-3.204363185173876860e-01
-1.719429691983020980e-01
-5.905060778568381463e-02
-8.104673083883218165e-01
1.000000000000000000e+00
-9.088003913540804168e-01
-6.319407553204728911e-01
8.598827116416659644e-01
-8.483729909149655135e-02
8.577586076722666375e-01
-3.974820315080190847e-01
-4.171767498782565919e-01
-4.953248307221337354e-01
2.745279232625419397e-01
-1.000000000000000000e+00
8.186727846458616287e-02
-1.000000000000000000e+00
-6.456868941320080824e-01
-4.389770718514968140e-01
-1.162653666911322992e-02
5.142434343939803476e-01
-5.449255334486539093e-01
-3.330406297535939975e-02
2.379346715910070076e-01
1.426404932933787728e-01
1.258591132699629633e-02
7.843538622403277705e-01
4.117386647358682872e-01
3.839753553711385825e-01
6.511944418307050175e-02
-2.416792943701331908e-02
2.264530315461183718e-01
5.513134098155550999e-01
7.591346622952954704e-01
-8.494901798202936227e-01
-1.250722969967936193e-01
-3.311955693212141894e-01
-5.285804918445351497e-01
9.210002825844873509e-02
-4.769503049902401592e-01
1.644338244150859996e-01
5.237970559965710038e-01
-3.883709671299419575e-01
-8.093950281454457274e-01
-5.857542474163188739e-01
-1.223498900980024701e-01
2.876571258900501582e-01
-5.882345682283537380e-01
-3.459104206194874020e-01
-5.124240471815071363e-01
-5.873338542211898883e-01
8.314314540797180797e-01
-1.843606076154708506e-01
9.442979276771954478e-01
1.844114148119886387e-01
-7.082369438121780547e-01
4.880455670053795991e-02
2.239826320815588023e-01
2.532792450129143780e-01
-1.000000000000000000e+00
-4.034491528748334055e-01
-9.477372765841768354e-02
-3.581645489933948934e-01
-1.000000000000000000e+00
7.578512335033232850e-03
2.809241589151976748e-01
-8.438144306465568123e-01
1.543738140697085426e-01
-1.768400923353471987e-02
4.650062928305644938e-01
-4.828957886045156522e-01
2.363850309445183762e-01
8.468336408836923956e-02
-8.635144792365535560e-01
3.344478777698875471e-01
7.534184495279014904e-01
9.503665602082864705e-01
1.000000000000000000e+00
-4.480780405472323258e-01
-5.776689348161350157e-01
6.880369326811239805e-01
-1.565775447387003083e-01
3.574766271098428483e-03
6.849521336027868113e-02
3.060991982171432646e-01
-4.566611117153317190e-02
4.406423987303981216e-02
4.583945209082950223e-01
2.320664978217540086e-01
-7.962309835215488629e-01
-7.480627475634736845e-01
-9.552522033566968052e-01
-7.386039005972462324e-01
-2.487105001095936130e-01
-2.607480703150911738e-01
-1.000000000000000000e+00
-3.135080349119198084e-01
5.324320512877404044e-01
-3.906656954255409153e-01
8.589700844373768795e-01
4.565995018578513087e-01
-1.117955350415865690e-01
-2.941715645573632631e-01
4.238968089402112005e-01
1.192379899713807700e-01
-1.426580860775177872e-01
7.069062822633954690e-01
-2.139415977546311187e-01
8.090720023812519868e-01
1.617018063822921459e-01
5.655698191093196797e-02
-4.069919947097688784e-01
-8.015102425363098693e-01
3.465048001950999934e-01
-4.410064246492598761e-01
3.594762698177170201e-02
-4.462252350772849541e-01
2.928184819571479913e-01
-1.387033542874272218e-01
3.387941443188340895e-01
-5.035126253075647984e-01
9.669673210587654832e-01
-4.140932277633848635e-01
2.199538935656772110e-01
1.760533813724643737e-01
-2.650255488712505159e-02
-3.479817436646796824e-02
3.832190625668061568e-01
-3.434093056629690666e-01
-4.386623838774017514e-01
-5.863120213944232884e-01
4.761403741494142916e-01
-2.036686726373252154e-01
4.499848103562920087e-01
4.289276035536281340e-01
2.333063593341747066e-02
-2.523204010510517459e-01
5.331333262113414628e-01
-2.482627343885126514e-01
-8.813195175358966571e-01
-8.225875800733926102e-01
-4.633543047391363578e-01
4.139548194591711749e-01
-2.908674668442828848e-01
4.716662392022846761e-01
1.000000000000000000e+00
-4.891779449252852546e-02
-8.757058349349877702e-01
-6.348542120652366227e-01
1.000000000000000000e+00
-8.541703803885877244e-01
1.000000000000000000e+00
-3.530521532206944979e-01
-1.000000000000000000e+00
9.679292243688061292e-01
-5.844763963879110458e-01
-9.324679690955514633e-02
-2.905439614112262370e-02
1.045680549391039132e-01
-9.709884678283130510e-01
9.653410146962970728e-03
1.091340810637733555e-01
-8.166287393400220029e-01
-1.039504970833371456e-01
4.952543519344883571e-01
-8.840513860028050841e-01
4.942480200424633763e-01
-6.387125542544858092e-02
-1.227641795166084793e-01
-8.500617365067989484e-01
-1.067656230115276994e-02
4.882039302085403043e-01
5.573390659799594138e-01
7.025063130108788467e-02
6.263637157900782126e-01
-1.000000000000000000e+00
9.822551262705561115e-01
8.322271561583211019e-01
-7.490371474927510764e-01
-6.452931158818834279e-01
7.777464164948922898e-01
8.268783931242829066e-01
-1.852277197160229205e-01
-3.285886231425245163e-01
-1.282426544063489104e-01
-6.747887358985502626e-01
-3.941051659894325154e-01
-2.578430137914998754e-01
9.115358186626200121e-01
1.565784066535438612e-01
3.213533110525995107e-01
3.052474217350498176e-01
6.072208538257954646e-02
4.026963954110134303e-01
4.095472560488779834e-01
5.486919548036431893e-01
-7.567531671204354993e-01
-7.011434635497107992e-01
9.562525763091194175e-01
-1.234680012650969660e-01
-4.498056808686887731e-01
1.178760206309157621e-01
3.645272966053819119e-01
1.805903829110477865e-01
-2.496008894893383956e-02
2.407831617342365560e-01
-8.612255546218130497e-01
2.760397754051122088e-01
-3.637220383765278342e-01
2.957313050963785717e-01
1.910038861013502731e-01
1.619889301740238541e-01
-9.654090074627180718e-01
-2.123102790296168552e-01
4.700342380375856222e-02
5.802606388343388710e-01
-8.796467013091464893e-02
6.702423243255357654e-01
-8.892947181239860277e-02
7.583675531461933073e-01
1.036103210540271352e-01
4.654963913523926244e-01
3.313536649504628673e-01
-3.547792910923724952e-01
3.303003823046695708e-01
5.950622559873453704e-02
9.006861841774803645e-01
4.442825195950128592e-01
-1.103236552636665396e-01
-4.282814139194590641e-02
9.308150650601613174e-01
8.778107634372783741e-02
-2.791274416061857444e-01
