
0 -4.624973 -5.536556 0.356355 -50.0
1 30.790514 -1.614001 10.809647 -20.0
2 22.002788 2.24442 7.877187 0.0
3 22.002788 7.594967 5.922407 0.0
4 22.002788 11.279893 6.610314 0.0
5 21.976119 9.477743 5.82951 0.0
6 22.002788 13.068527 6.866246 0.0
7 22.002788 11.309074 7.70165 0.0
8 22.002788 13.924755 6.170713 0.0
9 22.002788 11.223646 7.679253 0.0
10 22.002788 13.02472 6.798205 0.0
11 22.002788 13.074596 6.854417 0.0
12 22.002788 11.107323 9.931167 0.0
13 22.336561 13.125466 7.825293 0.0
14 21.956575 14.745256 7.648153 0.0
15 21.752976 13.042534 8.653599 0.0
16 30.790514 14.790915 10.319008 0.0
17 21.931096 17.453823 5.768266 0.0
18 30.790514 20.098007 5.276088 0.0