1.237623110633589429e-01
1.596135047362115811e-01
-6.723503938136341507e-01
-1.000000000000000000e+00
8.787377410673562483e-01
1.171435823027957290e-01
-1.000000000000000000e+00
1.411127657884762854e-01
5.626710448602803005e-01
4.890757766426626074e-01
-6.383527713091819988e-01
-6.262307913503370460e-02
-5.577247387874272322e-01
-4.118237205421521052e-01
-9.638669819920726856e-02
-4.388778189793946655e-02
6.014878953428007824e-01
7.912931718046618546e-01
2.947064177087942438e-01
2.982070165448247878e-01
-3.553072543622189938e-01
-5.590150530723914102e-01
6.168603243867620822e-01
1.146600833314295326e-01
3.576603706739794886e-01
-7.069378510139643357e-01
3.265995680394352396e-01
7.779083285849265339e-01
5.288565608213262603e-01
6.374342265383053929e-02
-2.045859519371705793e-01
1.945203402928900038e-01
-8.913703259584373484e-01
-6.725331284294086553e-02
-9.683078760741059554e-02
1.693770344061901884e-02
-9.024420413803532770e-02
7.498491747347773018e-01
3.269896378679076898e-01
5.272803246451367443e-01
-2.727761221382615231e-01
3.051757803019158333e-01
-5.606261175878047842e-01
6.199435900309638314e-02
3.873161269672643070e-01
-4.672897879118929065e-01
4.324765912712229543e-01
-2.531080904636126908e-02
-4.632109973945783832e-01
1.000000000000000000e+00
-8.626129985919922527e-02
4.912183004446742385e-01
-2.332494407631619804e-01
3.896772963653324373e-01
2.449707024000685740e-02
8.077884099497947279e-01
4.362001434110908127e-01
-6.605730768149068455e-01
-4.699035144593460833e-01
-3.707447052175629199e-01
4.749693861199232314e-01
2.291274731002136411e-01
-1.133682747321665962e-01
9.221724606941475444e-02
-1.890709989500995725e-01
5.123878615264360059e-01
1.838041430222347172e-01
6.738743220183609495e-01
-7.665314053630936653e-02
-3.345443369167790393e-01
-1.000000000000000000e+00
-1.000000000000000000e+00
-7.042958844360044379e-01
-2.776605716852831307e-02
1.601064596689080743e-01
3.024161128986466718e-01
-1.000000000000000000e+00
-6.611686799945792892e-01
-8.833676787646489448e-01
5.383923479943691914e-01
-1.822618122685867592e-01
-1.130770000012608079e-01
-5.393349552807742420e-01
-1.121714260225797066e-01
1.065498142397361125e-01
-2.170217995103599917e-01
3.969683487378110609e-01
4.996362453000779968e-01
-1.172317033182134205e-01
6.459309440366131083e-01
-4.984438431139636139e-01
1.579286016090984679e-01
-1.508829515737017679e-01
-2.490591234864394932e-01
9.993141694171692180e-02
-1.886047270076620652e-01
-1.496535063010049488e-02
-1.500258947511888541e-01
6.361182548325748920e-01
6.340050078937375932e-02
1.426831301893754789e-01
8.000555657644572438e-01
-4.529969821343985958e-01
1.738157445393722633e-01
9.822167998792516452e-02
-5.497920777345501886e-01
-1.806702572763662640e-01
-4.444845823205967328e-02
-8.103041376706450194e-01
2.129194056148478453e-02
7.455972033699407309e-01
2.154970211467151509e-01
6.798677579865550769e-01
-6.622044873241424989e-01
-1.876239139884228191e-01
-3.749656655795120530e-01
6.757810893143142428e-01
-2.595189745501148004e-01
1.429594559581095770e-01
5.758224389102927221e-01
-6.025411347067267942e-02
-7.326716773574848407e-01
7.439993072486977832e-01
1.135327472112766800e-01
-1.548285212116221332e-01
7.197801806754424714e-01
1.470023496043882660e-01
1.064382808451160844e-01
2.575687641539593509e-01
-5.755103603827429470e-01
1.823029292544654789e-01
-1.175479405620446643e-01
-1.000000000000000000e+00
-1.846471375027608497e-02
3.981960004321118962e-01
2.928450114550731898e-02
-8.445618696157941585e-02
-7.218207696007348240e-01
7.203639045805831920e-01
1.463407960894040627e-01
-6.149390661050047058e-01
-4.474741296455524153e-02
1.193940844172537985e-01
5.250459433540868304e-01
-4.365580469001638653e-01
-6.602048773239518331e-01
5.469201151061401367e-01
-3.057567819398130174e-02
4.189915918826447178e-02
-1.000000000000000000e+00
-7.786992671740622374e-02
-1.538687466163539963e-01
9.076812058790537097e-02
6.642332266013639686e-01
1.466576573022962404e-01
-1.591069634573436808e-01
2.465979620057435762e-01
2.199381263520960861e-01
4.036775423923104067e-01
-3.686201474279265228e-02
-3.300384386060903341e-01
1.874919987406632738e-02
5.388818085305670247e-02
-5.649704867209278669e-01
1.341865825698063813e-02
-2.290777983071763391e-01
-8.523621879598063389e-01
7.055626385100632891e-02
3.316653296311342647e-01
-1.321724485143409566e-01
1.948298517511131145e-01
3.949526389237154045e-02
-2.915815196238163431e-01
-6.573321940920343609e-01
-3.864444687358674635e-01
8.045498383317463142e-01
-6.232970014263311542e-01
4.068430306629705617e-01
-3.536730243019662323e-01
-6.789425001385885894e-01
-2.322374261079219460e-01
-3.759848913742233067e-01
2.982516147478728730e-01
-1.956197061351098720e-01
2.838157523401283466e-01
-6.703624418269907292e-02
-1.000000000000000000e+00
9.531461020423627473e-02
6.247927281752023720e-01
1.000000000000000000e+00
-7.738100393149853762e-01
-6.082036387483271689e-01
-7.202065569249120891e-01
6.708390586206654238e-02
5.515408457348477400e-01
4.619960639391690327e-01
-6.459098702953344207e-01
5.954575519555687091e-01
-4.349943821066794003e-01
-5.345934928335575043e-01
1.889266024213974993e-01
1.814722508051152539e-01
-1.000000000000000000e+00
1.591633579295297640e-01
-4.131871744262683999e-01
-1.088904761732271409e-01
-2.153121208140283682e-01
-4.753460319234557030e-01
8.877671441990075962e-01
1.109526461704626876e-01
-8.143354724184935778e-01
-5.018777375041157951e-01
5.656231508959815857e-01
5.907992971430691131e-01
-2.686482336954006400e-01
-2.353840196063998746e-01
-5.441188728374024564e-01
6.637749075325453108e-01
1.605320121256691712e-01
4.456712126089462656e-01
-3.708297037924006556e-01
3.528662354289521241e-01
7.921278434481601183e-01
7.084419493258511391e-01
-7.706268295887260811e-01
-3.547657746571237780e-01
-6.060637382759137548e-01
-2.234949269404269412e-01
2.723914084206774389e-01
-8.171968926366200980e-01
-1.582932694635866278e-01
5.048545022746745436e-01
-4.385329674962395313e-02
8.867080215461925485e-02
3.056690845816316671e-01
2.748761881985066768e-01
-1.861038407871314915e-01
2.882528907377643335e-01
7.614028158914374345e-01
-1.768978572069575539e-01
6.438228211390537581e-01
4.354524055325388332e-01
-7.628691134390206408e-01
2.008613688570989042e-01
-4.996575495273514744e-01
8.945898992354303636e-03
-4.474423935408904374e-01
6.950953343300925180e-01
-3.459187976070726700e-02
-7.690497713062316443e-02
-3.982078900853684988e-01
8.149251524578953187e-01
5.473334673855674293e-01
1.000000000000000000e+00
1.000000000000000000e+00
-4.288036586542851025e-02
-3.573616611043387570e-01
9.213383707212392526e-01
-2.549482470330420303e-01
1.652513672372784292e-01
-1.739055611009918123e-01
-1.000000000000000000e+00
-7.544371367084526381e-02
6.688038647871986653e-01
-1.150459204608985098e-01
