-4.774674164220288342e-01
1.890468767794793448e-01
-3.752316163026130913e-01
3.074699327985235819e-01
1.999787168646121605e-01
-3.644081314176761399e-02
-2.534299906534837610e-01
-6.568636617795217680e-02
-7.765573146226309453e-02
2.062971116134824645e-01
-6.232502337502160428e-01
-4.931582549131677817e-01
-7.641236981128517458e-01
-2.303135922211971831e-01
1.032097060042422298e-01
2.163678399497394045e-01
-4.010517391374144869e-01
-3.521341420994057447e-01
-6.362257880322366166e-01
2.936973086606230465e-01
-1.000000000000000000e+00
2.961292347234386058e-01
1.166434883729153271e-03
-6.747083819835193730e-02
-3.996251795978826848e-01
2.943969707701569738e-01
-8.091589667046554524e-02
9.877409780489979085e-02
4.737814166590048615e-01
-5.830592745503790364e-02
8.037795051638783050e-01
2.092595756340874802e-01
5.043957861899274198e-01
3.823565942300815035e-01
2.557171845608240401e-01
-1.017399147808103477e-01
5.794442397140967538e-01
-1.000000000000000000e+00
3.759487445088607882e-01
-7.367803066688904945e-02
2.261063346297006449e-01
-2.226520086473661175e-01
-3.229544908898429600e-02
-1.605362050886948722e-01
3.821453711884731375e-01
1.255447134118849728e-01
-3.717833712621891884e-01
-1.174747446479158797e-01
3.356011767291851022e-01
7.243928416902395417e-02
7.328596960053659903e-02
-6.155649561019974625e-01
-1.675899551239756757e-03
-2.946291057047616402e-01
2.032174759285540200e-01
-4.786976389812774846e-01
3.695469180920447072e-01
2.714613364868947443e-01
2.891211878159477555e-01
-8.708307905924685954e-01
-2.937427026861267332e-01
7.764869835504006890e-01
-1.000000000000000000e+00
-3.313503872334109812e-01
-4.066940084728901117e-02
7.473529104052718530e-01
-4.260629915652897060e-01
1.650916363351622174e-01
-5.298060433306730488e-01
3.828461501662313582e-01
3.505943204612443909e-01
6.292987427854698224e-01
5.041132296581047889e-01
-1.072777359461451335e-01
6.858365191223527724e-01
7.565675395110194046e-01
-3.644233456021882533e-01
-1.001679849748970119e-01
-2.004106570629830553e-01
-2.595066796052847291e-02
5.786701111100144013e-02
5.501843916273612134e-01
-3.500044807855479112e-01
-1.930628253715897524e-01
3.178628987255137095e-01
1.000000000000000000e+00
5.625467536563454329e-01
-3.409695535593187388e-01
-2.384077918804698160e-01
2.381555402809137564e-02
-1.970879521149040414e-01
-2.253543723573794288e-01
-4.318023056331984216e-02
9.314060680500092504e-01
5.348915902880517770e-01
-2.903659178816995756e-01
-3.522361594138108121e-01
2.424105512726388301e-01
6.127487686746598827e-01
-1.795182279705349049e-01
-4.803916486193527957e-01
4.479205809271066818e-01
1.145783642787571999e-01
-1.976234580652240502e-01
-5.307654453962706853e-01
1.853625637742052357e-01
-7.710252747695282016e-01
-7.041344785092801262e-03
4.305602524679605914e-01
-5.430233644099256851e-02
4.885301869724861801e-02
-9.561621931122918361e-02
-2.884476613043790438e-01
-3.123032918028050831e-01
-1.000000000000000000e+00
3.484864869604348270e-02
-3.713873319773320497e-02
5.770107913220388074e-01
3.194033299176022300e-01
-6.230195661608485536e-02
-7.638900482027155547e-01
-1.977531008957952863e-02
-7.563485515519768887e-01
6.020993249733173069e-01
3.401322391125904399e-01
-1.345527905110374123e-01
-4.645617669686421536e-01
1.004388221392844421e-01
-2.647169914551882330e-01
1.000000000000000000e+00
-6.923761082662065469e-01
-2.718448366819554707e-01
-5.119982779954144192e-01
2.565847661504999655e-01
3.450119185044802084e-01
-2.509810755009517780e-01
-4.031450733066289649e-01
-6.593967407934450131e-01
8.349199595953728931e-03
6.116608443428083186e-01
1.000000000000000000e+00
-7.257748156428158737e-01
-2.485982707247219037e-01
-6.295267441659884167e-01
-1.159718693867404782e-01
1.804464910929140520e-01
-6.502578759097510375e-02
4.758628347709950024e-01
6.673718277972462420e-02
1.296779460762552683e-01
-3.480630527024282106e-01
2.113751312586437670e-01
-7.315939915347893230e-01
-6.678818673056731159e-01
-2.820354596430623140e-01
1.167312929223628115e-01
1.791572461019416002e-02
-1.305006496929392024e-01
-7.999093734647890752e-01
-5.674114689958562607e-01
-1.110223504634519354e-01
-1.108366205744714117e-01
3.759612983659211816e-01
-5.491315997673647253e-02
-4.861038641877921673e-01
5.425604723854035027e-01
1.951493631355649683e-01
4.841872723852377325e-01
-1.000000000000000000e+00
-3.428694816807552059e-01
1.443320670993753496e-01
-1.359858818088003629e-01
-1.190362292319766813e-01
2.575131521554707148e-01
2.492785264990488581e-01
3.359580885296021835e-01
-3.122743427704066654e-01
-4.352346869399797979e-01
-1.693637461382082876e-01
1.189125114672819894e-01
1.698700007050893968e-01
-1.180369327161121945e-01
-2.863870271478675678e-01
5.361730014186988358e-01
-1.000000000000000000e+00
2.134594321173771680e-01
1.200885990216757626e-01
6.767626910309476607e-01
-3.556536601564541655e-01
4.353906749885197991e-01
-5.333324108874570868e-02
-8.704952124234691113e-02
-6.480446834361325292e-01
8.804654782535907553e-02
-2.911671126747471527e-01
2.269296923490146667e-01
4.538734275904994786e-01
-6.480462416884810173e-01
9.739865878623801265e-01
-4.873932983623313620e-01
2.384550160564728460e-01
2.636350381021197453e-01
5.734965519288409697e-01
-1.089957001408738968e-01
2.009973153189451300e-01
5.575347168586253233e-02
4.419437324990125315e-01
-2.515070674725625177e-02
5.516002101726405482e-02
-1.000000000000000000e+00
-1.383652606842689647e-01
-1.000000000000000000e+00
7.344581671779866205e-01
-1.000000000000000000e+00
-5.495085847513826449e-01
-2.873046051745875573e-01
-7.447567961000073344e-03
-2.533139496081041608e-01
9.631656096478735662e-01
2.023851195778965106e-01
-5.642866134537481981e-01
8.564900865324788226e-01
-3.109725793576403330e-01
3.447074119770910938e-01
4.022244062624324434e-01
-5.956889053536666701e-02
-4.940899240711973950e-01
6.652520224711307995e-01
6.722555098713586252e-01
-2.423064368980106797e-01
-4.091316542934950173e-01
-2.174380947716542667e-01
-1.593266503109098120e-01
1.000000000000000000e+00
-1.265355288545896018e-01
-2.714898963805234544e-01
2.228716093171875245e-01
5.128537585315903202e-01
7.581279063633955539e-01
-1.721573890119623695e-01
1.025921831859598066e-01
-5.255683389480975826e-02
-6.594895555153389433e-01
-1.586610394221303066e-01
-4.446012545546609296e-01
-5.647918143152291792e-02
-7.698578149155463901e-01
7.122125514168191618e-01
-1.000000000000000000e+00
-5.245305867038851932e-02
-3.281709285836188483e-01
-3.457234743860850834e-01
-3.091382368580473106e-01
5.506992918585926766e-01
-1.935558406237359030e-01
-9.512921066757563937e-02
-1.635929700644036255e-01
6.534452176240360122e-02
4.719818531073092238e-01
5.480710527002073673e-02
-1.000000000000000000e+00
-6.025487254929180470e-01
-1.301982835265355076e-01
1.000000000000000000e+00
1.000000000000000000e+00
