-1.000000000000000000e+00
-7.074352096740910145e-01
3.532370070514717630e-01
2.510823506303923591e-01
-6.567575071638713791e-01
-3.307729723486541595e-01
-5.272118096693180489e-02
-2.852529412232522876e-01
9.396558260842602373e-01
-6.263734427398695015e-01
8.115993765962170592e-02
-3.318172060932337852e-01
3.225072095994115928e-01
-2.611267065633375295e-01
-3.416635718389758880e-01
1.187625168685343957e-01
-4.725180357096958605e-01
3.810336456842466912e-01
-4.097457629572621163e-01
-7.306936801655917746e-01
3.007095615092155727e-01
-6.962560838223581516e-01
-9.296127542939045529e-01
-2.134299164824533523e-01
-6.359954876636895182e-01
3.047055764340195760e-01
5.334802530618678595e-01
-7.282826271306706012e-01
-3.949439840921142864e-01
2.867217873752336832e-01
-1.906803666089917915e-03
5.214820102590852491e-01
9.857211745492940880e-01
9.109181521186265895e-02
2.894793166546215657e-01
-7.200746533555018036e-01
-1.366330480373643130e-01
-8.669575724709915887e-01
3.769595412441411608e-01
-8.921896557455408217e-02
-5.273588651465855870e-01
4.799581992113562956e-01
3.304002193979792001e-01
1.990736997059290858e-01
-1.745533352263638482e-01
-2.619977775848054136e-01
1.000000000000000000e+00
-8.440071400745209340e-01
3.670712547178119067e-02
-1.000000000000000000e+00
-4.028231822577388321e-01
1.268158071267120879e-01
1.452192031317467713e-01
-5.228928255404963199e-01
4.834458871368951804e-01
-1.746709007533164826e-01
-1.108064953067426084e-01
-2.424309644750310966e-02
1.456930513382313497e-01
-6.464279716177521173e-01
-2.590485228871616252e-01
-7.311459156401628467e-02
-4.360685347098839371e-01
-7.010926361787070960e-01
-1.001244973277754802e-01
7.233229407944907763e-01
-5.769645009112295275e-01
8.548460866311846651e-01
-3.994812026324764398e-01
4.490979260311845911e-01
-9.367333098207502040e-01
5.769173079729001952e-01
1.616412764396415458e-01
-7.737496184474206007e-02
6.864649837117079434e-01
4.584709662478863579e-01
3.043945461208849568e-01
-2.528994309205250257e-01
-4.958513829710398113e-02
3.545322072361870580e-01
3.580147542313266706e-01
8.545264277251163332e-02
9.653094205634206448e-02
-7.416056357807064847e-01
2.089369694634067298e-01
-3.157870509820889238e-01
-8.456034104204368518e-03
3.705662249470241809e-01
-1.884153064472068873e-01
-1.340680365577572031e-01
4.241205946859034626e-01
-3.138655612650662063e-01
-4.287375988170750718e-01
7.288765817853094797e-02
-4.038126629237298593e-01
1.455265148332570702e-01
-2.763743688082861416e-01
-2.381405117610424227e-01
-4.604134734286999264e-01
3.760914175890868738e-01
-2.264763294489012535e-03
-2.696374901535196766e-01
4.592961114549195534e-01
-4.286548700260734424e-01
2.531806479446860880e-01
-3.309101894712512815e-01
-6.320503455284472993e-01
4.887867436327876236e-01
-1.419195747879725134e-01
-1.175246528476084767e-01
4.094158322670631289e-01
-4.083363764333042267e-01
1.557010481893311149e-01
5.507319663375928043e-01
-8.877230143668482509e-02
-3.878136537084550528e-01
1.000000000000000000e+00
-6.092659956235414453e-01
1.705738670311987837e-01
1.965318108506216577e-01
-1.000000000000000000e+00
-2.395010571974215963e-01
-5.460259004080142420e-01
4.794657529631172199e-01
-5.375552798102081198e-01
4.862640591720542305e-01
-2.481966188110238947e-01
1.839469759985654373e-01
1.592458362491629975e-01
3.661152032690144220e-01
1.560578473746409567e-01
-3.388671202176816721e-01
3.419335844683418224e-01
5.429456804467952535e-01
1.000000000000000000e+00
5.238577790391025779e-01
-4.012540797040224927e-01
-4.472469658565729755e-01
-5.804160005582559290e-01
-8.087771883740449974e-01
1.948000223307308487e-01
-7.583670935955019732e-02
-3.929249283954858729e-01
-9.284651794943526992e-02
1.419361298196250287e-01
-6.228740843534339433e-01
-5.439249843830253894e-01
-5.200866910611291472e-01
-3.672724628823254012e-01
2.270279457244921972e-01
-3.959027210941479247e-01
-4.626108834953504001e-01
-4.131419144009720879e-01
9.843888226036926481e-01
4.962634363225623679e-03
-2.147691995961140132e-01
7.192184468299334110e-02
-4.159340298183464291e-01
-6.485199495897360222e-01
2.375256100454995745e-01
-3.494169864309784046e-01
-6.611189383873904424e-01
1.232834419595888603e-01
-4.447230484716335752e-01
-8.463771689244327379e-02
-1.633932382346394707e-01
2.032754511372780182e-01
-9.060717503003820616e-02
2.994585853480550286e-01
-2.864189459778885283e-01
-2.573075441452534196e-01
1.000000000000000000e+00
3.802202286023462774e-01
6.105349343329569134e-01
6.155602181827024566e-01
1.000000000000000000e+00
1.480560731054099133e-01
1.000000000000000000e+00
2.045369136917724040e-01
-1.000000000000000000e+00
-1.031555024183020142e-03
6.694956775775279256e-01
2.478627442950511739e-01
1.000000000000000000e+00
1.000000000000000000e+00
-6.092511341121396862e-02
-6.476484243734822455e-01
-7.598238020978103080e-01
2.256730395253302157e-01
6.308516437593709725e-01
-1.927915680479071192e-02
-5.270297138887514166e-02
-9.123843568763334577e-01
4.883769843821069712e-01
7.343990245917988435e-01
5.253204588067229563e-01
-3.992028046983520095e-01
-7.966692247545730243e-01
-8.686532395629107395e-01
1.000000000000000000e+00
-5.757106380163405923e-01
9.911037094418488902e-01
-5.399371779683981298e-01
-6.929169145560359899e-01
-2.571367943843719250e-01
3.223835324754084630e-01
1.372254040855191426e-01
3.245714310778652911e-01
1.363274910124584460e-03
2.099346805256547821e-01
-6.525806321462002124e-01
-3.509099668356054913e-01
2.055680691650133285e-01
2.011870281542488259e-01
-7.038075593782829875e-01
3.790991302032836741e-02
1.279538891186901284e-01
9.890516344545108307e-02
5.086691864088119797e-01
-3.289455049926170438e-01
-3.595226137919539378e-01
-1.228798226478009514e-01
5.094386817056545391e-01
8.349188722018251185e-02
-7.337763085750184100e-01
-8.055358379162431692e-01
5.220197950683385102e-01
6.443072060322581063e-01
3.750373194454944548e-01
-4.005454319186604883e-01
-1.000000000000000000e+00
-1.130688786417761438e-01
1.574145830042205374e-01
-3.543234821077118069e-01
-6.994328474084359204e-01
-2.242082715609828858e-01
1.000000000000000000e+00
-2.184831046302630406e-02
2.981332630555061369e-01
2.520077788867161050e-01
-4.419499118610471511e-01
-8.408196057448471539e-01
2.520733017126389197e-01
4.410892711628935370e-01
-4.863862673972035866e-01
-8.941145688955776105e-01
-6.293010136471004490e-01
6.090413398364691311e-01
2.799420844438111344e-01
2.158086789712231612e-01
-1.364444625147369916e-01
4.693238054340741483e-01
1.848061190801181253e-01
5.424916915736243128e-01
-1.958585366222639901e-01
-2.242203084859130946e-01
-6.233010047128539899e-02
-4.022730679917813079e-02
4.452204951748339745e-02
8.118820968047962827e-01
-3.868110035933957636e-01
-4.435646673811867724e-01
-1.359991978739998886e-01
6.216179197358997488e-01
3.689247601200135174e-01
