
0 65.319145 1.603089 13.21967 -50.0
1 87.090209 33.96609 18.676732 34.6
2 86.678024 57.540161 27.318008 49.0
3 87.84677 69.119832 26.928157 46.0
4 86.370912 56.898629 36.436605 46.0
5 87.538666 66.004182 28.706788 44.8
6 87.954717 71.467631 25.923657 46.0
7 87.538666 68.570156 28.057923 47.8
8 87.772306 69.940257 26.867107 50.8
9 87.893469 76.12195 21.595203 49.0
10 87.592306 64.519356 29.568263 70.0
11 89.959464 68.35579 28.25356 38.2
12 87.894211 66.492278 29.049354 49.0
13 88.384687 68.133828 27.902111 51.4
14 89.272306 66.209751 34.026115 49.0
15 88.132127 70.200352 27.015186 54.4
16 88.83115 69.602328 27.061832 53.2
17 90.558065 67.19244 28.739736 75.4
18 90.09115 63.511581 30.515902 70.6
19 88.214214 70.265571 26.642552 68.8