5.930432907547622534e-01
2.313820720637335682e-01
2.222266858813945478e-01
-1.675336288558051945e-01
-3.750345467976468061e-02
-3.454407589526510558e-02
3.340078313452256031e-01
7.272668650366810594e-02
-2.899436211144542502e-02
2.489108951062922459e-02
2.854933363199332330e-01
9.798016858083050673e-01
-1.000000000000000000e+00
-1.437502872235375539e-01
2.136174016973320933e-01
-8.034493066267747174e-01
3.234116233466935442e-02
-1.000000000000000000e+00
-8.871117112422180484e-02
-6.562304057669010593e-02
1.000000000000000000e+00
5.291529559421224299e-03
-7.298738865075344862e-01
-1.190799457786208965e-01
-1.361868056612897115e-01
-3.969131133566829450e-01
-2.210562293266695177e-01
2.349077157877277888e-01
1.505885874376633460e-01
5.125174569835191374e-01
-6.279821907754707944e-01
7.560736239452190421e-01
-2.873408482320989957e-02
-5.437985058536926042e-02
5.686803401740841979e-01
4.504962753248653584e-02
9.873387590463633678e-03
4.441912038228185144e-01
4.868440878712607667e-01
8.175384358717930899e-01
-1.480358124762096717e-01
1.696951656968011535e-01
-4.909856196384818627e-01
-1.681947790904656792e-01
1.000000000000000000e+00
-3.493176128390289570e-01
1.821110980313372929e-03
3.031781891819163022e-01
-1.000000000000000000e+00
-3.818847552022794911e-01
1.452488433435177861e-01
-2.829538059416264462e-01
-4.119308758131445813e-01
-8.228953187024183880e-01
1.645343719545396821e-01
5.787275502766103807e-02
6.012752994596357592e-01
1.183176084337932699e-01
-1.730592793755054426e-01
1.000000000000000000e+00
-2.357410847413445310e-01
7.600936527408546084e-01
3.334781394857702086e-01
4.666056304723728010e-01
1.514225467440843964e-01
-8.739791696464955795e-01
1.909588378498077443e-01
-7.970319540914158618e-02
3.212772881158768579e-01
1.000000000000000000e+00
2.377492574200604503e-01
4.327581773060647924e-02
-1.234075110981703721e-01
-4.888525516771845547e-01
-3.779733353487693126e-01
5.346441033094581075e-01
-2.125092778851653819e-01
-3.843522677494656259e-01
1.600103249914662795e-01
2.848614957676817161e-01
-2.782942292241984417e-01
1.856839187575289596e-01
-1.000000000000000000e+00
-9.195741138727235864e-01
4.835049670531151866e-01
4.774704828235413201e-01
2.440013473603123428e-01
-3.232352621729905895e-01
2.913591935983348424e-01
3.043862206608780041e-01
-6.882428614457031246e-02
1.000000000000000000e+00
1.000000000000000000e+00
2.378519396180011902e-01
4.167440492016817877e-01
1.000000000000000000e+00
-6.353592227761011291e-01
-4.769390682236878121e-01
6.808137371211442357e-05
-2.442402556056662843e-01
6.789467464920955209e-01
-8.696453572931994724e-02
-3.479499065428679483e-01
2.820695862859067260e-01
-4.942612260268666735e-01
-2.786321634957837912e-01
-5.380821961805226650e-02
7.986442737659052438e-02
-3.152314898104496832e-01
6.586328012040911783e-01
1.330795502927152874e-01
-5.075073410643826666e-01
-2.205837187989192483e-01
-4.249635097300166753e-02
-1.580322066679654691e-01
4.142145315915064518e-01
4.609142683489808601e-01
-8.244861847081452755e-02
-7.565559732339512955e-01
-4.238620458490109932e-01
3.069924077481416269e-01
-3.728284652319943659e-01
-7.616373017706715154e-02
7.515585220116711707e-01
-2.853524653050256155e-01
1.258702735750259760e-01
2.629833590397244736e-01
4.076565999943764229e-01
-6.090715060974365436e-01
-2.208977860690302941e-01
-5.472108274814805329e-01
-1.185895905881426682e-01
-2.014934481807877931e-01
-7.881992098454496110e-02
4.881980536296800510e-01
6.021642589551216007e-01
6.371353642457000532e-02
-4.933486117188709552e-02
2.009374575497272220e-01
1.901238648294502065e-01
-2.368063769600288748e-01
2.078542643151646274e-01
-3.819275516530699632e-01
-2.022524517475358108e-01
-3.204917987295640147e-01
-6.847392808723600233e-01
-4.014755974158816798e-01
5.257502812832594019e-01
3.236926844223527167e-01
1.068515892539978474e-01
4.978274250759672226e-01
-3.499645879293274420e-01
2.223960205323853023e-01
-8.302339048087314932e-02
1.544575086856355695e-01
3.815851291452765359e-02
5.356462117112422705e-01
-1.000000000000000000e+00
-2.468359969504592133e-01
-6.307953748582820208e-02
1.000000000000000000e+00
-5.537711660273725300e-02
7.292935564117166702e-01
-1.707930097558106597e-01
2.928441638865483254e-01
7.005195331272763282e-01
-4.148593290170063952e-01
-4.048795843565131114e-01
-6.513866668421359751e-01
1.358340922961938368e-01
3.793816453440348457e-01
-9.411651965766812400e-02
3.295833625880537077e-01
-1.813121319303499512e-01
-5.033500339340607477e-03
4.165716569044162210e-01
3.801385537269847403e-01
-1.000000000000000000e+00
2.564011122143041721e-01
-2.644902340127178730e-01
4.071112779692086237e-02
3.598817998139539620e-01
2.842444267743854946e-01
-4.528778239114833459e-02
-1.571982042376202093e-02
6.674268580403977524e-02
3.348134566010025487e-02
6.043948465300185147e-01
-3.515999298783835658e-01
-2.291876938297136845e-01
1.387996320018062835e-01
6.906233723320823747e-01
4.959020085164721481e-01
-1.135404531843662093e-02
5.998325229462644348e-01
-1.228750735078084494e-01
1.105371556597220251e-01
4.389519785050887690e-01
-8.163022146360336684e-02
5.684350740052104833e-02
-6.201327308405530925e-01
6.398038900605029777e-01
5.048235645982793729e-01
3.585912686430581253e-01
-1.000000000000000000e+00
9.162868788904929840e-01
-5.911116656252998203e-01
-2.651028301448677960e-01
2.741976773536042855e-01
3.283608534885920638e-03
-6.666982142968653768e-01
-4.902760066179628895e-01
-5.185303776581759450e-02
1.506212392975819769e-01
4.448770593762716441e-01
-1.965653299526724518e-01
-2.911273836165871320e-01
-4.329298682897216310e-01
5.797500877585831658e-01
1.298527925217669021e-01
-5.576269666954221105e-01
-5.506767661146244608e-01
-2.318307194082680489e-01
-6.500110758680721634e-02
1.805033565513787519e-02
-1.673283422455457137e-01
3.248565418664301485e-01
-6.542108952326805560e-02
2.132115605416436480e-02
4.759194216819287448e-01
1.745434905083894095e-01
-5.361748910260812906e-01
2.789830027463618967e-01
4.899138816000974117e-01
8.261284098724094860e-02
5.121034896136481551e-01
-1.000000000000000000e+00
1.974261814415979588e-01
3.211997479866076088e-01
-1.074669131020244972e-01
1.454482277552272135e-02
-8.906124797563489404e-01
-7.951641090101105314e-02
-8.053974858614260102e-02
-5.864122067412863570e-02
2.644440109302846897e-01
-2.418884534449079193e-01
-6.167463428270963943e-02
2.613344140119631120e-01
4.028805521876951401e-01
-4.179967875845763681e-01
-5.565019747004716633e-02
6.513788560864441912e-01
-3.736925747997373315e-01
-5.343285292456095847e-02
-6.179363143543842307e-02
-5.625992658257400469e-01
2.068292588115854813e-01
2.178605005529711536e-02
-2.081778164427755540e-01
1.261982757197586957e-02
-1.772666191714540318e-01
1.000000000000000000e+00
-2.540304645392424399e-01
5.164877968792014329e-01
