5.112178949679960782e-01
1.000000000000000000e+00
-8.868871057685968617e-01
7.447975383424045859e-01
6.967985969399931312e-01
2.802929422553153693e-01
-9.851944796353733214e-01
6.891645536234281000e-01
4.923972565121249589e-01
-2.493207508736271227e-01
-6.531045507864349231e-01
-1.467067499597093649e-01
-3.387793319918564611e-02
-2.693827256831642925e-01
2.479943127837680797e-02
7.151235480610353967e-01
-4.924382311700951087e-01
9.966193383691468455e-02
1.000000000000000000e+00
9.201988698808122313e-02
-3.515603927152106123e-01
-9.275796017105698565e-01
-9.758096049555138318e-01
6.188466657064155552e-01
-6.141779543397100083e-01
-2.441189776656116917e-01
3.983472847199333033e-01
-1.000000000000000000e+00
-2.676716506937988349e-01
-4.492784947223076308e-01
-1.928042140037357355e-02
6.085432355985775921e-01
-1.000000000000000000e+00
8.124505172905960304e-01
-2.494915670175666400e-01
9.205747326556132371e-02
5.282044395375175283e-02
-3.679214923776908397e-01
-7.395401955049070164e-01
4.382540871253819970e-01
2.969379078246826009e-01
-7.090586497299658508e-02
9.801308068601087831e-01
-3.992805027232035342e-01
-4.749366696327216864e-01
6.582073118516995613e-01
4.373140069134106578e-01
7.712691425652514754e-01
3.327495398974536500e-01
-9.689324960060181624e-01
8.571138558845438071e-01
9.020670362353386817e-01
-1.285091100631387540e-01
-8.780625889376336701e-01
-1.000000000000000000e+00
9.278377807173441294e-01
-4.069414169660018898e-01
-6.032595827094413554e-01
1.864555549619391628e-01
-9.487512805161554263e-01
-4.230720018857565545e-01
-4.392343986835242631e-02
7.657497190425484046e-01
-7.663247232378198048e-02
-4.939894858318211734e-01
-1.217614625568121112e-01
-4.123834929655969539e-01
1.609221551227077995e-01
1.000000000000000000e+00
6.353951230150213236e-01
2.506740648943902028e-01
5.923287799011067029e-02
-2.068570677928154300e-01
1.000000000000000000e+00
-1.851094225749971012e-01
3.192199054650309842e-01
3.518197188251367263e-02
-4.612667435667682780e-01
1.517511341883056308e-01
-3.438498099293078036e-01
2.599271274554517119e-01
-1.000000000000000000e+00
-1.000000000000000000e+00
9.674056795904285577e-01
-1.652642534058219315e-01
3.873409089852376530e-01
-2.550324924556572337e-01
9.416886842673644065e-01
1.119072582264709348e-01
2.356331226742130469e-01
-4.200201583760241886e-01
2.004632444131274338e-01
-9.679996791491701780e-01
-2.139889321213540863e-01
-1.999673185265103126e-01
1.678332375541638222e-01
-4.841362670521014988e-01
-1.000000000000000000e+00
9.709132783799497846e-01
3.217131008175302398e-01
-2.545062537667979186e-01
-6.126222237320946284e-01
-1.000000000000000000e+00
-1.067905907401718452e-01
-9.766871135327670483e-01
2.400144938195831190e-01
2.981808684178210989e-01
-9.004689826496484195e-02
-1.009100633129060565e-01
-1.000000000000000000e+00
8.441292219571859823e-01
-7.226753164931585260e-01
3.105705895749128476e-01
-6.372968899734747783e-01
9.163617019543304765e-02
-9.436756786113519313e-01
7.660335882544090369e-01
5.177481476005546535e-01
7.022942333250442593e-01
-2.927755411312534320e-02
8.298265546811239846e-01
-2.285547414584988835e-01
-6.062548955101643156e-02
-1.000000000000000000e+00
3.860190684466393019e-01
5.561493549365675859e-02
-2.254970344346993172e-02
7.082734150721236022e-01
1.939169161116330309e-01
6.870192084709729474e-02
2.618762007876814790e-01
-2.591718032582619458e-01
1.522925010946154546e-02
2.547156093635714602e-01
9.811608687000655804e-01
-7.345603695609277672e-03
2.761441976290777978e-02
-4.550136197236015478e-01
-6.053315088528437027e-01
5.432305665800721828e-01
-4.227631113175821520e-01
6.041389949612618014e-03
7.392355811035985491e-01
-3.077848805617116601e-01
1.000000000000000000e+00
5.340373452661145715e-01
-6.578640150681001053e-01
9.798383738681963884e-01
1.000000000000000000e+00
-2.318081140261089579e-01
1.461152492834686401e-01
-2.917282354962030810e-02
-4.516098123658675023e-01
3.194045714614496823e-01
1.607116142434808492e-01
-3.554158790151343283e-01
-8.790318800603461602e-01
-2.830185175397880171e-01
5.151414470282373870e-01
-1.000000000000000000e+00
-4.934680435669300813e-01
-9.732962739545570896e-01
7.561836015802483324e-01
-3.991186939517298304e-01
-5.620634879533480122e-02
-1.833304021348340918e-01
4.772135701570126565e-01
2.330725107880264602e-01
8.947868783109577118e-01
1.907137201259041515e-01
1.000000000000000000e+00
-3.410010431221874305e-01
1.000000000000000000e+00
-5.828410358753023379e-01
1.611947454424600967e-01
1.495667047796495064e-01
6.972107799922829807e-01
4.087836902852898247e-01
8.627404033256880211e-01
3.388400311389873076e-01
-3.183498504196622392e-01
9.813156645570791925e-01
6.652858263179897702e-02
9.185066167941612347e-01
3.044739064979597870e-02
4.568981634042833528e-01
-2.204949089666491946e-01
-5.702884691130781780e-01
9.949268238517817720e-01
9.034856647800713902e-02
-9.698677870005941726e-01
1.000000000000000000e+00
6.497549462939744558e-02
-1.000000000000000000e+00
-1.000000000000000000e+00
-1.000000000000000000e+00
3.781085722231965207e-02
3.267073776341190561e-01
-3.589414192934554937e-02
-1.837402732463655486e-01
2.818700441328507167e-01
-1.402249396507202484e-01
-1.000000000000000000e+00
-2.515164948023760477e-02
2.608541319083158561e-01
-9.812546307895162467e-01
4.872354106314514266e-01
4.757759327472294575e-01
-1.564929467008314631e-02
-1.142262060809325908e-01
-7.637679377531352287e-01
-5.656536881341098777e-01
2.799572423705151691e-01
1.800175727324374586e-01
-5.174740715347821984e-01
-3.912248348476661253e-01
-4.242126787571898761e-01
1.871714991780662196e-01
-9.695678917139076702e-01
1.526887142862676516e-01
-1.000000000000000000e+00
-3.660294691607653417e-01
3.779330756862917529e-01
1.570997802506269303e-01
-2.406052108657841526e-01
8.460167547638134389e-01
7.421018837019388581e-01
1.678101772357138977e-01
1.000000000000000000e+00
6.084121461719369517e-01
-1.451455915744500891e-01
1.000000000000000000e+00
-4.068821187113748628e-01
-4.508802060582876858e-02
1.568852478768151260e-01
-5.122660687430330428e-01
2.267082636129586215e-01
4.510315670212643457e-01
-9.708379107785700679e-01
-1.371588663358214166e-02
-9.844772447286437300e-01
-4.007468834417963754e-01
9.277125967371600834e-02
4.706339518538735778e-01
2.165244988306540552e-01
-5.020142079886151520e-02
7.659643184219732115e-01
6.231617681258622143e-01
8.462914302194315397e-01
-1.251813599665234922e-01
-2.669037776237921378e-01
-3.191162697763136880e-01
2.157420110217835585e-01
2.595097637687576730e-01
9.276431998865060091e-01
-6.195684450021515799e-01
2.565033214645456305e-01
9.869172067771880830e-01
4.445593985073391097e-01
1.224497279692395024e-01
-8.176250264061997175e-01
7.644811524925542168e-01
-9.918026181061245783e-01
2.906293571003549792e-01
6.427734533519705584e-01
