2.295335528342483389e-01
-1.477996661980820470e-01
-4.970975909033960027e-01
1.000000000000000000e+00
-4.744314981296111067e-01
-1.558779493715860276e-01
-2.623256260657194638e-01
8.370165288653613755e-02
-1.000000000000000000e+00
1.000000000000000000e+00
4.633469666039242152e-01
4.177637741926926718e-01
5.634493966697655676e-01
-1.515595911032182330e-01
6.726490399548981092e-01
1.000000000000000000e+00
2.264115377962245268e-01
-4.449743920576330614e-01
-2.158780748119237813e-01
4.760542525618207677e-01
-1.591434768400956656e-04
-1.882632719189523129e-01
4.857963224015467985e-01
1.464569955740718521e-01
-1.373226491878333788e-01
3.553484753041808997e-01
-1.366208724379155415e-01
-1.000000000000000000e+00
-7.643949694501369629e-01
-2.386199577179440312e-02
2.782728740797248412e-01
-8.561913461237974365e-01
1.293792797794385274e-02
8.262652753348001533e-02
1.042469175554810168e-01
-1.523454581959871323e-01
-1.000000000000000000e+00
8.702365162837164547e-01
9.801391739474975273e-02
-4.883216979202051333e-01
-6.426100164560670791e-01
-2.571925344753223097e-01
3.229802996249422908e-01
5.726437735924089223e-02
-6.138947561533702330e-02
5.411364612015622244e-01
-3.268091410759344506e-01
3.917505067630091542e-01
1.879913976978881407e-01
-3.795569576507913934e-01
2.466023484046962755e-01
4.872655480253795801e-02
-2.064117814940424900e-01
-4.690279864215033956e-01
-4.250568033680113822e-01
-2.540043083610211694e-01
7.839878485691423871e-01
1.000000000000000000e+00
3.238947464781813390e-01
-3.891118720771458150e-02
-2.261619295273083474e-01
-3.920538272211583353e-01
-1.538711755370476275e-01
-2.674825137851385426e-01
-1.921525988655007899e-01
-3.275698907956141048e-01
-5.173863421062968593e-01
1.000000000000000000e+00
-4.977562297840845140e-01
5.314132757300108478e-01
1.802636147238180497e-01
-2.106564642156085465e-01
2.443930574334171602e-01
-9.054674474062565648e-03
-1.000000000000000000e+00
1.549245897580057429e-01
-4.476673345841519769e-01
2.060011385565545250e-01
1.666663147452555616e-01
-1.783213826146728409e-01
2.645104066434027512e-01
1.471769103211848229e-01
-3.733183912661939829e-01
-1.766866512299176961e-01
-1.501203977706516424e-01
-3.715141296924004966e-01
3.746222768793521229e-01
6.284662362072090946e-01
-5.687730957518510877e-02
-1.616791993446516362e-01
2.201381469570301563e-01
-2.852932518104168702e-01
1.668975318845220546e-01
2.093904610566076907e-01
2.433421363120087666e-01
-4.254232756831668461e-01
-2.275424919903853704e-01
6.073010325157590650e-02
-1.637151710563958806e-01
7.239702604669653319e-01
1.738258439184490745e-01
-6.205223929145341905e-02
6.954131131183174386e-01
-2.740663359604063598e-01
3.791441123147369918e-01
1.650307156968491840e-01
-3.315571795974556202e-02
1.096597191110210839e-01
3.984513837479228826e-01
-1.782901364634336683e-01
7.906595130906451940e-02
-3.769170627105403737e-01
-1.000000000000000000e+00
5.317223716141282475e-02
-6.425887137058661214e-03
-5.297427808322019427e-01
3.265716248328009996e-01
-8.331329868973083030e-01
2.192856442467645828e-01
1.465482445690311636e-02
-1.685867476767461681e-01
-8.671246400702203871e-01
-4.469291550269519075e-01
-4.750294797864508256e-01
3.954312794137576081e-01
-5.391847322260246989e-01
-6.278488059766836882e-01
1.758693934450210328e-02
1.726996001552699445e-01
4.715925702126109176e-01
5.221340596830205127e-01
2.293821310032960192e-01
3.459990494904451319e-01
-8.309469652895948855e-01
-4.094443934777316496e-01
1.000000000000000000e+00
2.924576533231789677e-01
2.924465375981317727e-01
2.140096794382171930e-01
3.516910333665967392e-01
1.308031610375953724e-01
9.741821513027808521e-01
6.836865406057308636e-01
-3.072006018627850832e-01
4.167165296125110996e-01
7.814855563887436185e-01
-4.548420924295236700e-01
-1.809805496157307347e-02
3.109065311596795333e-02
1.499114426418543533e-02
8.104619538369949305e-01
-2.942021371094489246e-01
-4.639025681140163671e-01
2.931187138806451431e-02
6.203150912748590234e-02
1.914278250733243147e-01
1.256774658611089224e-01
6.070728047662662386e-01
1.765430100943388494e-02
-4.321894966057398535e-01
-2.978980212860383725e-01
1.966628972869521874e-02
1.214980834786706515e-01
-3.966382752982784421e-01
6.035125878187616033e-01
6.732175575602267203e-01
1.000000000000000000e+00
-2.479390905671567391e-01
4.052013181542167830e-01
-4.191873675323143367e-02
2.778032128242707843e-01
3.088782341588340585e-02
1.633642364104373190e-01
3.243796121806477029e-01
-1.164990877954209386e-01
9.943341763490411989e-01
-6.923549901739748380e-01
3.048399738313295471e-01
5.826875885664745125e-01
2.031381413210645581e-01
2.284449438264542775e-01
-6.765119440201987633e-01
4.107874632327510045e-01
-3.302517200626560179e-01
5.194461009654464112e-01
-2.041508436721156949e-01
1.905265603062633595e-01
1.000000000000000000e+00
1.003269610235047737e-01
-3.984155517396145152e-01
4.153166509616930124e-01
-1.718984252920061628e-01
1.128640820710368892e-01
-4.620410963533808091e-02
6.684853523972261735e-02
-6.292754438748850154e-02
6.065284995164695880e-01
-2.126254389323151694e-01
-9.233070778487456609e-02
-3.178810109877097667e-02
-1.000000000000000000e+00
5.385666179734530656e-01
5.969329716808045028e-01
8.901579892992501630e-01
-5.196117262452932817e-01
-1.856550332990851704e-01
1.686668263427654191e-01
2.197785415320280267e-02
4.257799285845720871e-01
-2.834211822559845606e-01
-1.055826557294747142e-01
-5.459297376305708438e-01
3.516513490250415819e-01
1.220916297600453948e-01
5.180868595815669719e-01
-1.460856303667401879e-01
4.144615781963710832e-01
-3.079091400482103502e-01
3.773942958673387471e-02
-2.583607531110920230e-01
-6.436404998106567965e-02
-5.137604049407049622e-01
1.000000000000000000e+00
1.364242412061967835e-01
3.295821322782790386e-01
-9.250875170601352560e-02
-3.271910108133351258e-01
1.311681545633414936e-01
-1.494551531438645664e-01
6.710510249528318649e-01
4.291498841434454592e-02
-2.197060264275851882e-01
-6.022332002060046818e-01
-1.000000000000000000e+00
-6.289425181284201694e-01
-4.425586416878008467e-01
-3.160974234637012881e-01
1.314550979219512583e-01
-2.304925410032128696e-01
6.982575725811968059e-02
-8.609411495718908292e-01
-6.486629834216126600e-01
5.892779466972496161e-02
3.086178855730192239e-01
8.565412457579111294e-01
2.088806080239444529e-01
1.794815034775572860e-01
-5.622478576082495794e-01
-3.210975045485907620e-01
1.360182963063424066e-01
-2.556335738958019355e-01
-3.713372103025299603e-02
3.233497327074574823e-01
5.239229944178334097e-01
1.000000000000000000e+00
-6.119515166982754106e-01
6.803090821559518719e-01
1.000000000000000000e+00
9.666130753721224877e-01
4.888894105273409174e-01
-4.122654064082950653e-01
4.573793258818765334e-02
-2.376095861812860255e-02
4.629732059198228278e-01
-2.358051346711820262e-02
