-3.180728756296957727e-01
3.489033738741575408e-01
5.365154518447642351e-01
-1.000000000000000000e+00
-6.349031268768223768e-01
-1.000000000000000000e+00
4.266622389643803803e-01
7.078152257427303695e-01
-3.361863174349880024e-01
2.710910472529962090e-01
1.000000000000000000e+00
6.279512405771328076e-01
4.720557451990582964e-01
2.863603825497591515e-01
2.277979202056590324e-02
1.863948503353684838e-01
-4.474147816549990386e-01
-1.000000000000000000e+00
2.384009171232316926e-01
3.709107880743707231e-01
-8.014495831384529367e-01
-3.293761127360539942e-01
4.219429192066572187e-01
4.072329220658299498e-01
6.683933041721600299e-01
-1.915913241213426932e-01
-1.259820607900687672e-01
-4.939428312947629074e-01
1.518447148985144768e-01
-1.000000000000000000e+00
-1.853915822117527257e-01
-1.527673261172680097e-01
-6.871582456788666304e-01
-8.971282724406809406e-01
3.785016057622622720e-02
3.561186096998239514e-01
1.000000000000000000e+00
7.799966155855688754e-01
2.554961256658034863e-01
6.965636574309903573e-01
-5.012466595448585860e-01
-2.424996367575148470e-01
5.528488703330225462e-04
-5.410163360263076093e-01
7.711569854015803971e-01
3.442065986696579705e-01
-7.212170576189929072e-01
2.713061357738306700e-01
1.186231099722900029e-01
-1.877031254404359362e-01
-3.854521556645852387e-01
7.032519297169167460e-01
-8.890565979563863630e-03
3.414969184263723090e-01
6.915523117487791804e-01
8.172416849513963744e-02
-1.081733469752189786e-01
-5.261751118080360001e-01
2.470034394239831177e-03
1.664612580745353787e-01
-4.740124244990338021e-01
-1.000000000000000000e+00
-1.112939801595965450e-01
-8.424070943343779649e-02
2.160913230220409265e-01
2.336269673398548297e-01
-6.896781849393511521e-02
3.198060396232003666e-01
4.051745830052648212e-01
6.546056768578183416e-01
-1.544369468601751727e-01
5.245439892157450767e-01
2.191634852314526816e-01
1.715394200062911878e-01
-3.237284947464901808e-01
4.435332637527049648e-01
-6.949689521053653563e-02
-1.022106382768894761e-03
-4.285281225941811045e-01
1.546918385783709604e-01
8.438153368619583095e-01
-8.844266885162990199e-01
-8.049075860074139666e-03
-2.657067712971666884e-01
-1.943379389359167764e-01
-1.000000000000000000e+00
-5.155158999494333649e-01
2.637570071885370071e-01
3.825504944337852764e-02
-1.000000000000000000e+00
-5.532777648393640835e-01
-3.256677573536229109e-02
1.867896962068225919e-01
9.587061596296535537e-01
-1.418745351078508909e-01
-1.000000000000000000e+00
2.851613971173493356e-01
-3.570936085850356934e-02
-7.707139176294622307e-02
-2.658784585186045324e-01
-4.026359941122194530e-01
-3.508099378226995912e-01
4.498622279725687512e-01
-1.199824360678919399e-02
1.433395650887425155e-01
-1.000000000000000000e+00
-1.280409015506759063e-01
-1.000000000000000000e+00
-3.189420318383671127e-01
-4.009569176931078727e-01
1.736985241877841979e-01
-2.440165912822702121e-01
4.350234227662224118e-01
5.882967666436434567e-02
-5.286531126972794370e-01
4.718967137310194904e-01
3.710199677631578208e-01
4.787816354443747979e-01
6.915476793061189342e-01
1.518984581642169873e-01
-3.547674659594603486e-01
3.109711678313421546e-01
-2.946979187906259012e-01
2.194870417720823919e-01
-1.000000000000000000e+00
2.723997822123512824e-01
1.587006406694970728e-01
-2.992085712252464530e-02
-1.646517961223839532e-01
4.143081821013816501e-02
2.188648148521269987e-01
-1.000000000000000000e+00
-3.368164541898445441e-02
-9.207197769123494357e-02
9.508557036694480213e-02
7.824211012653926878e-02
-1.000000000000000000e+00
-1.144222615925121755e-01
6.262462200547479485e-01
2.209168796866080586e-01
-9.616090874933666544e-02
-2.260565281344859012e-01
4.705499283650781406e-01
-2.239558037064251494e-02
1.594499883814006203e-01
4.572700943514683425e-02
3.018600993561537105e-01
-8.170823943215137497e-01
3.860756764033447253e-01
-1.156235917231376170e-01
4.762839937087783304e-01
3.108626901290613143e-01
-3.748775625604045536e-01
4.029746894872378027e-01
-1.114530589859452081e-01
-1.000000000000000000e+00
-1.424358025986767196e-01
-5.637067304432535897e-02
1.000000000000000000e+00
-5.965422135177581575e-01
1.000000000000000000e+00
1.000000000000000000e+00
1.767660690992203798e-01
-7.538054541704088118e-02
-9.600055355110936883e-01
2.731054669107468857e-01
3.623766281579542947e-01
-2.800542623843463308e-01
-1.000000000000000000e+00
2.864554215106199231e-01
-4.956927861656826306e-01
3.515820769742265539e-01
4.751107216078168660e-01
2.558144246042334258e-01
-6.489399833970357356e-01
6.682388103003105151e-01
3.166834306832974066e-01
-3.490657897854032576e-01
-5.208550711771435804e-01
-6.496013823197561710e-01
7.369106035427840373e-01
1.304678924014260333e-01
5.305687135696943862e-02
4.426390886033287897e-01
1.572213595050146462e-01
-2.079132458152121998e-02
-3.409006629938966526e-01
-2.473582021879790205e-01
-8.476580183439124117e-01
2.337378322879996029e-02
-4.631028930143695210e-01
-4.024693551214844622e-01
-8.131580480038322900e-01
4.308967930687844228e-01
3.355610004391856860e-03
-1.000000000000000000e+00
-2.341058710625243677e-01
-6.514792589521267718e-02
-5.070731892815916186e-02
5.157887530021891820e-01
-4.840881621974495452e-01
-5.235336052719989919e-01
5.458730951919887886e-02
-5.328642838722992270e-01
7.690253533144340015e-01
2.542377708278987236e-01
-1.144979608583518438e-01
-2.397064327993370103e-02
-1.560204562819325624e-01
9.438070555606092871e-01
-1.000000000000000000e+00
-4.461172587784592025e-01
3.301349035220297878e-01
1.662683407322802509e-01
1.956995631412591918e-01
1.510200319598165031e-01
-4.938030820751044825e-01
4.988635726189935005e-01
5.276884622911593992e-01
-1.307632634085055257e-01
-1.075662750982503968e-01
-3.314719874542199629e-01
-5.062470570685719817e-01
2.603604768406624359e-01
-4.083839967103147783e-02
-7.046785686449572594e-01
-4.794762206289422957e-01
3.601680337524409969e-01
2.314105926025422089e-01
5.415476625124050480e-01
-7.225055596464964591e-02
-4.530134379034757575e-01
-8.253300543312189763e-01
-1.231881547089420936e-02
-2.750277243586144449e-01
-1.000000000000000000e+00
1.037988528056648652e-01
-2.158925294100310505e-02
3.166685116863970917e-01
3.159299327342782182e-01
1.519532196609205688e-01
-1.760811156134629019e-01
3.004595814472980075e-01
1.000000000000000000e+00
5.823147279135276744e-01
-6.999985009490311549e-01
-4.880153033130780749e-01
1.037313278295203117e-01
-3.504620572198901413e-02
5.365707726905439845e-01
1.594190719586860705e-01
-2.302221391316852384e-01
3.775904626318431490e-01
4.694596568462970909e-01
-1.668954045428208965e-01
2.189807752845345235e-01
5.521240045837005894e-01
-5.386939826885045468e-02
-3.065266621729746954e-01
-1.456180303161244138e-01
2.293731755137663475e-01
4.175216422834550634e-01
6.288796189757626109e-01
-1.000000000000000000e+00
-1.000000000000000000e+00
