4.595592407667953294e-01
-2.127286364534764218e-01
2.444233454731816746e-01
-3.610779802910437097e-01
2.171886731261270242e-02
-3.163223420585803969e-01
-3.214620560261692295e-01
-2.635943374649285520e-02
-1.472856196119783634e-01
1.000000000000000000e+00
1.000000000000000000e+00
8.896215472157349424e-01
-1.000000000000000000e+00
-1.277487487924279519e-01
-5.186346511959210037e-01
1.850048525748746453e-01
-4.723365706207157677e-01
7.184633121658370314e-01
-8.787563349546674285e-01
-3.889056571709564869e-01
-2.462842583340074110e-01
1.000000000000000000e+00
-3.105625046042093107e-02
2.860278447960957343e-03
3.349725738654776297e-01
3.745821782558549362e-01
-3.268993797399555867e-01
-1.711440824965661522e-01
-1.000000000000000000e+00
3.268476455114348589e-01
3.090884178644781599e-04
-1.000000000000000000e+00
1.000000000000000000e+00
-2.207549365507704975e-01
-1.000000000000000000e+00
2.663383472599196167e-01
7.263241991085036542e-01
5.644467695788666362e-01
2.478108286928115966e-01
-3.869040297579948162e-01
7.577433100342644279e-01
3.163991904327771443e-01
-2.607184508401135803e-01
-3.008976012449077753e-01
7.898679168529882944e-01
4.064383469673193972e-03
8.426507803467138125e-01
1.427657300571411048e-01
1.002264974725333990e-01
8.990973263821906425e-01
1.750680836597876266e-01
7.441530423637338076e-02
1.038514581424228034e-01
7.034109835003760081e-02
9.343814741751557684e-02
-2.031684845839214770e-01
8.747548035172195147e-02
-1.000000000000000000e+00
-4.500713127831880156e-01
3.625799062307873966e-01
7.102493120718413877e-01
2.273338099920983457e-01
8.462452088463690014e-03
4.251731410738415762e-01
-5.477959713235811545e-01
2.637985553379523229e-01
2.720863534319236110e-01
-2.203554364255272680e-01
-1.748024304063391376e-01
2.074330723562277726e-02
-5.762937772669631808e-01
-2.473011717020729694e-01
-7.858413310416920705e-01
1.000000000000000000e+00
-7.425612852911627204e-01
-4.081381169099064787e-01
-5.361009569670533992e-01
6.273881969576589057e-02
3.241719963825921980e-01
9.841453745192825231e-01
-8.432782731361648798e-01
4.130561540847121904e-02
2.755201413935849386e-01
1.727311973815766621e-01
1.000000000000000000e+00
2.346376599681881392e-01
8.764452862131260069e-01
6.560177730464127055e-02
-3.504526760059685220e-01
5.931159916928466780e-01
1.000000000000000000e+00
1.342805705148368278e-01
-2.304553288701650243e-02
1.000000000000000000e+00
-2.581262496059957279e-01
-3.797507493078225438e-01
-7.806219212751969172e-01
-2.526887896519491306e-01
-4.038767989461822805e-01
4.506741269288384588e-01
-2.765996351274661036e-01
-7.347613243403110506e-01
1.000000000000000000e+00
5.314871998449920421e-01
-7.091668830492480202e-01
7.525345020753100300e-01
-1.183041458900237486e-01
-1.000000000000000000e+00
9.897511417123948385e-02
9.438234052734828516e-02
-1.000000000000000000e+00
-7.748793450126645332e-01
-9.852548644140157741e-01
1.464415745002803915e-01
1.000000000000000000e+00
4.100045409383422101e-01
4.006933672767533650e-01
-1.812094048501922128e-01
3.976117035532082400e-01
-6.912027022092095963e-02
1.634708531208889093e-01
7.607673485959374204e-01
3.404265887703855631e-01
-7.827665089386610653e-01
-5.861175181014992575e-01
-7.250328287507495917e-02
1.893232391947213544e-01
5.144659281702652631e-01
-2.294693345723814726e-01
3.823148907979694727e-02
1.667174610930888257e-02
5.128355609876000809e-02
-1.118343636642025324e-01
-3.331433939222486762e-01
-1.087664427417919244e-01
-3.156403616353180008e-01
-4.904579536257793748e-01
7.607870500795506086e-01
2.962935773956621444e-01
1.280220164418897910e-01
1.000000000000000000e+00
-2.345377329427112134e-01
-8.195058426532217943e-01
8.605180463276707048e-02
-1.055024571991590859e-01
3.479008518949278095e-04
-1.847540132248061684e-01
-1.767353339185015471e-01
-4.991590690771279815e-01
1.467440455386986031e-01
8.332637712080752379e-03
-1.893063533329477632e-01
-9.809630805833373379e-02
-1.931261621612894441e-01
-1.393194159561325640e-01
-5.189267727521817974e-02
1.278545257190912832e-01
-1.000000000000000000e+00
-4.341231830022183602e-01
-2.438980116062497427e-02
-4.487002982692265829e-01
-7.554228546288118684e-01
6.141483401635773332e-01
1.425177052713856307e-01
-2.393657646155779306e-02
-5.573457587444530237e-01
4.852668606413167857e-02
-7.090253165432274240e-01
-1.000000000000000000e+00
5.321521376028741646e-01
-3.147498209621881760e-01
2.324926435955070037e-01
3.729293730334369283e-01
-9.429666601917548185e-02
3.353109162087430928e-01
4.064671527979788479e-01
7.134997645859229853e-02
4.389461023196398193e-01
-6.327326273517339672e-01
4.014174844969602973e-01
2.436564918565141680e-01
5.980502056769212427e-01
-1.473690546485045827e-01
-3.443476221081255284e-01
-3.079311044349104520e-01
4.048203351930341753e-01
-1.567948525579124786e-01
-3.128854395259265120e-01
4.943092155116288189e-01
1.848846112138575193e-01
-2.805600339389383580e-01
-1.555884908952362422e-01
8.319896476291095411e-01
4.115009935193593149e-01
1.000000000000000000e+00
2.527413399484587098e-01
-3.280766224568865685e-01
4.620593392798176269e-01
2.399768456851150700e-02
-4.767627758658428694e-01
1.937592059828712465e-01
1.022837685615330394e-01
-1.543923914617889304e-01
-3.491624883386796885e-01
2.618704765103824772e-01
-2.948797479545279820e-01
1.461436407352839917e-01
-2.593374884394705759e-01
3.991493709651828814e-01
2.554101981943227573e-01
-1.344373905642757272e-01
-4.130561540847121904e-02
4.827333809994369673e-01
4.530258224034826586e-01
-4.993801556744164039e-01
-7.235937862412680222e-01
-3.159015184454154468e-02
1.000000000000000000e+00
1.497737956533071180e-01
7.610730151185689518e-01
-7.843517809106514971e-01
-3.340621994734978562e-01
5.193847961249116185e-01
-5.867146714036575172e-01
-2.252496332016348246e-01
4.651989003002996448e-01
2.713345215697899326e-01
2.014735977843397641e-01
5.393181795761645692e-01
1.808132655914809761e-01
-3.480137771390263701e-01
-6.764240237711971471e-01
1.515874889501670486e-01
2.493643253563351259e-01
-1.431874077967409953e-03
-1.501746184875646928e-01
1.292913519247226306e-01
-2.351144262529943352e-01
6.465110284916930627e-01
3.661098379971577388e-01
-5.027847210109863685e-01
-2.985268011768648644e-01
3.902513314009853906e-01
6.218512540478247086e-01
1.000000000000000000e+00
3.493165266866171681e-02
2.860619319153331896e-01
-4.014694788221454536e-01
8.727928765298729186e-01
2.799696100722623426e-01
-2.419887628866200513e-01
-1.311715553324495631e-01
6.242580086709650367e-01
1.929295859527580814e-01
6.141741594376304292e-01
-2.511645762992147923e-01
6.834117983116444472e-01
2.546610466970575803e-01
-3.798975836791608218e-01
-5.385310954345340351e-01
-6.327645043024714422e-01
-3.879787352836047698e-01
-4.323425366452010588e-02
-2.196953419201112812e-01
-5.789453092337302209e-01
