-1.477098373762572858e-01
-3.819294363087621935e-02
-9.838983593103305392e-01
-5.895477739807420958e-01
6.022930938316799487e-01
9.412098821708634322e-01
5.827380770031506674e-02
1.975007726210642467e-01
-1.027303600981878118e-01
-6.847613944704979139e-02
-6.558545692317437892e-01
3.171959802814632301e-01
2.185819175733455244e-01
-5.709568031740561156e-02
-9.081357609851782586e-02
-7.517337582787853023e-01
-1.000000000000000000e+00
9.454605151466045909e-02
-5.859297524602666840e-01
4.080356671849673100e-01
-4.881381450685048917e-02
-3.905186188995626861e-01
4.396220220509170495e-01
-7.062554292541509682e-01
4.528127956838620127e-01
1.000000000000000000e+00
-1.000000000000000000e+00
1.000000000000000000e+00
-2.494479091076926280e-01
3.861971157111702135e-01
5.493116202535318626e-01
-4.298430732249242103e-02
8.378717595983241340e-02
9.249900461694249287e-01
3.487263705535877945e-01
-5.824883358557743362e-02
-2.270099796077092447e-01
7.849063827509262792e-01
-2.920663311728959322e-01
2.214134572478659579e-01
3.305932968945793915e-01
-1.872956451212050843e-01
-4.394689462062683072e-01
1.000000000000000000e+00
-8.526421876443246450e-01
2.334532959769249072e-01
5.450265459085574804e-01
4.156929827605893024e-01
-6.967127636608645425e-01
-5.525601605238465996e-01
-9.616403692738770825e-01
-3.954993499319051087e-02
6.801835264844088846e-02
-3.503843849121821563e-01
2.489096950901875660e-02
-4.397999667511698907e-01
-5.938923288233105557e-01
1.978593634872826967e-01
-2.359769915342907753e-01
1.101146370701129307e-01
3.195285826767507720e-01
1.577386192826437661e-01
-1.000000000000000000e+00
2.719611640531890417e-01
-1.000000000000000000e+00
-1.000000000000000000e+00
-2.038071400475560124e-01
-3.881755030551746755e-01
-9.186208318597621769e-03
-3.302683039015301691e-01
-3.510530715616588804e-01
-5.483559212114409442e-01
2.006736984981535576e-01
-3.539323060791931819e-01
7.682492413618376981e-01
-1.705127577281806417e-02
-1.000000000000000000e+00
-2.993441786660541171e-01
1.918775273782774016e-01
4.899211565825563053e-01
1.998640296949142359e-01
1.880423152019616018e-01
-6.158113646050976664e-01
6.884876030783075862e-01
-1.291628305156567458e-01
-4.119672811032937809e-01
1.000000000000000000e+00
2.076956507390093631e-01
-5.107740858384779425e-03
6.116443085675821179e-01
-6.444692818592770434e-02
-8.286483696967547607e-02
7.264762940610031139e-01
5.098005798736625627e-01
-7.586303419173646978e-02
-5.303010643198261542e-01
1.356173945579008944e-01
1.665003498407702925e-02
6.726795091361806866e-01
2.526809199133276396e-01
9.844660470663790797e-02
-5.380659224806644270e-01
4.537668670083890854e-01
2.182316359312602150e-01
-6.537435530427405661e-01
-5.686307265868509875e-01
6.126489062689847165e-01
-6.382444845174243264e-01
6.335038623634632327e-01
-2.762168377462232427e-01
-1.160675164033049267e-01
1.555451829692648946e-01
1.000000000000000000e+00
-1.586646478764800472e-01
1.060629093247824895e-01
4.096021381968064090e-01
5.201884686931212975e-01
9.958443592076497985e-01
-1.503973276974792384e-01
1.000000000000000000e+00
1.613185423392307291e-02
5.321804590806621382e-01
3.997477955274628125e-02
5.508182073217848806e-01
-3.331937928126146864e-01
3.273266140108318512e-01
-1.000000000000000000e+00
6.862960137114744175e-01
1.757079677029604325e-01
-2.059030629377935628e-01
-4.034673182028987171e-01
-2.196146117848277457e-01
4.757136987865895339e-01
-2.086568810669218732e-01
4.668786435339624674e-01
-3.102157119480285496e-01
-7.682720136773445452e-01
-1.400270495386064518e-01
6.346138923032247359e-01
-6.254893514584776160e-01
-5.058029699962031112e-01
-2.729419001175742432e-01
-4.106426999550364387e-01
9.944696926676854787e-01
-3.500101611684838243e-01
1.000000000000000000e+00
-3.025663660520607756e-01
-6.738930024326342250e-02
8.802766158393786622e-01
-3.099536728084567594e-01
-1.293657115014797132e-01
-7.666740272002169065e-03
-6.106169514478134719e-01
4.063400750920826976e-01
1.000000000000000000e+00
1.000000000000000000e+00
-2.031013167174954559e-01
8.347335021542312550e-01
1.756151978939050895e-01
-5.794121194483701220e-01
6.679584726115503912e-01
-4.121385786392684492e-01
1.000000000000000000e+00
-7.786611789599747757e-01
-2.745348417254400708e-01
5.278504553876686156e-01
-2.594261498077283234e-01
2.055163916512361411e-01
-1.978276493267645542e-01
3.318018099141365473e-01
-6.076048356769526704e-01
1.586980097832280667e-01
-4.345661650720734070e-01
-4.848650636368535549e-01
5.112398274305702817e-01
8.198467948142449391e-01
-6.773948697092554427e-01
-6.156305246840312884e-02
4.838912891122479909e-01
-7.883413966159069641e-01
-5.655252621573108041e-01
-1.055743793412222686e-01
-3.892707093324114798e-01
2.534901515314667009e-01
-1.579475505255754225e-02
-3.113278908168425063e-02
4.490778500553069263e-02
5.327382940223105434e-01
4.826779610669932330e-01
-2.631809421226843915e-02
-4.469191031909062750e-01
-3.623055865205433712e-02
5.706235598126456754e-01
2.552327648634137858e-01
4.270745325407481752e-01
1.000000000000000000e+00
-2.229464470564124223e-02
3.512143487629093563e-01
-1.027182457622604628e-01
-5.265787280904153655e-02
-3.528736900154897937e-01
4.238675712047960120e-01
3.691632104515620849e-01
-1.000000000000000000e+00
1.490412127417036769e-01
1.329562633628488255e-01
-2.314663811651733738e-01
-6.470021166908976884e-01
5.160437987214783195e-01
3.572937442604187108e-01
3.545251496019309889e-01
-3.866918743735120456e-01
4.503057730877407794e-02
2.928509105808916810e-02
-1.341048955422102784e-01
3.653423489306547589e-01
4.446850380639957856e-01
-9.500984437057119480e-01
6.321504518171444653e-01
1.358311226167614461e-01
-3.325861971679320295e-01
-4.003833571797332236e-01
8.947963923786815821e-01
3.387393095840628421e-01
-5.532663992947453035e-01
1.000000000000000000e+00
-8.450682370568615709e-02
2.979868071676010088e-01
6.477746189081595718e-01
6.271683503455021125e-01
-1.783477491054975828e-01
-4.444515153992575351e-01
1.410267606706017696e-01
1.000000000000000000e+00
1.934045169311313095e-02
-5.022495662038087838e-01
1.864055599584929779e-01
-5.729255248931641731e-01
2.457824965292256525e-01
3.850135451617491267e-01
5.088823131508007913e-01
4.208786833474611466e-01
5.422930019989642692e-02
5.450162289459615783e-01
5.904816580388886349e-01
-6.345006135490933730e-01
-1.000000000000000000e+00
-5.622252293468603668e-01
-2.743046369254260042e-01
-4.106600522233557760e-01
-7.110962638609528153e-01
-2.136521485865480185e-01
2.004656075323896780e-01
8.334744787035892610e-01
-7.930577824887197202e-02
-1.988986113104037334e-01
-6.101769763834752336e-01
3.873763197616429399e-01
2.684984381133553311e-01
-5.050608745287661350e-01
-4.411505155295165626e-01
-5.308394471757552080e-02
-2.388452009033844858e-01
-5.231361494722570199e-02
4.608794670087067447e-01
