
0 60.932044 -0.667024 14.348133 -5.857864
1 71.052147 6.897058 21.293776 14.74202
2 71.163991 15.378806 25.323491 20.493287
3 71.08131 20.455522 25.730581 21.124626
4 71.170839 28.733294 24.039649 22.248799
5 73.958491 30.836259 25.746189 24.767628
6 77.95025 29.227627 26.141479 26.162027
7 77.5598 38.097804 25.883913 22.972025
8 71.174556 44.345869 25.117775 21.293278
9 77.919691 42.283484 26.614211 42.304643
10 88.873296 50.448914 22.304089 20.77426
11 77.747969 48.113533 22.444802 52.714666
12 87.858317 52.352329 23.28218 46.713636
13 77.764177 57.072291 16.906778 52.307691
14 88.484784 53.242913 20.82595 45.197524
15 77.742798 54.844249 17.668482 38.360084
16 77.867929 55.112558 17.542582 47.488344
17 77.769949 55.705945 19.967287 48.032247
18 88.61438 59.448569 17.758586 47.47831
19 88.56516 56.707015 19.050965 45.231245