
0 70.918365 -0.831559 15.329495 20.147203
1 71.236992 5.136837 20.274985 18.695529
2 77.170165 9.306259 22.832388 21.716398
3 86.583129 14.615244 24.792904 33.409807
4 73.22577 17.409498 24.576869 39.083366
5 71.152895 22.227212 25.940142 22.991896
6 71.109309 24.544488 27.687758 21.591314
7 78.303771 31.879159 27.113966 21.846542
8 71.202064 39.938973 27.825087 21.591314
9 71.249139 40.142406 28.414747 24.609942
10 78.27538 44.081416 27.561968 23.159704
11 78.054793 44.812447 29.737747 21.024906
12 78.289666 46.15447 27.886636 22.841457
13 71.229135 51.94015 21.437495 22.22327
14 71.236992 49.267173 22.58044 62.346096
15 78.197722 54.05441 22.502396 53.376351
16 78.144301 58.048832 18.450192 26.101765
17 78.332831 56.490113 21.489049 21.396149
18 78.189117 59.306926 18.55347 21.685998
19 71.38055 58.021098 18.012534 26.77577