
0 71.057749 0.27185 15.290271 15.561356
1 63.144444 4.058984 16.694667 13.707084
2 71.151034 11.002707 23.057109 25.058971
3 71.096704 18.429721 24.260627 25.63917
4 71.108715 23.15926 24.752333 26.762149
5 71.131173 28.196388 25.813858 22.159108
6 78.280844 31.618379 25.504687 19.391721
7 71.144728 33.344093 25.309586 22.503722
8 71.204008 32.807514 25.00789 23.308325
9 78.35679 32.93618 25.884719 21.560316
10 71.181153 31.437124 25.364918 45.103575
11 86.838295 35.792782 26.77324 24.686474
12 88.441547 40.197831 26.100198 41.157799
13 78.245121 41.503254 24.279708 57.921972
14 85.642943 50.227492 22.041828 53.673102
15 78.246909 46.145672 22.264027 22.908627
16 89.232456 51.326341 22.660551 21.222191
17 85.944122 53.158041 21.737006 23.413589
18 71.221994 49.924503 23.413185 24.484778
19 87.2563 51.004379 23.570331 30.277563