-2.070496056487114156e-01
-2.781469177990452124e-01
-4.450253796578535620e-02
-1.000000000000000000e+00
2.498183632947994504e-01
5.246835281605464196e-01
3.123300136978024444e-01
-9.902694556759281674e-01
-8.002352210685752532e-01
-9.157475591711071450e-02
-3.311532690097453158e-02
-4.758567168493381405e-02
-5.131744929932342547e-01
2.404630882775668499e-01
-5.151717379000904096e-01
-4.449097868351409857e-01
2.904412856932030995e-01
-5.725529025115400072e-01
-1.241949989942082166e-01
7.941733666629582911e-02
2.272794990681451244e-01
-9.734344247757525936e-01
9.911497126520919521e-01
4.009664594638084889e-01
1.000000000000000000e+00
-4.870913439165171499e-01
2.063189377631549359e-01
8.930026874484664479e-01
-9.918144605276397741e-01
1.952755024796650196e-01
5.069995487935979872e-01
-2.822759461182401397e-01
-2.174450149955174938e-01
4.342459442636399380e-01
1.000000000000000000e+00
6.707813174135377476e-01
-8.969647117272785963e-02
-8.563971723857505269e-01
-2.939591553218006137e-01
-9.356690162059286275e-02
5.925523041700448967e-01
-8.436103020745049363e-01
1.721810409227083061e-01
-1.663905667136117428e-01
-3.319120427511430549e-01
-1.966508004542748822e-01
-1.789909743778068107e-01
1.657772966123688685e-01
1.000000000000000000e+00
1.474699281115749161e-01
-2.336392591525139062e-01
-6.251157182934877765e-01
-5.187782307863668674e-01
1.073051423620304118e-01
-2.346318006486713403e-01
-3.457362917841223515e-01
-3.386761831579540027e-01
-2.215583654120984458e-01
-3.910993046351793900e-01
5.156863582813294711e-01
1.000000000000000000e+00
-9.646467461987848768e-01
-1.732390105928611201e-01
-4.235651497620044337e-01
1.000000000000000000e+00
3.335356591328060838e-01
-3.687149164062614171e-02
-1.168902052186553825e-01
-6.957184768664238517e-01
-1.807963596179337218e-01
-7.482846628230901409e-01
-6.160391182675041266e-01
3.783682265141691814e-01
5.516777133274687328e-01
-2.271843143786350105e-01
3.867207739525115873e-01
-6.952185686461043179e-01
-5.742759717852902179e-02
-9.126406129719634164e-01
-1.000000000000000000e+00
9.486142951865025319e-01
1.031520612259311936e-01
-1.277636160783747754e-01
-3.654831472316577012e-01
8.276271037883563553e-01
-7.643720254820236537e-01
5.155766245993652630e-01
6.873386346927944368e-01
-5.178665637540501576e-01
-5.881629708259019651e-01
-1.290286932066762315e-01
-9.889545392714744754e-01
9.018982272295816838e-02
5.255726698374725281e-01
-1.000000000000000000e+00
8.027494149137145429e-01
2.327038743023253364e-01
-4.549574162359866225e-01
-2.853213919793965436e-01
-4.186237851343770910e-01
-3.448405423673940318e-01
-7.089884043025952431e-01
3.387668781008121299e-01
3.161303638898086410e-01
-1.105535374106962343e-01
2.056002479201657906e-01
-1.994813817350072904e-01
-3.522893833084010939e-01
3.230542355952042977e-01
1.043248759417123202e-02
9.861734482961179715e-01
3.604078833180291430e-01
-3.832528258726071169e-01
-1.874243012050935131e-01
-2.589876902760543387e-01
-1.396475180709290664e-01
-1.633182133149169157e-04
-4.455161467226633754e-01
-2.546163690293526752e-02
-1.000000000000000000e+00
6.228860681302647029e-01
4.915797860828932664e-02
8.785289464318281061e-01
1.087993712626682818e-01
-3.942191435665757804e-01
7.528352708547345618e-01
1.000000000000000000e+00
9.340596092356719948e-01
-1.966789993002160675e-01
2.340851704922167487e-01
-1.468505474863401050e-01
-1.092408731418171852e-01
9.455489514544967999e-01
1.000000000000000000e+00
9.923917060052027672e-01
1.987634973609306854e-01
2.178710783845034804e-01
5.107115763222696003e-01
-2.409154258607671129e-01
-3.099362073603893070e-02
-1.227367578436694695e-01
-9.131457883132281655e-03
-2.757452959884700294e-01
1.930542112389733445e-01
1.000000000000000000e+00
2.484281079933868541e-01
-9.934409997462456676e-01
-1.714649440671632830e-01
1.000000000000000000e+00
-1.510099650623230316e-01
9.867364877298229198e-01
-1.000000000000000000e+00
3.202591313188980493e-01
-6.369815800722467003e-01
-1.909037612752124621e-02
-2.779631461553856986e-01
9.973968663769183784e-02
-8.959335903884502184e-01
3.175258530468386131e-01
1.341311250055468307e-01
-5.604922657705153632e-01
9.957477070747999814e-01
-4.038367891355134492e-02
2.135094316110737744e-01
2.269835940376052630e-01
3.599156800542450685e-01
-2.880253060502985796e-01
7.332235281096806390e-02
-3.956038221388217813e-01
9.658687751752194350e-02
2.156136358159271293e-01
-3.786122838928515089e-01
1.935620085711815264e-01
-6.630423325045663452e-01
-4.332576936813822277e-01
-6.106611942497863765e-01
-1.000000000000000000e+00
-2.652916919878722801e-01
-4.499458037943918076e-01
-8.620231206701527427e-01
-2.608871885773542676e-01
9.003530491635892696e-01
1.980416882528130973e-01
6.805633591483389866e-01
6.878655523523768966e-01
6.877770570825371133e-01
-7.132221919867179905e-01
2.134400826652854133e-01
-9.368399725778140397e-01
-9.885810389632210260e-02
5.947076488566372943e-01
2.362447125915861368e-01
6.360363216970778000e-01
-2.719144943504368805e-02
-1.307622996497435630e-01
1.000000000000000000e+00
1.150181481735916417e-01
-6.226561580511170702e-01
2.641802613111066123e-01
-4.572497682224513360e-01
-1.000000000000000000e+00
-2.058896421261945109e-01
2.955275328897898901e-01
9.906137431652011216e-01
2.959320432488686259e-01
6.964654992798772204e-01
-3.331331183067941515e-01
5.775819670896252811e-01
-7.331098165960284185e-02
-2.131569730570883892e-01
-8.429133957324716486e-02
1.371641278569371847e-01
3.829537221344422315e-01
2.969064122206802048e-01
4.307186182136257258e-01
-4.149032633580229668e-01
-4.729079507079881339e-01
2.249563099264854094e-01
-7.526567702309296289e-03
9.342459139027412540e-01
1.000000000000000000e+00
5.398950619321400968e-01
-1.000000000000000000e+00
-1.000000000000000000e+00
-7.132727311461720676e-01
-6.266397865903892972e-02
-8.385025214586573281e-03
-1.770767235219359859e-01
-1.414907110753008401e-01
-5.325965107046271713e-02
2.923691966638110040e-01
1.000000000000000000e+00
1.901889308569613135e-01
3.228513184259482749e-01
2.342602227470776954e-01
-3.328736559983767052e-01
-1.667973979341101920e-01
-1.108494310373597247e-01
-3.380098759630389971e-02
1.128815898140253793e-01
-4.895831865732521160e-01
-3.828166810798173253e-02
-2.139696052384550129e-02
9.904214924436808287e-01
9.580086535984789764e-01
4.855918274195199502e-01
-9.961670227725919480e-01
-4.241443709110556126e-01
5.866128150501438432e-01
4.042858972037962628e-01
1.000000000000000000e+00
2.920597089879442554e-01
1.901503297533452264e-02
-8.675772837732762532e-01
-5.288445293824239890e-01
-4.868901243346910324e-01
1.419346514418036997e-01
-9.900517274849518490e-01
6.519339803094041930e-01
-2.262865719824562472e-01
1.000000000000000000e+00
-1.258849886068417467e-01
-1.617794330208092990e-01
-8.957272353270253618e-01
-4.652644940784834149e-01
