-6.410758335977724265e-01
4.059375239803580393e-01
-4.394499630064288564e-01
-1.110129758055044269e-01
2.783346683910681851e-01
-1.000000000000000000e+00
-7.183763965625139525e-01
1.957941339413038773e-01
3.064529490606129891e-01
1.000000000000000000e+00
-9.751806847613875284e-01
9.601481476834803352e-01
-1.000000000000000000e+00
5.365006072470651644e-01
-4.103987728054969697e-01
5.748329823183956355e-01
1.114604619069909791e-01
9.421123680640735021e-01
-1.240753044413266809e-01
-3.918421426646049310e-01
9.837133430827288416e-01
7.198036223889814345e-01
3.050867725517692614e-02
-2.227315780458103411e-01
-8.432766124224391202e-01
6.098143385783667825e-02
-2.827046155022820972e-01
1.264955118461680017e-01
6.447590555687208180e-01
-4.507428017746789584e-01
4.107136901758894343e-01
1.841938514132196170e-01
1.387207798887477583e-01
-7.307600754725681602e-01
7.517288807088665092e-02
3.149946928121042516e-03
-1.269450867486439094e-01
-5.327018451402819599e-01
-2.473907321467813114e-01
8.875329006139104360e-02
-2.936107386500794170e-01
1.000000000000000000e+00
-1.716284369270957844e-01
-3.542524615590367798e-01
-4.005852990556713067e-02
-9.748257479340639575e-01
2.481735109291224595e-01
-1.000000000000000000e+00
8.952478717391026963e-01
1.000000000000000000e+00
-1.000000000000000000e+00
1.277177778499675453e-01
2.396043229888486503e-01
7.769314570940439868e-01
-1.000000000000000000e+00
1.946008859983745509e-01
-3.037294222939809774e-01
5.101105957294351650e-02
-9.867657514516052775e-01
1.000000000000000000e+00
3.287462301313280322e-01
4.018444146713781029e-01
-3.088039122765526834e-01
7.476371008794390205e-01
-9.605369473262956315e-02
-2.373554627117470117e-01
-2.460773630175475402e-01
2.593016418255689182e-01
-8.346451922390485390e-01
5.027225262645100834e-01
-1.722055336519273672e-01
-2.767628036450149875e-01
1.534485059338804303e-01
5.528701101201813871e-03
2.998324580410710594e-01
-5.043324094795151868e-01
6.193003352439416798e-01
-4.439470300717600071e-01
-5.049441855931484646e-01
1.280322595450181788e-01
1.000000000000000000e+00
8.482956702847120611e-03
7.247598887498120368e-02
2.846069702462813988e-01
1.000000000000000000e+00
1.000000000000000000e+00
-1.753168471768040693e-01
6.150916802297439201e-01
2.031941939716088164e-01
-7.742548188289095634e-01
2.240966129594593181e-01
-2.933317174739165645e-01
-1.000000000000000000e+00
-3.532341638269961837e-01
-4.515982685305294786e-01
-9.713032414889682942e-02
1.000000000000000000e+00
-1.000000000000000000e+00
-1.163969999666277788e-01
-4.049759125606171573e-01
9.578610527476405512e-01
4.080827080475455948e-01
-2.122942516281414171e-01
-5.679737389974560680e-01
-3.936546416118921754e-01
9.847948909377822746e-01
4.192454524750957590e-02
-5.104276739482627168e-01
9.655498613467027313e-01
-2.873358624278947171e-01
-5.113063485786174533e-01
-1.674886777138023808e-01
4.217695923678750347e-01
8.281469087952989527e-01
-4.632091981703647917e-05
-5.414866176577285417e-01
8.954218777920773531e-02
4.579385511478943904e-01
5.284756398373071651e-01
-1.602876323291979321e-01
9.670635355656487242e-01
-5.592035942722494157e-01
-2.335435753424678629e-01
-6.381148494730332077e-02
6.158371478211202010e-01
-2.248475511894265366e-01
-7.828639828758629515e-02
-7.121816855539166158e-02
-4.581911473718768002e-02
1.602445265441475308e-02
2.100292371838155189e-02
-3.810195155647676524e-01
-8.457312030504612332e-01
1.000000000000000000e+00
3.634948706561087484e-01
1.000000000000000000e+00
2.414089081564499417e-03
7.032859091920963535e-02
6.899982065280613197e-01
9.582301883624110284e-01
1.188030319606048768e-01
-1.353396409780787957e-01
1.161279927939734141e-01
-8.309224756350870600e-02
1.000000000000000000e+00
2.442504621238806434e-02
1.000000000000000000e+00
-4.150285576431606560e-01
-1.902483766092047113e-01
4.270371443704567560e-01
4.478879549043208175e-01
1.528335510969761613e-01
-3.428727032971985722e-02
6.410751406506147720e-01
1.051674361410903646e-01
2.382636987817829399e-01
-3.620397315357096885e-02
-8.614714855611782518e-01
4.297719062579979238e-02
1.288263856934774021e-01
5.477367113380054997e-01
-3.098277348485646288e-01
9.565205650695104422e-01
1.594659003898658278e-01
6.332873982898654108e-03
4.563907129011554598e-02
-9.748228599120268845e-01
1.000000000000000000e+00
5.075593841337724399e-01
8.910681017289392436e-01
2.620980518966562964e-02
-6.562055062392797844e-02
-1.267230880658047898e-01
4.866178582605555636e-02
-2.207987492583536882e-01
7.923130243061062006e-02
1.504961533950351371e-01
9.956234581362197189e-02
-6.382551643582330403e-01
-2.511673324779980510e-01
-1.000000000000000000e+00
9.831210776235250748e-01
-2.504721975230799202e-01
2.255428013982049562e-01
-9.853690429023641562e-01
-9.243789607961790944e-01
1.832754884865569200e-01
6.989861170327169027e-02
1.274843938272162691e-01
1.000000000000000000e+00
1.400299900458678304e-01
1.892519111421997816e-02
4.280165123862193499e-01
-1.000000000000000000e+00
2.764141396396547004e-02
-8.309547379592883143e-01
2.879931036750847939e-01
-1.824920273758909861e-01
1.000000000000000000e+00
2.844955082848925065e-01
1.773766053801170001e-02
-2.029746591297615366e-01
9.697351073000288757e-01
1.053272488611083912e-01
3.081813743884821988e-01
5.326839319447966847e-01
9.101879088117557914e-02
1.133159638868832045e-02
1.000000000000000000e+00
-3.223446038689071202e-01
-2.170735408399063759e-01
-3.347909507634884152e-01
8.628778449897471781e-01
7.081991800170172047e-01
6.220792686584125653e-01
-9.276309874489431229e-01
-6.023936170214829744e-01
1.000000000000000000e+00
2.130010294360815473e-02
4.874161080403390800e-01
-3.420829346174593111e-01
3.479444850783718346e-01
-1.393151187194336948e-01
1.090172612685438164e-02
4.058882241905737431e-01
1.952246146192948908e-02
-5.968427799635589448e-01
-7.287712867668090511e-02
4.114347862971210468e-01
-3.136110908213525228e-01
9.667536251637018907e-01
1.680512562580949720e-01
1.219711005091780182e-01
9.759781151493605034e-01
-8.159451630884732853e-02
-1.542655964387216194e-01
-3.895627874476892960e-01
9.346704187672878472e-01
-7.145033344051757163e-02
-2.927444986467908072e-01
-1.264911115841672318e-01
-3.328528102454666460e-01
9.955929838227483009e-01
7.746927851379040719e-01
1.000000000000000000e+00
1.000000000000000000e+00
5.286041773729456272e-01
-7.148905347798663046e-01
-2.865685095296143792e-01
1.709148239888276521e-01
4.218107128944127530e-03
9.471852565662563020e-03
3.521645624572647404e-02
-9.558601332989427601e-02
-1.038910233764543944e-01
-3.235929702534509622e-01
-1.814802989466767214e-01
-5.075548133969300935e-01
6.292453229728827147e-01
-1.542167623991962389e-01
-2.675107706129669083e-01
6.888403486736210946e-01
1.086642276930279392e-02
1.987515153916783461e-01
-5.202763610853615717e-01
