7.757626966332593910e-02
-1.284042914687664738e-01
-1.000000000000000000e+00
7.781957101835051960e-02
-7.846538442806442193e-01
4.779136257662879306e-01
-4.122540290670341778e-01
-2.725966456240805358e-01
-3.760680346766760440e-01
2.553652127885051026e-01
6.201155842588783607e-01
2.661374435184232778e-01
1.797159404008792372e-01
-3.638790340995949890e-01
-4.792303916783108297e-01
-3.541467079912554161e-01
-3.473548715862982972e-01
-3.433823401175989387e-02
3.054829426486108668e-01
-4.430017484643123948e-01
3.790841944663619900e-01
-7.315887868980623654e-02
8.738637218339075086e-02
3.207715453012131568e-01
3.792647526995907015e-01
1.794264268444227262e-01
6.717452619286684579e-01
3.502785185389756251e-01
-2.984029109640509714e-01
-7.158426923508998119e-01
-2.203805572767568721e-01
4.569158559449009172e-01
5.260219308683674599e-01
4.183279411405693704e-01
-8.462280284651619855e-01
4.996627700909453962e-01
-5.420309875753976936e-01
-6.208810437227249568e-02
3.971312326216704380e-01
8.794114376663668409e-02
-3.714237338000365707e-01
6.541519865030539505e-01
-1.229173218487214225e-01
-1.000000000000000000e+00
2.062149801937918081e-02
-5.649160772418965193e-01
5.894310861627087839e-01
-1.766773446946673376e-01
-2.445250809336795839e-01
-2.244799764678047649e-01
-2.319340371999802919e-01
1.628735599443996707e-01
1.690508120032047090e-01
-6.757613449315009735e-01
4.407613170995684504e-01
4.924261937887592366e-01
2.444696303876484414e-02
-6.746324054772436796e-01
-8.932385483926876812e-01
-1.307911160414083895e-01
-6.094157394223335134e-01
-2.447382196019091960e-01
-3.261679903099587996e-01
2.675828605877097477e-01
1.107434804900477021e-01
2.236604436475393420e-01
7.932456150126104832e-01
1.421423029645353941e-01
9.342753349294420362e-01
1.643063959928678652e-01
-5.247003176622865028e-02
-5.757723864366715016e-02
3.409094842111617951e-01
8.012107600539366548e-01
-5.740102671802450596e-01
-7.810350245756560172e-02
3.841979893558229997e-01
-4.570420135944943119e-01
1.630746457410555891e-02
1.737650941085996104e-01
1.968494992225012785e-01
-3.887684929759241959e-01
-1.104088094995664127e-01
-1.000000000000000000e+00
-2.914937881392311025e-01
-3.669166884426749986e-01
1.319355480655622637e-01
2.069375118533736679e-01
6.133703810384464328e-01
6.300243665766858125e-01
-2.615607584494997750e-01
-1.105117326699663061e-01
-2.450024445049322486e-01
5.054968606513193796e-02
-4.279833689837188038e-01
-3.536082955377585213e-01
7.358167512267169141e-02
3.040522868973164483e-01
-7.566554661137949722e-01
-6.017126077724215261e-01
1.137380778501170253e-01
6.809992953122097070e-01
3.439140517189770430e-04
1.949880907703396005e-01
-1.205277132350589947e-01
1.514866380139326396e-01
-1.872928610457760268e-01
1.175661243769717812e-01
6.555771628875367574e-01
-3.236204118896309767e-01
5.516926032789434831e-02
3.408940082094209512e-01
8.712657096998832618e-01
4.753804227555237794e-01
7.687228747912742133e-01
2.149759435756176118e-01
3.795710937172980248e-01
-1.452628838230730079e-01
-2.389757933305169668e-01
-3.451057988399555687e-01
-7.424683970042753600e-01
-4.071512316466764647e-02
1.558797754707577088e-01
-1.153122238306880654e-02
8.025191400303315348e-01
-2.488624679913066517e-02
-4.395208363385114669e-01
2.376966429732155217e-01
4.069670700630718674e-01
3.940827755825953016e-01
-2.595111614606844253e-01
6.358037286769971930e-01
1.320990902683263912e-01
-6.247452774611719217e-01
6.563925675788175873e-01
-2.165655221021392796e-01
3.614704284492310515e-01
-5.955915768669707289e-01
1.173897621862930174e-01
2.696972653904485262e-01
-4.824458287284306146e-01
-1.791529642260424326e-01
2.820650188556548255e-01
-4.497287407302659190e-01
3.799038075667318659e-02
-1.751072596009995430e-01
-2.111435823041727666e-01
-2.596502399278741713e-01
2.999958912866870220e-01
6.806430600265968023e-01
2.315983860349286050e-01
-1.969187552090399806e-01
1.188920306652423015e-01
-8.759379970033878693e-02
-2.172481294460014423e-02
-2.713870762039946039e-01
8.264226535376767435e-02
-1.178159179632414094e-01
5.265573348264821485e-01
-6.399827268421778292e-01
-4.593658165757367323e-02
-4.235352478004284632e-02
3.582276553915614281e-01
-1.253305508885790287e-01
-4.583446716692086975e-02
3.439891466842623369e-01
-6.000661814117587145e-01
-4.700558189513788787e-01
-2.891633436031206816e-01
1.562679520606215511e-01
7.863053181171060224e-01
-1.000000000000000000e+00
1.710804539799017365e-01
1.994643461824741892e-01
-8.229472730475823061e-01
-1.919223335563043920e-01
7.997813505787118027e-01
2.173005006489688862e-01
-2.024677046033240835e-01
-1.647703628510699403e-02
1.878558004586482755e-01
-7.847821766581634106e-01
2.189046036676188522e-02
9.582429344515799863e-02
4.152700326519046525e-01
1.471403224055632397e-01
8.705355358633070084e-01
7.748782113887375811e-02
1.184077660719234787e-01
1.539757862160339164e-01
-5.806926519108451118e-02
5.358623118665440943e-01
2.868317325090537218e-02
-2.176950328478548524e-01
4.141703127439622101e-01
7.173477155209820877e-01
4.436320883671612814e-01
2.087245612561305919e-02
5.500733291388752999e-01
1.000000000000000000e+00
2.050995926359315547e-02
1.000000000000000000e+00
4.768869003500791903e-02
5.412832879593681978e-03
2.304913643405644974e-01
-3.896266475088212000e-01
-4.692226703184396719e-01
9.336715344289192586e-01
2.833437109820722832e-01
5.855957100343917032e-01
2.355445839427449117e-01
-5.369967135593123331e-01
1.000000000000000000e+00
3.205218965219616689e-01
-1.396678613838097105e-01
-2.701573206509305658e-01
1.072474523743612157e-01
9.471087256288233114e-01
-1.353436915368120275e-01
2.579798241353729038e-01
-8.888015637033069849e-02
-8.777824341099705885e-01
-2.715765716460988299e-01
3.502785185389756251e-01
-3.207823955686813777e-01
-3.543551998490298560e-01
4.115071733096388740e-01
8.767992270505478025e-01
4.499868750556387798e-01
-1.745196783558258524e-01
-6.582204004010675513e-01
2.630497300524262116e-01
-2.192745494224281055e-01
5.960822388664941407e-01
5.098689001867782178e-01
-2.041649315103328810e-01
8.585659952967368280e-01
4.547536240423432630e-01
9.632919187286367868e-02
9.592999195616618291e-01
1.000000000000000000e+00
1.006719704048359837e-01
-1.690262886343182613e-01
2.780608608122484560e-01
-2.958422107406772361e-01
-3.905688915095699432e-02
4.971430245202605458e-01
-5.705362568769666298e-01
-7.012744165818098896e-01
3.320515832476288454e-01
-5.464714758446601595e-01
3.122359535244197404e-01
-3.645350680620062511e-01
-6.196246885041597485e-01
1.000000000000000000e+00
-9.733719295181801900e-01
2.545835745125618610e-02
7.554426306828538884e-01
4.432402785495557218e-01
3.372727240360137158e-01
4.360052419457052242e-01
-4.885454353116412962e-01
7.290045855324037150e-02
4.156651463932716783e-01
2.838463963699940362e-01
