7.746090260653448745e-02
-1.168377846738878345e-01
-3.366283335176138980e-01
5.066073936678413547e-01
-4.575910812454477006e-02
9.219480410032582229e-02
3.762747924886256090e-01
1.178355484134729625e-01
-5.319880788674492544e-01
-1.781215391501335676e-01
5.115594132405885119e-01
2.131937604011834853e-01
-1.709161099592882704e-01
4.609949390590815932e-02
-1.537154154526912397e-01
1.406440426140353195e-01
5.874573328021964747e-02
-6.751690865605330938e-01
1.000000000000000000e+00
-2.308389259996773690e-01
-2.439692679742149206e-01
-3.400549824098750284e-01
-1.058259466954369898e-02
4.172805144297936364e-01
-2.148290374033721695e-01
7.550642040819247058e-04
5.493075353435752373e-01
3.036103392102145193e-01
1.000000000000000000e+00
5.079730090560606870e-01
5.355615246195878365e-01
9.769557594930333710e-01
-1.000000000000000000e+00
1.309291318587806896e-01
5.980645709093790341e-01
1.390506908820118570e-01
-5.369076161650507828e-01
1.000000000000000000e+00
8.224587862375497271e-02
1.000000000000000000e+00
-2.453120135144722935e-01
1.314115745138266234e-01
6.036357031571945586e-03
-1.722532129846543469e-01
-1.175328135850410849e-01
-2.623262852879303941e-01
-2.670784406548366019e-01
-5.641699610696220279e-01
3.461743541032893390e-01
1.878830581359706986e-01
-3.308305922286698952e-01
3.723440018603934032e-01
-2.042427884785517067e-01
-5.641521087553444946e-01
-1.703759373132320565e-01
2.447325436833819312e-01
1.000000000000000000e+00
-1.973140303493361725e-01
-1.077437034868083954e-01
-1.778183316567921723e-02
6.457068423835632398e-02
2.092765503520840065e-01
-1.282177993290765927e-01
1.000000000000000000e+00
-5.186167925687212854e-01
-3.800073159489675279e-02
-4.199698611186894470e-03
-5.769254872330515926e-01
1.866005302566749180e-01
-2.784249368752728104e-02
-9.890847982051076404e-01
5.784291607557613402e-01
3.709791247724358865e-01
7.889368629549937256e-03
8.235346973590060848e-01
-7.471884624585548584e-01
2.173293420964469980e-02
1.298311587628511177e-01
-4.186486627342590472e-01
-2.178550553689291569e-01
-3.649997112337523553e-01
7.939662009432628675e-01
1.847661733543962959e-01
1.692019694264583762e-01
-6.837282434249176699e-01
6.899064857431396192e-01
8.801162818409828670e-02
-2.972772589399936272e-01
-9.256681784083636844e-01
1.722563164962302718e-01
-3.190883888402443747e-01
3.389729959483164246e-01
9.912845016679115995e-01
-1.577906766571121611e-01
4.899940821662789742e-02
-4.271435776209736579e-01
-3.986185186814203418e-02
6.031210340480281928e-01
8.677105795677526601e-01
4.656511034890504774e-01
1.936818316023763420e-01
1.275900665236164022e-02
1.716782423703991090e-01
-1.653613771107667330e-01
5.450630826488946923e-01
5.543144423457029291e-01
-1.157730755437973852e-02
1.000000000000000000e+00
-1.230161242183957365e-01
1.727745978616008204e-01
2.081449158502824415e-01
6.719146671259248471e-01
2.108136432829407769e-01
-1.283913267869318808e-01
-7.450828224978336412e-01
-3.598136055820490564e-01
-1.533926305737339790e-01
3.312687971607505832e-01
-1.426434034262087369e-01
-2.745818884115855951e-01
-3.798291692194649682e-01
-2.151089754111716879e-01
5.320826974663648429e-02
2.267524830445828421e-01
-4.170948941332768278e-01
-3.208521496528168315e-01
2.646704033013989182e-02
-2.287505581002111377e-01
-4.658812330379101529e-02
-4.441762606881669573e-01
1.848905993794493496e-01
-2.083924128780848817e-01
1.376019581492966271e-01
2.318659879283180292e-02
2.577714928280471773e-01
3.176549894629398518e-01
-2.222052562492510264e-01
-2.525736196081858620e-01
3.621353577341910879e-01
-1.028176811003468083e-01
-1.498753469162787400e-01
1.785905730935956337e-01
2.582485321220551189e-01
7.582160176974292454e-02
7.654584134463993106e-02
1.592051272207951895e-01
2.287542126790869101e-01
3.477657230180166148e-01
-2.395883529728248251e-01
-4.768317208388405115e-01
4.671409703448502482e-01
1.126198529742583054e-01
-1.693343742022568321e-03
4.198787020622434252e-01
-1.000000000000000000e+00
2.681288617805344110e-01
-6.540504045625304963e-01
3.877984308063108232e-01
4.816767130289446586e-01
-4.858381760836069096e-01
2.693436991964940352e-01
-5.369665797114919759e-01
-5.037445267230139523e-01
-1.000000000000000000e+00
-1.000000000000000000e+00
-5.370124285537835052e-01
-1.731968261479755744e-01
-2.242055453252756458e-01
-2.651966749686777702e-01
-1.089887741149158235e-01
-6.058773294904840068e-03
4.110796012813436873e-01
-9.801491304101432878e-01
-1.256465681045497440e-01
2.259566507284835324e-02
5.247105024733538237e-01
-6.308227781736619466e-01
9.886102766779558682e-02
1.705615635293454280e-01
-9.068987939369886897e-01
-1.000000000000000000e+00
-1.000000000000000000e+00
3.604441785853811364e-01
4.884790307854378066e-01
2.225751129016259600e-02
-5.809228308362406334e-01
-3.234095380625282012e-02
-2.340473587939506106e-01
-6.887649288410528925e-01
2.486294196292045955e-01
-7.377951428163526115e-01
-8.577055092168517358e-01
4.382389004886591000e-01
7.575346015554029755e-02
2.696121728151469887e-01
-5.433714107913117930e-01
1.000000000000000000e+00
5.518253986371023379e-01
-1.160296913759311099e-01
3.204078763717686518e-01
3.826683930092299457e-01
3.593162976425573474e-01
1.000000000000000000e+00
-3.469798782639486046e-01
-1.347548024870575123e-01
-8.502251020949108673e-02
-2.008773027878247852e-01
-1.000000000000000000e+00
1.420529424097333737e-01
-3.063107920821991348e-01
-9.932836613461715203e-01
-2.528929418759119918e-01
9.679302695494765296e-02
-4.867314563091973412e-03
-6.348601231631429975e-01
-3.690367873553476175e-01
-1.070107649378770898e-02
-1.570342832664566590e-01
1.546670767665536128e-01
4.469682023026766982e-01
-6.361153441173487133e-01
3.273406861513152299e-01
-1.903885661877660063e-01
9.716143197411210297e-02
-3.237856354311909879e-01
-5.739819428605818369e-02
3.666487112337933896e-01
4.129953113059481318e-01
3.237594296333455857e-01
1.000000000000000000e+00
-1.301879855574428202e-02
-2.238685927512527596e-01
7.636494110717341188e-01
7.899367474703664072e-02
6.681783237011246213e-01
-1.225280556360226619e-01
-1.850590593458292799e-01
-2.264386095444042013e-01
3.761049385421593727e-01
1.000000000000000000e+00
-1.947455927411254062e-01
8.546588639321650582e-01
-6.350523585305750673e-01
1.998494692765630243e-01
6.443968407381251984e-01
-9.914380230568024810e-02
-7.043979831718341078e-01
-2.277707890052587947e-01
-2.226821149522441590e-01
3.844541785891922858e-01
-4.370622847676239875e-01
-2.292372164767783049e-01
6.212469386351913148e-01
6.051817695663904706e-01
4.327547349074772898e-01
-4.814396587047554688e-01
3.496892190768792208e-01
-2.758374558323569148e-01
5.011613157125199836e-03
7.815161737722549351e-02
-3.056436279466019368e-01
-2.235422437108397498e-02
2.738582882945426178e-01
4.145085815021629649e-01
5.235432697573345617e-01
