3.757406608607852250e-02
-5.989738475900080461e-01
-5.178458424563929796e-01
1.582856399561742289e-01
8.049702205768825003e-01
-6.058450165819611044e-01
-3.174151539396818933e-01
3.722069809488801062e-02
3.317130674252087852e-01
-4.377578499106657417e-02
3.282901421688147470e-01
-5.223918713586592766e-01
-3.508630288314252832e-01
7.189588423850763466e-01
-5.521890822318220593e-01
1.000000000000000000e+00
-1.000000000000000000e+00
-1.000000000000000000e+00
-2.052113530643258632e-01
4.304536966042840640e-01
6.791765136908381462e-02
-1.205149054768742956e-01
1.000000000000000000e+00
6.229094103785739467e-01
-4.176136754131626883e-01
-8.705366966326534561e-02
-7.240623144093380481e-02
6.007596795607714757e-01
1.000000000000000000e+00
5.025116574223469357e-01
1.758916139251119060e-01
3.454229147478110606e-01
-2.547666950521250140e-01
-1.000000000000000000e+00
-3.450254391179521374e-01
-7.009259295968213455e-02
5.026108813459595481e-01
4.331613364604487426e-01
-4.027404823609498918e-01
3.506761639153294086e-01
4.383458428716746624e-01
2.891535471037675054e-01
-5.965591334294264581e-01
1.000000000000000000e+00
4.350825532682401908e-01
2.440022490548634515e-01
-2.803845692214108065e-01
-1.536873960742396461e-01
-1.280008677926870453e-01
-3.009158645813556077e-01
-1.231357662972268063e-01
4.232816750033284725e-01
6.048796784065788024e-02
5.538779789318032387e-01
-7.216923154930481310e-01
8.638603052637323643e-01
-7.062744535268163926e-01
7.505585435332893240e-01
-4.963088636766290196e-01
-2.446826845435499664e-01
3.352869617654489764e-01
7.205603505131780162e-02
-6.307465630130676404e-01
7.598634527813329376e-01
-1.549841990079532383e-01
1.761566946721366822e-01
7.573547647881842537e-02
5.907026761749354371e-01
6.400664811314644709e-01
-8.566507504270975959e-02
6.668205813769992885e-01
-2.075577749163520502e-01
3.885331632639218435e-01
2.999529907461885928e-03
5.828721660975022534e-01
1.000000000000000000e+00
-5.269640487198781198e-01
-3.383652125573134439e-01
-6.218140631399045049e-01
1.932430902143835172e-01
4.052018491450376514e-01
5.669487828890512615e-01
-4.362065140047833856e-01
1.529123937717207227e-01
6.330714059286806084e-01
7.077330540769904976e-01
-2.168109587013720696e-01
5.760721843409614268e-02
1.130548636321762612e-01
-5.159090203414067322e-01
-3.305041986071393101e-01
-1.882864661173677678e-02
8.750819657809709717e-01
6.574912146952220926e-01
4.947166517762231486e-01
9.075480348820016627e-03
4.047449820352272409e-02
2.378056255270744601e-01
-6.586892367711697505e-01
-3.116969361392393223e-01
-8.192541502758763361e-01
2.042393778230153223e-02
-4.118005038309450194e-01
-1.133221187935594121e-01
-3.663657422987908752e-01
-8.467528938806892502e-02
3.611628082649961380e-01
9.242352244259899319e-03
3.305041986071393101e-01
3.008776312417085763e-02
-3.896280660656161743e-01
-1.502809196771648370e-01
4.672274676130712123e-01
4.943418612149607094e-01
-2.315399917000783292e-01
6.088288669266939124e-02
1.000000000000000000e+00
7.260862968030092901e-01
4.779914941474439766e-02
2.400128886621302748e-01
-9.548091668049775438e-02
-2.391272113329594440e-01
-9.728716853655378083e-02
-3.047812999162246572e-01
3.957119524699462820e-01
-3.093735314859225038e-01
1.702005048304185419e-01
-5.084899802825048054e-01
-3.177678032914025841e-01
-1.224359909648460448e-01
2.112884039525539381e-01
1.887215252624409034e-01
-4.656484692459631480e-01
-2.867141677998251703e-01
8.856183906639464309e-02
-1.681684740931337074e-01
5.325969727466473014e-01
8.572595745762168207e-01
1.442073440904614867e-01
5.186329233741360234e-01
2.009425612419450669e-01
-4.141721181249882755e-01
2.465431587093219745e-01
-3.589921241669679075e-01
-1.000000000000000000e+00
5.473907594228968193e-02
-3.460485735385099293e-04
-8.165457800707844882e-01
-9.959612710864048646e-01
5.973530914450765339e-01
2.261119523924920438e-01
1.983856559940026798e-01
-3.367127822445135643e-01
-1.502706403632269455e-03
8.006332131250564199e-01
-2.642015198041130497e-01
-1.000000000000000000e+00
-3.350135885420930104e-01
5.353237579242843547e-02
-6.365829649568710558e-02
2.766088920395555206e-01
2.811969992306541100e-01
-2.643600288267610732e-01
8.332202101034600350e-01
-4.632560500715164897e-01
-1.000000000000000000e+00
-1.000000000000000000e+00
-6.683344036796472487e-01
6.327348539650972103e-01
-1.052351688078452530e-02
1.779212073246313197e-01
-1.272796004604668241e-01
1.668035318726398542e-01
-4.832367189906427440e-01
1.849790121166011436e-01
3.586803176823233352e-02
-1.181150859632877220e-01
1.114783642760039106e-01
1.376341742730657902e-01
-2.890779473907648112e-02
-1.000000000000000000e+00
2.809703139180195763e-01
-4.483453288194860081e-02
-2.161961401561748874e-01
-7.145146235973794113e-02
-5.485487648313985831e-02
-4.057229810985595875e-01
1.669374218752815164e-01
1.494153794787999034e-01
-3.443431946405652311e-01
-1.549652529119997443e-02
-8.235681253905244859e-01
-8.982949863371325616e-02
-6.267982987157271202e-01
-3.538221965539387059e-02
1.936246165633475069e-01
4.245920300194511166e-01
-5.518483596422356363e-02
1.013273713425181521e-01
1.000000000000000000e+00
-2.560279724530650780e-02
7.080262323578057071e-03
-1.146243118864593291e-01
4.683153907863354948e-01
1.246731687774569469e-02
5.165282374936175369e-01
4.506359504375480607e-01
-9.858575434097981149e-02
-6.738153401773094853e-01
9.156057256571324965e-01
-2.850864376925902333e-01
-3.627856224553398512e-01
1.522570728888762992e-01
8.238394557865077461e-01
1.993169096978601729e-01
-5.969260047248940992e-01
1.000000000000000000e+00
-2.393278903707526384e-01
-1.158602474516666481e-02
6.703711007261253796e-01
-3.693044445601481041e-01
4.855190195421804633e-02
9.383171084575961385e-02
5.404746821016542802e-01
3.025589140699601609e-01
-8.787966298274410004e-01
5.464946769118830261e-01
3.729210193776516524e-02
-1.613092930150105964e-01
-4.074549288155510096e-02
-1.503702954753215471e-01
-7.215657919856821589e-01
5.555757714844647976e-01
6.035882081549781564e-01
-5.564871417705866685e-01
-1.000000000000000000e+00
-1.925004857936055691e-01
-3.357386112325763117e-01
8.574778582761084789e-02
1.361690097052872805e-01
-3.159611289456316086e-01
-6.706396823486757697e-01
4.343642331732470302e-02
-4.527718366992497523e-02
1.832329149081494135e-01
-1.762704405358661019e-01
6.944980720079981795e-01
3.375085125365712146e-02
1.000000000000000000e+00
4.270589298062948957e-02
-7.109948712084137590e-01
-5.633370440747902802e-02
-3.471007188678186806e-01
-6.705061371590835817e-01
6.378481708724835775e-01
-5.372385039623555070e-01
-5.463142964588417749e-01
2.617378691431421212e-01
8.624142315149042615e-01
-1.000000000000000000e+00
-2.486291167538067781e-01
-2.853128325529264431e-01
6.447815355908526058e-01
2.176316780931856210e-01
-1.638571116049227783e-01
