-7.505005603752332721e-01
-1.000000000000000000e+00
7.342883953601910818e-01
-4.715167675706332107e-01
1.000000000000000000e+00
-4.069644552581320185e-01
-5.971144133663804920e-01
5.566364695006856267e-02
-5.001639666540360629e-01
-5.320516968687031278e-01
-4.896946657893082033e-01
-9.911647536415713056e-03
6.336459031265040398e-01
1.000000000000000000e+00
1.000000000000000000e+00
-4.098455704976570191e-01
-7.555875947273510418e-01
-1.000000000000000000e+00
-9.540811309509484861e-01
2.162428764130248093e-01
1.252263155175290243e-01
-1.738658633247603946e-01
-7.082104074577141306e-01
8.183315483144036895e-01
1.435691199201298007e-01
-7.823588994136213004e-02
-6.327077507140974610e-01
2.869688491196239477e-01
-9.111127097334437153e-01
-3.385423246385595164e-02
-2.336223068438328387e-01
-5.445330582765844918e-02
-2.964911761881470209e-01
4.625191123579928953e-02
-6.817258233530493206e-02
-3.743339405459496505e-01
1.002068903191492000e-01
1.326567415828694418e-02
4.195986354325622059e-01
-1.794508301425741248e-01
3.456496373130972799e-01
4.985822560443053941e-03
-5.609658521453175783e-01
9.417080436599001292e-01
-2.249204067524338269e-01
-2.040101428144562024e-01
-7.393130511735257482e-01
3.111257104045003774e-01
2.418071806273087293e-02
-7.296257166958082241e-01
1.641942646868672362e-01
-8.887899437505654421e-02
7.849557765138459597e-01
-2.596465957844070749e-01
-7.054769859980236646e-01
7.189026460102850846e-01
-1.362249812198882692e-01
5.685982653194692205e-01
-7.177396901224125658e-02
1.160045938879219612e-01
-4.173829292941827473e-01
-4.790633842552488586e-01
7.076558430396495680e-01
-2.050741708555561260e-01
9.566941575723224289e-02
-8.211018154216493947e-01
-3.029758354453708780e-01
-6.464493181645319941e-01
1.000000000000000000e+00
3.460476441083473742e-01
2.431495575716895730e-01
5.738964384907965233e-01
2.591627269230007413e-01
9.276710278762180240e-01
-6.547414661125100510e-01
6.948549894935563964e-01
-8.122420068239502022e-01
3.673090569938320948e-01
1.000000000000000000e+00
3.914235436723280115e-01
7.224367437970924399e-01
-3.888939205356409246e-02
-1.632457947145159460e-01
-3.187974543410804773e-01
5.546957445678997456e-02
-2.325755556326186968e-01
8.042243494819897864e-02
-3.483183650732407100e-01
-6.526172376088359983e-02
-4.993198416730016409e-01
5.867958656862830580e-01
3.720459624312797559e-02
-5.161412423941040828e-01
-3.904589759400802218e-01
-9.586280318749005325e-01
-4.542831397173044961e-01
-2.074080088619242035e-01
-5.829780596826106276e-01
-6.512675640204987904e-01
4.088104478913582307e-01
-1.392747280539069488e-01
6.030131829345666827e-02
-1.306693556567425363e-01
1.000000000000000000e+00
-2.901931695770613162e-01
-9.092220827762509394e-02
-4.459582980469296576e-01
-4.237157828868065579e-01
4.576541567485131745e-03
7.831966070031567417e-01
4.569623416608249444e-01
1.000000000000000000e+00
1.000000000000000000e+00
-4.154885318000435535e-02
8.442195060569890330e-02
-1.051865939289082369e-01
-3.849849018618329843e-01
-5.066877283759351203e-01
1.704774000262887501e-01
-1.000000000000000000e+00
3.163470333801732259e-01
3.302452006442590515e-01
-5.222458038165157523e-01
8.828635235036377815e-02
1.000000000000000000e+00
-4.038550426260716919e-01
-2.401148890125834323e-01
1.935707471013793368e-01
7.437614317503815631e-01
9.636230992815397745e-02
-1.000000000000000000e+00
-3.297709066549535661e-01
7.377794279776523911e-01
-1.211742767101715301e-01
-3.653963923743919762e-01
-3.452266793474068063e-01
4.713091634421832099e-01
-7.771360384331356119e-01
-1.914747112707333998e-01
-3.919188960290857504e-01
2.774196085421725688e-01
-1.000000000000000000e+00
-2.664826524880549163e-01
-4.558834296958882981e-01
-1.615556753189407724e-01
2.850104799432331970e-03
-1.000000000000000000e+00
4.321701293257875776e-01
-5.510756298830945532e-01
5.754639025082169956e-02
8.815959564331526943e-02
3.119124918925354484e-01
-5.201133668235827789e-01
-4.724740056037515235e-01
3.895734406523237298e-02
5.639527543008565624e-02
6.131236239587311010e-01
-4.501921331011597416e-01
-1.654590320239567591e-01
4.191425993656234805e-01
2.378250043278996861e-03
-2.228361579749243981e-01
3.560427161262922358e-01
9.650444531664061909e-01
-1.025460584215016346e-01
-1.307116640500091964e-01
5.343187551291462833e-01
9.496679012901590444e-02
2.514219102271498252e-01
3.365763066852359153e-01
-9.953543910064049927e-02
3.442495772293168721e-01
4.651677918717096460e-01
2.061702897171760196e-01
2.590978524362699820e-01
2.740913285552811218e-01
-9.796660471769931267e-01
6.456808026092901720e-01
1.120703344476024071e-02
-3.476971356926226719e-01
-1.279963360486517654e-01
-8.713481303139885004e-01
5.863381356524319798e-01
-5.891055620173304974e-02
5.069015445462710101e-01
-1.190702691106988315e-01
8.121152022995394848e-01
-3.635841560955343499e-01
7.912688547374611137e-01
-2.160301665257425840e-01
9.343019175269315912e-01
-2.650343852843692893e-01
2.333375703519564026e-01
1.145869207467884454e-01
-1.000000000000000000e+00
5.879153151739829886e-01
-7.959722607484631673e-01
-2.942279751899316564e-01
1.087243244080595139e-01
6.242223719279444971e-01
-2.678259285945980284e-01
9.278740876320551445e-02
1.273809728871103664e-01
4.157649065832527691e-02
7.976266717849525012e-01
-3.669017216873101672e-01
-3.182235678582849836e-01
-4.621966531977586001e-01
6.574764963678930707e-02
5.092032926099726575e-01
-6.178760745869587012e-01
-4.488713963556230091e-01
1.000000000000000000e+00
6.917483674711415453e-01
7.404818732697917572e-01
-7.109864421734963802e-01
-7.769869653266476828e-01
1.000000000000000000e+00
-6.031691385392673466e-02
-4.907297700918783478e-01
-1.000000000000000000e+00
-4.103506771777687412e-01
1.000000000000000000e+00
3.849085778088371934e-01
4.776584316450651624e-01
-6.669213468108665943e-02
-4.976040220369538081e-01
4.557723234184052341e-01
3.285406892804533796e-01
2.490985357056013927e-01
3.061547781563925819e-01
-7.355294310648832212e-01
1.254918322732457847e-01
2.789090912319759363e-01
-9.921468463687867223e-02
4.913641383970071552e-02
6.257211172490937390e-01
-2.058709541250912933e-01
-4.390822180147154752e-01
1.000000000000000000e+00
-5.523009546478507836e-01
8.657601132923631315e-01
-3.416634141331238994e-01
-1.908101470706771441e-01
-8.137689477921298264e-01
-2.430756731131537007e-01
-3.115104634770821113e-01
-1.456766329780602165e-01
6.045775384198847080e-01
3.745278108229254110e-01
-7.354343286947051528e-01
-7.820197145778408077e-01
-2.239222037699874213e-01
-4.939216254551849206e-01
4.018805198768623521e-01
-5.190239842787827129e-01
-5.662594516469452444e-01
-2.809886244457003857e-01
-1.000000000000000000e+00
7.597868158828484375e-02
1.751382477881051614e-01
-7.137016660244077659e-01
1.994388307646506875e-01
8.508217331779310832e-03
4.105226095763132577e-01
