-2.694366528110761494e-02
2.557757986702663411e-02
1.795788585367973922e-01
-4.255602645638010273e-01
-6.754890495021489971e-02
-6.434236785470308639e-01
6.871137665343322043e-01
-3.372549299804470380e-01
-7.977737299017267913e-02
-2.586195978133301043e-01
-1.000000000000000000e+00
-2.087631196791886190e-01
8.967527970575441820e-01
-2.377217932869703509e-01
6.986136331783667774e-01
3.282124628838742897e-01
2.554152512424168187e-01
-1.000000000000000000e+00
-4.420862357472115645e-01
-8.334551584750204967e-02
8.689192812394540555e-01
1.580786624211933944e-01
3.407327440447588396e-01
-6.539041671292715741e-01
-9.331076694358970691e-01
-7.543386290682185802e-01
7.262252912449709275e-01
3.767403331263007860e-01
-4.124313790549117842e-01
-4.568801860593331710e-01
5.670094468242599106e-01
-1.839609812462747740e-01
-4.689397136448983372e-01
-3.067091635577893771e-01
-2.715223224788529399e-01
3.232167916482948100e-01
-7.059604427669186055e-01
1.085844541642629058e-01
1.454803368818938236e-01
4.908927429282670118e-01
4.402082642052062011e-01
-1.276034761966090003e-01
2.009556602108593659e-01
-1.929167305783793251e-01
1.092259669582228421e-01
2.715232659528032944e-02
-1.512812636141685207e-01
-6.866701746563130815e-01
-1.584972883468663274e-02
-6.092203734669576765e-02
-1.000000000000000000e+00
-3.766850258627094661e-01
-7.592848496619413190e-01
1.000000000000000000e+00
6.627901458025825532e-02
4.664559797612111702e-01
-1.000000000000000000e+00
2.572714897554478908e-01
-3.241396696897361762e-01
-2.581717368437623783e-01
-4.317492740804510509e-01
-4.000036171584020472e-02
-1.000000000000000000e+00
3.855565955295862102e-01
2.590201290816451785e-01
-3.987598321913869426e-01
4.947258561827827528e-01
-5.247874020250954674e-02
-6.003571650628271028e-01
1.259089580162583433e-01
-1.000000000000000000e+00
-2.490559379983563193e-01
-3.283358531481382347e-01
2.803309042830050626e-02
-1.872966530779474059e-02
1.000000000000000000e+00
4.552436408424520020e-01
-4.533592068072991310e-01
-2.392911742422588195e-01
-7.909001483352706696e-02
5.374132077216584591e-01
1.000000000000000000e+00
-5.106987900175650186e-01
-2.921170700297811562e-01
4.522986241802600671e-01
-1.086625062277990494e-01
7.973856130701523215e-01
-2.867455233176314788e-01
4.860443678922849592e-02
1.732690338221828941e-01
-8.443855446659258301e-02
-1.000000000000000000e+00
4.494348793524732127e-02
-2.325887486074543209e-01
-3.349779949316944450e-01
-3.002245189685720517e-01
-1.387540608514791773e-01
1.522731690741735422e-01
-1.986191946267195640e-01
-2.667448403698448045e-01
8.528607981587075226e-01
1.148402923312506485e-01
-6.834611569620474558e-02
8.685141041189672340e-01
7.285881934538359639e-01
-9.103996559923746568e-02
-6.008251974786156246e-01
-4.009076948366920856e-01
4.986557809273264863e-02
3.767056173513828599e-01
1.000000000000000000e+00
1.938149223149095990e-01
-7.487748339773026007e-02
6.787583060989854644e-02
3.983145354992837506e-01
-3.201018237179565351e-01
1.000000000000000000e+00
8.870654893291499143e-02
1.404884236171706768e-01
-1.996106480507070235e-01
6.639132012972334129e-01
-9.777771807769534973e-02
3.004072689191100154e-01
1.898341249551666610e-01
-1.299751319452596698e-01
-4.281288179623634477e-02
9.801755202114464938e-02
-1.000000000000000000e+00
-7.845846130198215196e-01
4.532111134549773324e-01
-1.826230924746010675e-01
2.337440807567227607e-01
-1.141990136035099523e-01
3.725059108063416002e-01
-1.359397903072124825e-01
1.812506858814467714e-01
7.980176147090376482e-01
-2.543517314732643420e-01
1.583727107659148592e-01
1.118851493330773744e-01
2.738523508968756515e-01
-3.636963084502815025e-01
-4.324836976491674978e-02
-3.001692394035543887e-01
-3.570565785874845188e-01
7.439713476603296294e-02
6.818050626135384595e-01
1.000000000000000000e+00
-2.724675730579060873e-01
-3.823899518752916227e-01
-2.430560303222986385e-01
3.054879875895799568e-01
-7.120530940742137993e-01
-7.530237256681460156e-02
-6.583843888039808689e-02
-1.000000000000000000e+00
2.447755286751785442e-01
-3.622438309950340996e-01
-1.000000000000000000e+00
5.768753157433882395e-01
-2.883951100716448668e-01
-7.127119052037644842e-01
2.472927053644790873e-01
-4.058249414704724334e-01
1.000000000000000000e+00
4.055649183661236279e-02
5.115770974488789702e-02
-1.000000000000000000e+00
-4.288685378985839791e-01
-7.128273656608279385e-01
1.477186848761801452e-01
3.022119330319572028e-01
3.519316504237738341e-01
-2.933234180555248649e-01
-4.228542700572512913e-02
-5.664404214726452835e-01
1.713334420729901997e-01
-4.835149750009531400e-01
7.649468070052778401e-01
-2.986232433019009314e-01
-1.411420975548655088e-01
-1.553424920679218058e-01
-4.585016656508469346e-01
2.627494811645543771e-01
6.812840760729921286e-02
1.246296254421749850e-01
4.823171028480759126e-02
-7.196137715255821465e-01
6.473191869079724103e-01
5.777533153275880018e-01
1.969214256219988801e-01
6.381096194435320612e-01
1.914362758830134015e-01
-1.665449049971021722e-01
5.158997818548614056e-01
2.389129992339232011e-01
2.612081517727732338e-01
-6.253704361516271293e-02
-1.000000000000000000e+00
5.130887656735806379e-01
-2.455337418532109184e-01
-3.539181774669521441e-01
-1.219811529141893169e-01
-3.313027017986186484e-02
1.515193369900452169e-01
6.142391955141344173e-01
6.287128315032836090e-03
9.466722746676878852e-01
-1.696844268981959614e-01
3.991928049028379277e-01
-1.114021271803118801e-01
2.685469186470830494e-02
-4.986280738721666217e-01
2.390195142364540948e-01
1.000000000000000000e+00
-4.940513015483135040e-01
-4.513639392570486519e-01
-5.167668076787639009e-02
4.299983175044715389e-01
1.496512240164400431e-01
3.392089430421353358e-01
7.908490099518912242e-01
-1.340963832609385065e-01
6.331079829034279571e-01
-6.532693967457670059e-01
3.758719262310944997e-01
6.129602090867075637e-01
-2.593350889705264839e-01
7.133697718934126630e-01
2.608613289551084957e-01
6.421013170980307549e-01
-8.805750226518715973e-01
8.869315118125873365e-01
6.432972322396276477e-01
4.928345416865835826e-01
-8.697260511218747325e-01
-2.512669441268133297e-01
1.912197137734048535e-01
-2.580188723733922718e-02
-7.910694747330009324e-01
1.000000000000000000e+00
1.170678266297668912e-01
-2.197512837434600075e-01
-5.162747017332343091e-01
3.300014237538197448e-01
-1.488372636782263891e-01
-4.467245895297670133e-01
3.146792662728914447e-01
-1.944230622560423893e-01
7.707378966694981015e-01
-1.999760649094659282e-01
-4.657647361081832527e-01
-3.830635395211867689e-01
-2.955757895964103432e-01
3.779224083476593332e-01
-4.433831389361962971e-01
9.276794351144093120e-01
-4.967587879620440350e-01
-1.269977192190648030e-01
-2.718381033557587534e-01
-4.102811291495405688e-01
-1.621735151765468230e-01
3.304234400622897971e-01
-5.516004464490525949e-01
2.466094473146612231e-01
