-1.036249251210011324e-02
-7.420169560726672664e-01
-1.000000000000000000e+00
-4.125990233919422101e-01
-1.102247967562583059e-01
-2.536187145368556384e-01
-1.451923035074396684e-01
-8.444141362926467220e-01
6.543242541390207334e-01
1.315967711910824012e-01
5.583300831610490400e-01
7.382830868855976281e-01
1.000000000000000000e+00
3.434578742602526491e-01
1.397743559828947268e-01
8.491241444423164308e-01
8.522791990556624619e-02
-4.087986072789036029e-01
-2.438346892294112889e-01
-4.468320240125572829e-01
5.674010214170599475e-01
-8.378613678407907939e-01
5.021624678829906818e-01
1.681501160740370981e-01
-6.484075653038919862e-01
4.800323662479836218e-01
8.500405296247610654e-01
-1.000000000000000000e+00
5.817676382972190030e-01
-2.672460174502749863e-01
1.429294157817764810e-02
-1.163908699655523127e-01
3.958715235161742729e-01
-1.686104619701749574e-01
-6.612405674417243251e-02
-2.898256485516248482e-01
1.462914722993096939e-01
3.346576633076185914e-01
2.384334777006630324e-01
-1.233841404458867475e-01
1.000000000000000000e+00
2.503055578694363126e-01
-7.043087200808370585e-02
-5.939689317069760666e-01
-3.162049126166612822e-01
1.533709163077667803e-01
-2.127838418985016355e-01
-7.946107888839017974e-01
-1.540656531834103116e-02
2.869810851994634149e-01
-4.993066680523127188e-01
-1.241532644237950539e-02
4.140686890836315498e-02
-6.731297398331291815e-01
3.301755492411044823e-01
-2.794413604636943882e-01
1.926189280624201194e-01
1.907545673829864064e-01
-1.607581937234673908e-01
7.630502840217967542e-02
-5.356394067021512662e-01
5.892271289507855503e-01
-6.385812035608626758e-01
7.042264466173241422e-01
-8.512726866245411417e-01
1.430243043571092498e-01
-5.129017553382043682e-01
-8.769737426092245602e-01
8.244205214615504818e-02
-5.779057878350404298e-01
1.433736583061937520e-01
6.801995550117301281e-01
8.736118638403327363e-01
1.000000000000000000e+00
6.006544917296388619e-02
-6.045363943205256385e-01
6.104259387928596681e-01
3.018794298009220278e-01
1.000000000000000000e+00
5.309859179966980314e-02
-2.272619061656746264e-01
-4.871871762941938355e-01
1.555382637792557532e-01
-3.845458679904263377e-01
6.461935031497787474e-01
-1.000000000000000000e+00
2.411343508117756995e-01
5.310567118815461285e-01
-5.900223386324923158e-01
1.908593627480489607e-01
4.192601643569757869e-02
-2.672767769851955300e-02
1.000000000000000000e+00
-1.151263684174054780e-01
-2.016548070849548402e-01
-6.196439817415183571e-01
5.259326724772697692e-02
-1.562836724683189238e-01
5.732365744033161847e-02
-2.028716881765079139e-01
6.843441153867411975e-02
-5.929339251649428100e-01
3.699886612388107732e-02
-3.840744003806694229e-01
-4.577773530968530513e-02
-2.775372171532036747e-01
-3.008734562678502256e-01
1.787305647911486828e-01
-1.222208407879806502e-01
8.424017066933520148e-01
-1.000000000000000000e+00
-3.593517200520380261e-01
-2.089297424154857863e-01
1.000000000000000000e+00
-8.872161293137263982e-01
-2.644891042313241014e-02
1.196941718616740535e-01
-3.049444684984401466e-01
-7.093624802674780572e-01
1.468536992873660518e-01
9.238298679928304002e-01
-1.000000000000000000e+00
1.573362857900645895e-01
-3.453268978576520265e-01
5.232894857921283061e-01
3.950030632236003481e-01
-4.496918423153998257e-01
-7.409710998312959984e-02
6.132631011640050644e-01
-4.435429904740953444e-01
-2.684329075545856536e-01
2.276119999970976082e-01
1.909608021180048687e-01
-8.116690516569156078e-01
-1.138686507608347165e-01
1.000000000000000000e+00
1.331512792955732993e-01
3.036883349531129817e-01
-1.000000000000000000e+00
2.722313951156096756e-02
-6.971208534241359889e-01
2.943279214732447691e-01
1.332669582754921478e-01
1.125209561686562124e-02
3.231505862778469851e-01
-1.449119772368898940e-01
4.690540043548215854e-01
-3.421079771629551569e-01
-3.585263893003468039e-02
2.215919024644174007e-01
2.924164881806025074e-01
1.241967994918451723e-01
-4.514760603708471987e-01
-7.425080447124812189e-01
1.203296411740248095e-01
2.220641619091752728e-01
7.108351631861153930e-01
-9.985360732048056409e-01
4.269152328497322069e-02
2.400895382709917758e-01
2.804938464357609185e-01
6.693966115230552960e-01
7.685591500286050870e-01
5.298822676619170391e-01
-8.716251221923340675e-02
-1.054565251755222866e-01
-1.212958570168303080e-01
4.437142523565223429e-01
9.765485674309741793e-01
9.054335745985202522e-01
-5.639042661317142935e-01
5.329270241102853634e-01
3.922811896341953930e-01
5.475805154359241200e-01
-2.678833549101958811e-01
4.870207114083530131e-02
-1.000000000000000000e+00
1.822879344708730476e-01
-8.714434619219883771e-02
-1.000000000000000000e+00
-3.677765583001800231e-01
-5.260402981824368052e-01
8.640250667666824480e-01
-4.049940711514476988e-01
-9.374180118707146903e-02
-2.675620363660212164e-01
-9.781786128887029474e-02
2.605660101993043654e-01
2.190449137254079637e-01
-4.616768419126462963e-02
4.714817589019715260e-01
-3.304577485854004459e-02
-4.323166526780126695e-01
-7.878515452136483077e-01
-2.485756533737828664e-02
4.371797345957909031e-02
-5.632660615305938867e-01
1.729102052830238656e-01
-1.704245331179737588e-01
4.543571801191764736e-01
6.636647876461481133e-01
-3.336631583366159726e-01
3.307604778653945865e-01
1.000000000000000000e+00
6.050419620541578336e-01
-1.279831095657080198e-01
5.571450925761892714e-01
-6.186239881423877263e-01
-4.435167593894203120e-01
-3.365207432511058139e-01
-2.370395823545049518e-01
-8.231942357501302876e-01
6.342379291680690923e-01
4.560111568893283618e-01
-1.580204164634868014e-01
2.548845069343123049e-01
-2.781000402368947744e-01
-1.669886070009936330e-01
5.158609152904424233e-01
8.634092174728107416e-01
3.648865545032607960e-01
1.563034108168099845e-01
4.535190209215634871e-01
-4.547782787660150650e-01
-4.156745817405629873e-01
-7.007097140087072962e-01
7.427627421887139647e-01
4.208500311239329883e-01
9.109756339745908593e-02
-8.603049218967886436e-01
-3.906550007749708397e-01
-7.464263977373356562e-01
1.182512929157744641e-02
-1.000000000000000000e+00
1.000000000000000000e+00
4.350956372847301079e-01
8.056205614950716631e-01
1.713223072781685508e-01
5.184171598994443686e-01
-4.178958505541083973e-02
-7.399142157919529339e-01
-4.976996907714631990e-01
-7.144918647188726046e-01
1.846994106043288175e-01
1.000000000000000000e+00
-8.881508413359214815e-01
-3.853909502469876069e-01
-2.051767829875063565e-01
-4.602909385205165016e-01
-1.869450643183075134e-01
4.529886048661335707e-01
-4.690316323087517780e-01
-2.660773207946011687e-01
1.647111342349144858e-01
4.783002354827323166e-01
-7.717857245063237948e-02
3.822826539591187567e-01
1.000000000000000000e+00
4.547931318337650186e-01
1.756546297561223380e-03
-5.433483080617590444e-01
4.861008226794084064e-01
1.604943985443913479e-01
6.253719016344703174e-01
5.150922022140935752e-02
