-6.430638978462015487e-01
7.285472677772789063e-02
7.728053008030539850e-01
4.849972547439069248e-01
-3.649050939441858543e-01
9.927852739848529451e-01
1.009163401108227054e-01
8.502553986481087289e-02
4.979844700485312470e-01
-7.620960037564883383e-02
-3.378656843688584432e-01
-3.970423636263141765e-01
-2.125624387971728479e-01
1.000000000000000000e+00
-3.408100492151444616e-02
5.039198552170426337e-01
-5.149281494157375016e-01
5.396244488579790000e-01
4.063735601909552742e-01
-2.891947617749273669e-01
-2.083248443955097451e-01
-1.921280707883304684e-01
2.350722519719840586e-01
-5.505665115825646438e-01
5.957636839412285695e-02
-1.551908885724039011e-02
1.000000000000000000e+00
-4.911101039251135059e-01
-3.628797193858535608e-01
-4.787039498949446914e-01
-2.333605413787592786e-01
-3.575146071152329186e-01
-1.709086095952514484e-01
-6.565293539891169095e-02
-1.310949374292150194e-01
4.142728311267879215e-01
-6.404492335352529597e-02
4.237495723393477354e-01
-3.875573711190182236e-01
1.717299977872977501e-01
-9.945647680878905161e-01
7.271349777278323101e-01
5.826505308919985998e-02
5.188999029495606763e-01
8.079071895565133055e-01
-1.000000000000000000e+00
-4.096261094598289132e-01
4.858497829285582936e-01
1.266669488123752518e-01
-2.385537373070731326e-02
-3.427481439857341661e-01
5.639277560348299190e-02
2.718180048835580065e-01
-2.682416248146891058e-01
4.639458877316861574e-01
3.854045466402178377e-01
9.686568535084483234e-01
3.422914422939821177e-01
4.508359999145988284e-01
-1.000000000000000000e+00
2.610600718035386292e-01
-4.115846775421432291e-01
-2.127487007921557705e-01
6.239268437513083576e-01
1.942860521470920476e-01
1.370757176247661691e-01
-5.843742503348929584e-02
3.316617792549378385e-01
-1.741289798974289538e-01
3.578429819958538483e-01
-2.466368452787604526e-01
-2.850486299797322931e-01
2.488603366821701690e-01
-9.486452734101444295e-02
1.980412772697513063e-02
-7.849051473616304175e-01
-3.200033845886513517e-01
-2.369677977340446939e-01
-8.255830942563929797e-01
-4.636615004186389610e-01
3.436686504628080896e-02
-1.279275159949307683e-01
-2.756602588395748454e-01
-1.404160021816192594e-01
2.006459142069563772e-01
2.446497088257011954e-01
3.943019800675955089e-03
2.642523282704084542e-01
1.772185806204778502e-01
4.217315581795760271e-01
7.671420359111924547e-02
4.012443544405452922e-01
-1.405781949539759712e-01
6.543670564831878533e-02
-1.000000000000000000e+00
-7.237309598483442352e-01
-5.654671626831972997e-01
7.816708974181144076e-02
8.037895876733446299e-01
1.000000000000000000e+00
2.020876568075995472e-01
8.788186826322412493e-02
-7.786694789682765405e-01
4.014772328921480948e-01
1.999182806840894555e-01
7.276884879031133568e-01
3.044441797072165445e-01
-1.066854859326588634e-01
4.137292129151544096e-01
8.086603888656598293e-01
7.168802867934609413e-01
-3.268133280840493926e-01
-1.000000000000000000e+00
1.474226124552846517e-01
9.275057332475397653e-03
6.216562077200875613e-01
-1.000000000000000000e+00
-1.893604389316551895e-01
-8.048594557656113535e-02
-8.875017639827535720e-02
5.082763985839122700e-01
8.011521062984128250e-02
6.434878094530134263e-01
5.967989716919992471e-01
5.603804889802176392e-01
1.866681172997470273e-01
3.331234052783731414e-01
6.306796614611537288e-02
-4.350162976235406598e-01
6.356007371199506872e-01
2.987972018318281742e-01
1.000000000000000000e+00
2.447733484348331434e-01
-6.664169394388244072e-01
-1.981228931135163851e-01
-1.962767443223664143e-01
3.636860155522855242e-01
8.004769903329753133e-02
1.000000000000000000e+00
9.291927888549357251e-01
5.718173634754279977e-01
2.808284032601883196e-01
-5.829547622757217384e-01
3.757403457214161802e-01
-5.508085676304499412e-01
-1.453107149765989203e-01
-2.753800080579382747e-02
-7.624297053065175467e-01
-1.240000128498899012e-01
2.134127924470564930e-01
-8.140991026689035071e-01
-1.318512298436954056e-01
1.172408427249766738e-01
-5.878517329106083267e-01
-3.403174204637568478e-01
3.748766227033859533e-01
-1.289784881631583779e-01
-1.752378755369783936e-01
4.973001850469103147e-01
8.667264181814964275e-01
5.821776741951474599e-02
-4.038919293866988225e-01
1.000000000000000000e+00
-6.276890876407952291e-01
-7.595829747193311166e-01
5.682163877153735276e-01
4.465193322314702229e-01
-5.587337018584548343e-03
4.357116490056243685e-01
5.501504273073078988e-01
3.210266780848645141e-01
-6.705065098998476414e-02
1.586757522939619969e-01
3.488204687141766014e-01
-3.350256387215216902e-01
-6.211912225204250237e-01
1.977487634917389769e-01
-1.000000000000000000e+00
9.867860946176243431e-02
6.699621960212880367e-01
-2.673377701755092484e-01
-1.165765271549401988e-01
3.437852053617792003e-01
-5.051208011861805236e-01
2.223429748497041114e-01
2.135741944640345835e-02
2.634710686845721517e-01
-6.706898379303785074e-01
-4.489059438559399040e-01
-7.712780653087221161e-01
4.469894727502556064e-02
2.905660832488737300e-01
1.399443699769983840e-02
8.411353633591560630e-01
4.468084523609164305e-01
-5.306887705967724411e-01
4.698783193743208964e-01
-1.932626261432782988e-01
1.139635358097422363e-01
3.144838945696677435e-01
-2.010246019694685304e-01
2.861890821667772422e-01
-5.588275514842133695e-01
-7.973350133509233828e-01
-1.933959330386296194e-01
-5.858035796855509680e-03
1.852065651679327407e-01
-1.992562606130416913e-01
-7.561181131007506107e-01
3.444454185077799324e-01
-6.914065152175437323e-02
3.989794416527304710e-01
-1.000000000000000000e+00
-2.244021808750357727e-01
2.655000467116741536e-01
1.000000000000000000e+00
1.992165534427582374e-01
1.267500490988394610e-02
-3.721744127255526835e-01
4.742884554990153267e-01
1.969182110681829689e-01
-3.107138147780210691e-01
-1.347022399085985589e-01
5.075000429656617573e-01
9.710752330323118020e-01
-8.539666144554813876e-01
-3.161709830978932101e-01
-4.644174827782484583e-01
-3.366825343391878222e-01
2.293881298386079293e-01
-8.675763741287691178e-02
-8.787602458832977081e-01
-6.096254761014766044e-02
5.816966691383419485e-01
2.109191418629050019e-01
-1.632995892330776633e-01
-8.097586378165865240e-01
1.000000000000000000e+00
6.245270249226468895e-01
2.293356470449359197e-01
-2.468284216843216194e-01
1.031637847421925380e-01
-3.311842026496288061e-02
7.075587139088662658e-01
2.207097743373899745e-01
-5.593157196481706173e-01
2.240593271125826402e-01
2.473032560172968020e-01
-7.689940786682385176e-02
4.381023265355816765e-01
5.343885664383161149e-01
-6.220139306880835273e-01
-1.472782374267773697e-01
1.000000000000000000e+00
7.940137007397619628e-01
3.293737222759784977e-01
-6.251572698225655866e-01
1.000000000000000000e+00
6.180591461122275643e-02
6.910067070621518648e-02
-3.603413092857720157e-01
1.000000000000000000e+00
2.104767093215817453e-01
2.043748530193926771e-01
8.202156800392461644e-01
