2.344578306141219537e-01
4.267547664730244605e-01
4.599972397472208985e-01
3.541593562391545658e-01
-1.850870218978176163e-01
4.646642268996917235e-02
3.294204087178522755e-01
3.619903714959836205e-01
-1.159804177100369482e-01
9.366934166065221667e-01
6.589670963254155023e-01
5.035463151928403214e-01
-9.694178714040317668e-03
-3.493222017508603172e-01
-8.559987338850890692e-01
-2.125864147138848970e-01
-3.011861025601435538e-01
7.777653417719955220e-01
-4.494147091577098685e-01
7.406125585541734058e-01
2.488341071429746587e-01
-1.631841435386210404e-01
1.353319543939394132e-01
1.082470524110154958e-01
7.533687219158570203e-01
1.000000000000000000e+00
5.698708380116620509e-01
3.448175659235496182e-01
-4.987342939684556997e-01
-8.389265984410760879e-01
-2.390416775795320969e-01
9.792372754790668044e-03
1.011840225679902644e-01
-4.780362314321998651e-01
2.017940920476753164e-01
-5.058416020202446406e-01
-3.388909210991830068e-01
5.992176410225347194e-01
8.481274721795699634e-01
8.505655737005001216e-01
2.826666901925498632e-01
-3.402920125979688182e-01
-4.610080193091212891e-02
5.442156186659166117e-01
1.263328182328448679e-01
-9.385168121155482712e-01
1.438434146142795744e-01
-4.737488690272758651e-01
-3.776924977872525568e-02
2.424589408442788807e-01
6.183424424265946406e-01
-8.606350374424726057e-01
1.535492180662263451e-01
3.618957423979368704e-02
-1.000000000000000000e+00
-3.617573285980505982e-01
-1.123357602141501904e-01
3.057971334879399095e-01
5.668801483262181362e-01
4.974827626141694603e-01
-7.869424221019476473e-01
-5.796469277358247130e-01
4.885241504462728424e-01
-1.482306046392785903e-01
-1.731494679588019281e-01
-7.692784668289317368e-03
-4.022802913233022304e-01
5.178660320455089061e-02
-3.630927781291852785e-01
-3.332227776412604037e-01
-2.994135595873216316e-01
-7.963069595690594471e-02
1.441033345511015806e-01
3.579045547948664918e-01
7.869999710267576720e-01
-1.211973053082325696e-01
-5.370716843576686106e-01
5.367274922515884450e-01
6.324364032805768199e-02
-2.731362907116704486e-01
-9.619006485234038450e-01
6.528724772203642335e-02
1.123526180618288350e-01
6.360340592688316086e-01
5.480172004560212029e-01
2.125884580361993292e-01
3.917003430623345328e-01
-2.794468873901310713e-01
-5.349445679899472034e-02
2.592241861446123452e-01
-2.513489904113423434e-01
1.918292081257171877e-01
-1.652473759613943549e-01
2.724102504769598809e-01
-2.470647136508596353e-01
-3.230859048470669515e-01
3.540360365282942401e-01
1.503332032750384628e-01
-5.773423682032403637e-01
8.199081760329044455e-01
-3.827869458986858375e-01
3.200013189574139050e-01
-1.623261884335222907e-02
-1.000000000000000000e+00
-3.191207344572265514e-01
2.169089137464565442e-01
-4.507324761556479320e-01
-9.557734352948614731e-01
7.005436760661849505e-01
1.000000000000000000e+00
-4.839293158913516857e-01
-3.723450034313984247e-01
4.734898308181116622e-02
-4.645291782036523043e-01
-6.873336127500943860e-02
-1.214790523172936121e-01
-2.775750824370240566e-02
3.579754683994534892e-01
2.112556658762164696e-01
1.235569006806076925e-01
-5.009472406636718000e-01
-4.092091703244770118e-01
4.913692345829363539e-01
-2.055881953730147038e-01
1.172059197487767060e-02
3.435513423128975785e-01
2.082171328254285303e-01
-1.159697781386292009e-01
-5.241316765474162143e-01
-7.855407745017060905e-02
-2.668873625226111379e-01
-1.000000000000000000e+00
-2.159220374883549232e-01
6.890175130136297899e-01
4.688497129946724851e-01
-3.165568311388047285e-01
-6.919875743419270364e-01
1.379589293610673784e-01
-3.581572117699131086e-01
-6.882259942779624939e-01
8.357638866554482904e-02
4.589606562748371754e-01
-1.054681624871409151e-01
-2.706877855502947683e-01
1.000000000000000000e+00
4.639663773723626816e-01
-5.086035956777792411e-01
-2.296346504591164905e-01
3.864318894012973571e-01
-1.000000000000000000e+00
-6.050521453580178788e-01
4.522002678633857964e-01
-1.000000000000000000e+00
3.573540594549435290e-01
5.918134750834922464e-01
-3.344440471042459118e-01
1.318687253542297211e-02
1.000000000000000000e+00
-3.590350380166434374e-01
5.188129766818438959e-01
1.000000000000000000e+00
-7.299571690938686519e-01
4.057437670776506411e-01
3.965542034785612957e-01
-8.378041716481965384e-01
2.736567008257562716e-01
-3.898231800477126585e-01
3.896997228242333744e-01
-1.886835971347297081e-01
3.533969853677542128e-01
8.313277343332498015e-01
-9.300425178277500482e-01
-7.225159651801742466e-01
-1.162810123508501436e-01
-1.925899252297371134e-01
-3.436847384513870562e-02
-8.454445649633114679e-02
-4.524090938107103721e-01
-5.207016760604608052e-01
4.167813205605139792e-01
-1.295684739777844818e-01
-2.607120842423760188e-01
-4.772559944191100967e-01
-4.358528736569851625e-01
-4.286708096901469256e-01
-2.946963301113260103e-01
3.197920580281564673e-01
1.651196282350406441e-01
-5.924829447322688125e-02
9.134534160464481412e-01
-8.734291964780709350e-01
-1.562265020418161232e-01
-1.576069985832283527e-01
1.000000000000000000e+00
-8.813478369802382750e-02
4.575544666291719853e-01
-2.211471048642573156e-01
2.723223686763909246e-01
-8.098055182852841316e-01
5.959442730352683126e-01
1.404320083872321323e-01
-7.093274396091902023e-01
-3.527086942433045325e-01
-3.433719832314561238e-01
1.249591584886416695e-01
1.000000000000000000e+00
6.135123154316765581e-02
4.401990118345009417e-01
7.416131107938220279e-02
3.248398009099980055e-02
-1.628129079895138664e-01
-7.053532623932043943e-01
2.294505853467943002e-01
5.081569204332208045e-01
6.224795825915852010e-01
-8.281082733744840607e-02
5.531740595012183404e-01
1.000000000000000000e+00
1.704274542244552382e-01
-1.134149631087868620e-01
-4.316835582032967911e-01
-8.938050658622856415e-02
-3.726549225525654374e-01
-1.539256467683288443e-01
-2.608488444553411778e-01
-2.773929068879937287e-01
-3.548839522098907739e-01
8.537050313731866513e-01
4.509550983570961291e-01
-1.208254622894117669e-01
-2.019293450189659223e-01
2.390220150019213841e-01
-8.391386306601508749e-02
3.230004510122832517e-01
4.653219957012807440e-01
-7.129031534605023701e-01
4.133901312186207821e-01
-2.893887739799253511e-01
3.818912565285047522e-01
-3.153313109770726763e-01
-3.512108943254960702e-01
2.202749251935686714e-01
-9.190519181552787575e-01
1.725914704542451938e-01
-4.674829015734556781e-01
-2.364536617502286941e-01
1.078554212186369210e-01
-4.389048497740178911e-01
5.801820383886779897e-01
7.887914125836410495e-01
5.736839425228917877e-01
4.366096882584318273e-01
2.397207866280393063e-03
3.718138815498378547e-01
2.821518477787435253e-01
-5.759332456431728309e-01
-8.580479844490238595e-01
7.039420247616404724e-01
6.347216216276876932e-02
-1.358763076363954103e-01
-1.519988614873442889e-01
-1.000000000000000000e+00
1.764122042369685728e-01
-4.153268925631697917e-01
7.182838763422549899e-01
