-1.881192978913346636e-01
-5.172356846136608732e-01
-1.000000000000000000e+00
-1.636712113299585714e-01
1.000000000000000000e+00
5.171379784487878384e-02
1.342314265937655793e-01
6.487599281129539097e-01
1.000000000000000000e+00
-5.007966470242882773e-01
9.284521031469732122e-02
-7.453858508320393428e-02
-1.280823594674847521e-01
-1.066341003119976316e-01
3.621139134214843569e-01
4.709426449315213814e-01
-1.038558694069757621e-01
-3.436488591933717363e-01
-3.013309494068072691e-01
-6.199785708582280508e-01
2.299052910189988419e-01
-6.922604570579742045e-02
-3.231889427709164764e-01
4.798210611415070770e-01
-1.000000000000000000e+00
1.829405070401043942e-01
-5.492002388945271818e-01
-4.586059586625908513e-01
-4.344323750351716806e-01
-4.049826326496827056e-01
-3.410351265648366437e-01
-7.751872216358843826e-01
-4.214661653038845324e-01
1.566914229596818031e-01
7.730249239464030975e-01
-2.555557002466760652e-01
-1.000000000000000000e+00
-6.165091001655986780e-02
-3.472387242323405343e-01
-7.424742571426466986e-01
-4.462710847500840627e-02
6.842243147468556330e-01
-5.103301819600108979e-02
3.071205530035965303e-01
4.660053325300324567e-01
3.112212152076841987e-01
-1.531401664664130413e-01
4.605967195890134924e-01
-1.700388625782975893e-01
-1.601276679174863382e-01
-8.275137886486756411e-01
-1.000000000000000000e+00
5.159172125264954722e-01
-1.569391933334370604e-01
-6.055727510364132815e-01
-3.968812070449407869e-01
-9.387659814645912260e-01
1.137546327600473667e-01
1.879448646293974956e-01
4.260022523256262739e-01
9.317045258531811425e-02
-4.690522414550029606e-01
-1.000000000000000000e+00
-1.000000000000000000e+00
1.000000000000000000e+00
-9.423442633819677505e-01
6.769250420172647775e-01
1.567730498913025294e-01
-4.771396307206909881e-01
-3.330873456510445862e-01
5.275867207294230310e-01
6.274970389674576765e-01
1.000000000000000000e+00
2.648733371340164511e-01
3.572767788035215997e-01
3.235018773667353575e-01
-5.251049852573018706e-01
-2.109428868110243549e-01
-3.148816103095233854e-01
-6.241877301165182912e-01
-2.183121266651067427e-01
1.060418936668801673e-02
-9.928932746207004278e-01
1.591089755460832200e-01
-5.074973385976018214e-01
8.801940889239530386e-02
2.619730013377750133e-01
-3.896006710636343850e-01
-1.704128600476433886e-01
3.617651830648956901e-01
9.890346435001581837e-02
-2.815672337928837310e-01
1.043707039526219904e-01
2.849276664161355943e-01
-1.635349401987775397e-01
-1.000000000000000000e+00
-7.859470618473635151e-02
2.281466146377264526e-02
-3.877399882418753885e-01
-1.000000000000000000e+00
-3.359890856198982645e-01
-5.411931808496457386e-01
-4.007217459800624937e-01
-7.586589941005580928e-02
-6.664379032269054925e-02
3.029723346413385476e-01
-1.867657006338630521e-01
1.267335735888403814e-01
1.594880687410511477e-01
8.654421107087022502e-01
6.659943949133264596e-01
3.645193170388515980e-01
1.760815190697408994e-01
8.495030770472430381e-01
5.528441587407991742e-01
-6.021684678809483549e-01
2.747309133423764260e-01
-3.368334685481685908e-01
1.466261839185703242e-01
-2.290823245336436609e-01
4.683773294290297651e-01
9.927853941211325917e-02
-3.997882377624986661e-01
2.732379522670248528e-01
-1.000000000000000000e+00
-5.093523101788239860e-01
7.665169977981517446e-01
1.983733649784781283e-01
4.910819939526533395e-01
-4.042069153993293473e-01
1.000000000000000000e+00
-1.465161598305894652e-01
2.058107995076962071e-01
3.986311277531154329e-02
-4.002546423667814324e-01
7.720249915683451147e-02
-3.973874436852404268e-01
-4.462607702668564547e-01
4.050351460992496211e-01
-3.083399252600912965e-01
-1.000000000000000000e+00
-4.966897345099569039e-01
5.372376647355154855e-01
-2.382870956976352317e-01
1.174441933828296730e-01
-5.463040856896774766e-01
6.620299082177443228e-01
6.360352585637203404e-01
-1.000000000000000000e+00
2.994777868401618526e-01
-5.243911784966511780e-01
-9.516292384202140742e-01
1.000000000000000000e+00
2.504037973374189097e-01
4.290277990308882794e-01
-3.357356397301620998e-02
-1.000000000000000000e+00
-1.618617891547465271e-01
3.909510024289798991e-01
-2.803631564043722602e-01
4.889759615692885752e-01
2.102513211668848858e-01
4.676579843288927729e-02
7.906364374291919850e-01
-7.224207432244982297e-01
-1.799150868422844662e-01
-2.092087349222711001e-01
1.277233991596406493e-01
-1.607378921779398784e-01
-4.631865029249974675e-01
-7.566384854234358137e-01
6.625217824558632396e-03
-4.100777542447986979e-01
-3.373134512756968961e-01
-3.670910624411483081e-01
3.748725610221338433e-01
6.144439290794849740e-01
2.430966886462983534e-01
3.103474743440410855e-01
-5.719625649700992021e-02
9.038796139274560271e-02
3.251502023944343733e-01
4.113065333345641839e-01
-1.000000000000000000e+00
-2.451430098482989539e-01
-9.365345540417317760e-02
-6.625414628335016820e-01
1.507037563418275328e-01
2.992830437850951819e-01
-5.543721635478595644e-01
1.131633506088814134e-01
1.219979850290814766e-01
-8.849358040476545950e-01
2.597053535659111789e-01
-4.525210588925552280e-01
1.000000000000000000e+00
-3.383525617238534178e-01
4.099711542669969289e-01
-2.518592269683777585e-01
-3.937247519075095514e-01
-8.236892584859352162e-01
1.758189348887587711e-01
-9.409797615317114228e-03
-3.506472291282618503e-01
5.653216346907115053e-01
-1.000000000000000000e+00
-8.223730919209649715e-01
-3.136101875717868248e-01
-5.958900941616189773e-01
-1.632703015170536009e-01
1.571447587650660616e-01
1.221387252306938287e-01
3.055878834975483405e-01
7.250018999379888029e-01
-1.000000000000000000e+00
-7.226936961330179265e-01
-8.378558599200541801e-01
2.014868672577784792e-01
-1.966938645957519161e-01
-2.036323523644658628e-01
1.445411655002585005e-01
2.589639110700445862e-02
-4.707493968920650751e-01
4.127891122120347922e-01
1.000000000000000000e+00
-2.257562233810900265e-01
-3.206648341684187886e-01
8.105363754905471341e-01
-3.618168370271071521e-02
2.696256934252342363e-01
1.134813224967003986e-01
-1.000000000000000000e+00
-5.256141102922075037e-01
-9.830778268808221254e-02
-1.000000000000000000e+00
-6.755689942745776166e-01
-8.405240878513986491e-01
5.224216243941830484e-01
5.144634764769698970e-02
-1.296953231749711499e-01
-5.679449937530849368e-01
-2.971661112868284049e-01
-5.554510026289940505e-01
4.803914527825249303e-01
8.817145613487176181e-02
-1.000000000000000000e+00
-7.629987078665689815e-01
-3.805503415607487949e-01
1.144290300185526049e-01
6.696836940291507612e-02
-3.721905121799249372e-01
2.535632733673929412e-02
-3.446810607807394566e-01
1.000000000000000000e+00
2.495242787714514743e-01
1.759553005563683770e-01
-1.000000000000000000e+00
-9.724227168528279397e-02
2.737887541352799770e-01
4.150591387602583504e-01
-4.436721728776427121e-02
5.234616246558041475e-01
1.964310271679334807e-01
4.195787601196896976e-01
2.918358515704471134e-01
