
0 66.153561 2.74022 17.352226 -10.0
1 87.624051 43.234362 18.89384 32.0
2 87.624051 54.365985 19.365898 40.0
3 90.238793 54.667596 21.019656 64.0
4 89.171054 58.503587 20.065225 50.0
5 89.171054 61.842412 20.244468 44.0
6 87.624051 62.674423 20.262064 42.0
7 90.554995 57.475652 32.36532 48.0
8 87.627846 62.746378 19.869848 66.0
9 88.297367 64.491205 20.092185 34.0
10 88.297367 66.307321 20.191277 66.0
11 88.933532 65.695738 22.030923 66.0
12 89.250607 66.576794 20.03102 66.0
13 89.133532 68.571236 20.512392 48.0
14 90.554995 68.410602 20.252527 48.0
15 88.933532 71.105638 18.292298 48.0
16 88.933532 69.461746 20.04469 36.0
17 89.286497 58.602675 33.164191 48.0
18 89.168118 67.321771 20.616393 52.0
19 89.333532 66.597679 20.283306 60.0