5.173743784713681348e-01
1.132072172631824469e-01
1.752189244900826948e-01
-8.572892507646899807e-01
5.203010363450426556e-01
8.604245940694804640e-01
-9.180612777549190806e-01
-8.756335643477323183e-01
1.235892334619041466e-01
-1.000000000000000000e+00
5.444608112957833451e-02
7.709366496477057518e-02
6.858078035925957439e-01
-1.918659988699084606e-01
-1.000000000000000000e+00
7.904612679416143928e-02
8.963212087651467597e-02
-2.847109936844209321e-01
-2.620721760357902497e-02
9.034707961009503796e-01
-9.010512377133709228e-01
6.126630693980587017e-01
-7.018508017083091577e-01
-2.266670864824576748e-01
1.000000000000000000e+00
2.850157160591750283e-01
5.074469670270335131e-01
2.290881781360637470e-03
-1.125542886167230916e-01
-4.969505540700883683e-01
1.425122543657149632e-01
-1.000000000000000000e+00
-5.040511636305461396e-02
-1.000000000000000000e+00
-1.435450626187241840e-01
9.288166979757828123e-01
-2.068187635322032147e-01
4.338559743968710414e-02
-7.185187048779777541e-01
9.064024588224859347e-01
-8.554899569388840774e-01
1.742436304225424004e-01
-3.011965150198391283e-01
-2.594963313969230606e-02
-2.951875874751937884e-02
1.951499996482995436e-01
2.506855276177064398e-02
3.795655208182146523e-01
-8.797389588487192214e-01
1.627472400337617309e-01
7.818693288909559502e-01
6.771598925393643720e-01
-1.925227445618743483e-01
-8.610324523953062359e-01
-1.413141661705632490e-01
-1.539239173945517597e-02
-3.637746129132463646e-01
-5.375360602609650096e-01
-6.082158979993602665e-01
-1.390145446428591725e-01
-1.319633109313955721e-01
-1.673210791301861788e-01
6.206690775538066251e-01
-1.000000000000000000e+00
5.945762383841465271e-01
-5.166488502495027862e-02
2.394200870740478826e-03
-2.943011452981567078e-01
3.056684497272659645e-02
-9.935333907142948617e-03
-4.123583161590483326e-01
8.206664359614153081e-01
-2.265755666146637703e-01
9.346404299824072615e-01
3.016998729130838663e-01
-3.650985309109447408e-02
1.904821874753680755e-01
2.448512418971396654e-01
1.000000000000000000e+00
-2.731449908620847689e-01
-4.327319152338215957e-01
5.232038401819547602e-01
-1.941789843972606677e-01
2.083983702738491650e-01
-5.482143271967855336e-01
-1.137997799292564532e-01
-2.953873069280660846e-01
1.974177041686692169e-01
-7.606878965461483233e-01
2.871368702097855108e-01
-4.149092774662826999e-01
5.791969567173343991e-01
-8.540437271863072777e-01
4.488370916386900111e-01
-1.275825017796664296e-01
1.000000000000000000e+00
1.707554656965447337e-01
-3.889293132583173662e-01
4.723487716652466362e-01
8.430763574819004347e-02
-2.851072892683633730e-01
7.601222999623066801e-02
-1.670678441187552488e-01
1.000000000000000000e+00
3.248222247720168321e-01
4.859412301081767610e-02
1.000000000000000000e+00
5.221920791184868627e-01
3.566820773891147822e-01
1.000000000000000000e+00
4.103650656541676378e-01
6.600200442702386372e-01
-1.000000000000000000e+00
-4.011334671650641504e-01
-1.877250456146702939e-01
1.708783378129187236e-01
4.759243720817421530e-02
1.256639311270869863e-01
2.119153324395104676e-01
1.997650433972752437e-01
-2.720676277830057568e-02
-1.821518038264312855e-01
4.236105636529940432e-01
3.107060450119089046e-01
-6.688849895045825278e-01
4.457411265205694639e-01
-7.196192185081326520e-02
-4.177269604117279100e-01
6.434791587775721133e-01
1.260654838706564695e-01
8.717442667010748547e-01
1.000000000000000000e+00
2.177429289787038980e-01
5.184193337070611141e-02
4.222386645739025224e-01
-1.000000000000000000e+00
-8.224668778545762837e-02
5.267226935322276427e-02
5.040361637043679899e-01
8.195583321444600833e-02
-7.020584555797608761e-01
-5.741761189338683291e-01
-8.695618618533359490e-01
3.915043036832482892e-02
-1.000000000000000000e+00
-4.204262416129770918e-01
3.250072457265815173e-02
6.455508677358939851e-02
4.243288525403383638e-01
7.303869533853981633e-01
-9.242262388888976554e-01
-2.157927218926898316e-01
1.000000000000000000e+00
3.614522563909424724e-01
-6.352405260276343668e-01
-1.000000000000000000e+00
8.010441319467914711e-01
-4.449097232945006808e-01
-1.000000000000000000e+00
-9.039552644732153919e-01
2.739914962245379448e-01
-1.930628538902697533e-01
-5.904668157768888648e-01
-1.177462027923439625e-01
1.617123073313286863e-01
-8.026484131096978114e-01
5.071134894277775501e-02
1.000000000000000000e+00
-3.389348962271382382e-01
1.358194148320634731e-01
2.117837328277657472e-01
-2.071860980781294326e-01
1.080205980759122442e-01
5.071065990303134097e-01
-5.687117735847920796e-01
-1.600565882097574610e-01
-2.825513608090213236e-01
-2.497111677793642515e-02
8.886898666962319560e-01
3.176593431340633822e-02
-4.824789509268121446e-01
-8.796329784632195281e-01
-1.784313384614193698e-01
-3.422446371043499219e-02
-5.236096128835689978e-01
-6.646593373615394817e-01
1.010130344767931204e-01
-4.112759612098726425e-01
3.286185958526198492e-02
-4.537523002474350697e-01
1.637590266011833273e-01
-1.000000000000000000e+00
1.466914492480630161e-01
-4.350419353579673132e-01
1.000000000000000000e+00
1.000000000000000000e+00
1.031071856763874084e-01
5.335612563793977747e-01
-8.707177442515237065e-01
5.014978449341764843e-01
-2.335068696836550828e-01
-1.000000000000000000e+00
3.002734277528790741e-01
1.170782804933261922e-01
3.300157673867409325e-01
-1.000000000000000000e+00
-7.100346468842058112e-01
2.993867562165081209e-01
-6.377378839253917686e-01
-1.000000000000000000e+00
-2.913330298101737270e-01
1.370835668802412866e-02
1.000000000000000000e+00
6.461938991345418382e-01
-5.362528601875821144e-01
6.729355006281358964e-01
-4.440601433176798452e-01
7.043035323265186554e-01
4.790972573143353896e-02
-2.464056049133486470e-01
7.255076851319386400e-01
-6.035115630514644725e-01
6.066188132455971882e-01
6.191098769687137793e-01
-6.219267816151987649e-01
-8.378798792101359305e-02
2.026866974920581987e-01
-3.719728357689780496e-02
-6.609731116734618439e-02
5.862740608345409776e-02
-9.065083105293405552e-01
8.323157799060237894e-01
-1.493870258253054972e-01
2.247000982491462739e-01
-3.298853444241600652e-02
1.152510066436870581e-02
1.000000000000000000e+00
4.121493715721336604e-01
4.019443014595189267e-02
-2.230190828834099637e-01
-1.139746656268029457e-01
-4.224689083400132161e-01
2.343030787606081855e-01
-1.818847953349030933e-01
6.887086510149321994e-02
-1.764291550002869413e-01
7.887679161474192568e-01
-3.753268934158722481e-02
4.591207723209000946e-02
-9.449794215349793802e-01
-1.738351579173514350e-01
1.354834936993867117e-02
7.074192478795085504e-02
2.599436456850495736e-01
-3.408045449071985811e-01
4.595266303964591348e-01
-2.849334427079600607e-01
5.600317803361012370e-01
-6.235257729235221813e-01
8.751869132431520093e-01
-1.914291943228384751e-01
-1.000000000000000000e+00
-8.017602315362074572e-01
5.047025832347245000e-01
-3.045746909061707863e-01
