3.159778975445777238e-01
2.741501598201974699e-01
-3.836533115717017384e-01
3.733255490038239754e-02
-5.227525138058071175e-01
-3.031380021621980780e-02
1.000000000000000000e+00
-9.118287791551549226e-03
1.272753249968869294e-02
4.239029208813341332e-01
7.303173686786360030e-02
3.911683944288423254e-01
2.350502678714292137e-01
2.201329980601570979e-01
1.724067531373325024e-01
-3.864650894667840952e-01
-7.333946074597774700e-02
9.958613538116509178e-02
-4.314060017437045258e-01
1.485852160650720233e-01
-3.503880210951010876e-01
-3.818416401111179304e-01
4.568516158571362951e-01
9.471504430329649171e-01
5.024700961511165964e-01
1.379138524137838717e-01
-3.356251813628774450e-01
-1.626173996147013689e-01
3.632037522675628516e-01
-6.579506613399894732e-01
4.441845799786169335e-01
7.850772844734557054e-01
9.039054577939424906e-01
-9.270494903961892796e-02
6.210474577569893295e-01
-3.620877549639364146e-01
-2.561980486599202411e-01
4.112784659317303415e-01
7.021277574466096016e-01
-4.482929409248598285e-02
8.682512349278926900e-01
-4.074055856138443787e-01
-5.322041822105539888e-01
-3.739937500513549340e-01
-8.397231993498500691e-01
4.848371518135156655e-01
3.439776232752360663e-01
4.887610535413108859e-01
-1.312321051609548483e-01
1.860233392355979121e-01
-4.521807619391359639e-02
-4.552876563758045392e-01
-4.956986611935021436e-01
1.954711824696588329e-01
4.236999069335473100e-01
3.564982337604905016e-02
4.087395429715642292e-01
1.032601826845110510e-01
3.453315445740426370e-01
2.515691282180049226e-02
1.778702537229348013e-01
8.094624419121377867e-01
8.934532457007071660e-01
-7.727900663644203527e-02
-7.653933618606334477e-01
8.726501148100653804e-01
-7.303531197750370296e-01
-3.655191886359120401e-01
-2.838753380075857424e-01
-3.921608030397030209e-01
6.503201926492521157e-01
-1.100006243703662012e-02
-1.225483027601049213e-01
4.567086619952960835e-01
-1.307855728672789875e-01
6.670951218501741664e-02
-1.000000000000000000e+00
4.495584943407568423e-02
1.724440670245367679e-01
4.351825549894409173e-01
-2.383499726669158214e-01
-8.466405770268767284e-02
3.013175716757541256e-01
1.686055866514887813e-02
-4.564595176016159606e-01
-1.388430150300663524e-01
-7.917393787429758412e-01
1.000000000000000000e+00
9.527361669625535878e-01
-4.259266490038445818e-01
-6.214116787579525569e-01
3.326447516569396023e-02
6.210302823267497274e-01
-1.496707596655109107e-01
5.994210002941123827e-01
-3.168285810397671320e-01
-2.285258045002769023e-01
-2.507140081522265529e-01
3.276189758176617506e-01
-5.361081755472681953e-01
4.189176621719362670e-01
4.927574534239683585e-02
2.032531460995773420e-01
1.000000000000000000e+00
1.877275996343059083e-01
-1.617015690744203482e-01
-4.969175480093661612e-01
3.936916487756519922e-01
-6.332106180228402881e-02
-3.982048123084885177e-02
-6.122758026717779467e-01
-1.000000000000000000e+00
-6.218543491030872339e-01
-1.605769815329302352e-01
3.289689201016680054e-01
7.044998463262217014e-04
8.989205005595445330e-01
-2.895045232762321619e-01
6.145311048969412937e-01
6.494793235446363333e-01
2.473856014992452668e-01
-1.824704240706212233e-01
-4.332830514214409678e-01
7.269631215677249125e-01
5.132686833956458250e-02
1.000000000000000000e+00
8.621863061389625216e-01
7.181055301516463540e-01
-4.743588428686009717e-01
3.142221302085901335e-01
2.513054581162904033e-01
5.854111666851075091e-02
2.130618880917093116e-01
-6.450345598136805192e-01
1.706048465835191541e-02
1.330283537389614634e-01
9.546811700295670944e-03
6.707043103883156832e-01
7.590262346819109940e-02
8.765136012175980262e-01
-5.980667639342740483e-01
4.664530258833062271e-01
3.308280611113696978e-01
-2.501349779530723239e-01
-8.245047658816245795e-02
-4.779383042574651963e-01
-1.210002952255730124e-01
-1.000000000000000000e+00
5.960069851525395812e-01
2.979669429875830486e-02
-8.734505544543680333e-01
1.833236720066422354e-01
5.382074208933007586e-02
-7.760472068157879821e-01
3.470837135789104355e-01
8.852007408845971037e-01
-7.473619652478817876e-01
-3.477586617136022018e-02
-3.453264737111745863e-01
7.911228777119374556e-01
1.797109535285611459e-01
-1.584590332150030978e-01
7.851050935996644053e-01
-1.119735456015210351e-01
-4.442400278396610447e-02
1.328497689587830877e-01
1.000000000000000000e+00
1.245578473002366404e-01
2.597707267318333790e-01
-9.149740455390918681e-02
1.895442877727558650e-01
-2.769591990925877045e-01
-2.659269638739474306e-01
-5.106291357339867165e-01
-5.693645852925930395e-01
-1.000000000000000000e+00
5.070582389145031899e-01
3.544691295543733744e-01
-2.923982194676921220e-01
-1.547827114582984998e-01
6.769021583002052811e-01
-4.693608838149081475e-01
-8.815847106587165749e-02
-1.000000000000000000e+00
4.232546812596952313e-01
-1.000000000000000000e+00
-6.923598225790127403e-01
-6.508558607897454440e-01
-6.969353279825284408e-01
4.010172133784067894e-01
-3.209144093260450914e-01
-1.000000000000000000e+00
-1.093697748829063066e-01
-5.256182015987117540e-01
-9.741705576690200541e-01
-6.104667763751829845e-01
-4.027724641834351527e-01
-3.735800259678522806e-01
-3.200374579376639717e-01
1.432328061425104382e-01
-2.553055473984336410e-01
-3.348794562714021983e-02
-4.965172394404280265e-01
3.451808895195566940e-02
-3.585749234244408057e-01
3.432855642921822104e-01
8.221506294420458660e-01
4.935254032080992892e-01
1.750888475845189252e-01
1.000000000000000000e+00
-6.495044193286654277e-01
-9.037463080553147510e-01
9.272239877934171370e-02
4.402407374968698717e-01
-1.000000000000000000e+00
3.392903127905469995e-01
3.041671415524138666e-02
4.999810301857643968e-01
2.147496738761639767e-01
6.353669899163303381e-01
2.857902974490335590e-01
-1.000000000000000000e+00
4.460671283387406261e-01
-5.995144887209447049e-01
-1.081007518564665593e-01
-4.142882887701143102e-01
-5.987282313787122279e-01
2.893428468243752771e-03
-3.983988787479403326e-02
5.398100306850556196e-01
-4.833426485519151106e-01
-1.955801404866803761e-01
1.684038892618045513e-01
-3.121646019205934763e-01
-2.315395715934267518e-01
-1.000000000000000000e+00
6.757043422516508802e-01
7.004385170975112596e-01
-1.305289847709686923e-02
3.046340521076179586e-01
-3.667852191690007535e-01
-8.222163962299372519e-01
2.575752794851283722e-01
-1.000000000000000000e+00
-2.931088819754480990e-01
3.392580767590932522e-01
-4.368843718547361643e-01
-1.000000000000000000e+00
2.455600506545326800e-01
5.156280958021746130e-01
-2.050881379621390943e-01
-5.950233789800930539e-01
-2.593626236228702142e-01
-4.282499244229605595e-01
-3.199189349123934267e-01
-6.353937301693327044e-02
1.927607147789392739e-01
-1.000000000000000000e+00
8.703407881003408786e-01
-2.666277678992459155e-01
-6.412298915023451062e-02
3.535825774100350566e-02
8.587741528937771207e-01
7.511027629151177942e-01
3.037300799347293911e-01
