-1.000000000000000000e+00
-3.530195873071977908e-01
-3.269000039516230249e-02
4.009248209971614241e-01
3.952110586999945663e-01
2.814503703082292807e-01
-7.965761799603539028e-01
-8.808470220767508629e-02
-2.652086296717127978e-02
-3.249495213714513886e-01
3.095779496460337454e-01
-9.015369859544986042e-02
-6.025991144199451810e-01
1.055645278846196466e-01
-6.803471079569212154e-01
-1.613609380403331350e-01
1.000000000000000000e+00
6.149812071800018209e-01
-1.000000000000000000e+00
5.344880444473724124e-01
-1.000000000000000000e+00
-9.159612582012970350e-01
9.031581769247820635e-02
3.237423867670637390e-01
2.091405885531363168e-02
-1.000000000000000000e+00
-4.991862167292507868e-01
-1.725914274377388091e-01
-3.540137865220208679e-01
3.734102456434049699e-01
1.960381705711835287e-01
-1.899159530516839889e-01
9.873503900366396024e-01
-1.715448812964394387e-01
-2.958190141977261045e-01
9.346693464409600027e-02
-2.176472474645221866e-02
-2.788192460922583882e-01
-5.590771315528983987e-01
7.370806923475069494e-01
4.768135126822494740e-01
-3.002470643827215846e-01
-6.353801459825326736e-01
1.000000000000000000e+00
-4.777258699928594310e-01
3.891766680059354222e-01
8.343946345488770788e-01
2.582651156621909583e-01
3.667339037902926924e-01
-1.255101510642397389e-01
4.340761436870191892e-01
7.709655573503622072e-01
-5.814093559653559645e-02
1.590262430651778747e-01
1.654928762827439226e-01
6.658119482590653393e-02
-4.414865508668323196e-02
8.085165325972591965e-01
1.108445249681561107e-02
1.423875638060624893e-01
1.518554956568745062e-01
2.140445647473783186e-01
-1.000000000000000000e+00
3.557689939520839451e-01
2.117837910964473491e-01
7.855225782085064612e-01
6.094523016345958499e-01
-7.106071873013417028e-02
-4.976085560481290915e-01
7.750179234920365756e-01
-3.919393366275788493e-01
5.981942904992830767e-01
-1.000000000000000000e+00
2.069352608887937706e-01
2.547123995254891859e-01
7.185654824505618432e-01
-3.924702666772571513e-01
-5.476380865021499011e-02
-1.498782463288599598e-01
-3.811041977169946082e-02
6.286083615945682324e-01
1.000000000000000000e+00
1.575762906678944419e-01
-4.149802443690575604e-01
2.277516449963170597e-01
7.464700481428443446e-01
7.831235750672089768e-01
-1.654109912524135417e-01
-2.672938961578578132e-01
-1.000000000000000000e+00
-1.500129866488792152e-01
1.000000000000000000e+00
8.010152582236444996e-01
4.234319486766096041e-01
1.353993065983641331e-02
5.518316399929253935e-01
-7.605990782107849846e-01
2.491808188720422146e-01
3.501430283777989261e-01
1.902968864968697660e-01
-6.339336366462489103e-01
6.157068394396680855e-01
-4.660954858725102623e-02
-1.786048571892958070e-01
-4.031603632127122583e-01
-1.104346861047498102e-01
3.565655514587945940e-01
4.193092958429666534e-02
3.503448631170943961e-02
8.304749722543469659e-03
-4.971024938062084120e-01
3.677714002708749597e-01
1.465668106302303042e-01
1.061433431194301336e-01
-1.783064422464420706e-01
2.133406284470301673e-01
-1.000000000000000000e+00
1.074135636166932695e-02
1.000000000000000000e+00
3.146718749502304124e-01
-4.787482070819663593e-01
4.277100560202537483e-02
7.095120779628489860e-01
3.624213126063831059e-01
2.085502868927890940e-01
-8.809407995507325673e-01
7.461684193081578875e-02
-7.765339858222737313e-01
-6.861737782694956600e-01
3.711620563915604132e-01
-2.506463946978156887e-01
-4.470948835615147221e-01
3.721859655696800329e-01
-4.782878919841708765e-01
6.672758721297061824e-01
-5.129639110227469656e-01
-3.191116366144159527e-02
-7.123468261673893132e-01
1.890022623159289678e-03
1.339129251140421667e-02
3.668975793207069347e-01
-1.162032667303874167e-01
-8.085135390635514452e-02
2.180701413257750687e-01
-6.788266961637404728e-01
3.104835410619139480e-01
-4.428860697542578717e-01
7.494568547092962385e-01
2.234043369206872298e-01
-1.159772598029933655e-01
1.081530594464658601e-01
-4.491789141553851894e-01
7.337006490757226329e-01
2.554685303627924342e-01
-6.372265583412395351e-01
2.498464413787848948e-01
-1.151130824282122767e-01
5.979326435134044160e-02
7.079708090941849719e-01
7.711435569520674882e-01
6.306292070326291466e-03
5.532395096535120960e-01
5.862369358725691426e-02
6.245787289178073021e-02
-3.496079240246160458e-01
8.722534803854141705e-01
-4.954875369704513921e-01
2.790830861753472725e-01
-2.300713668648153576e-01
2.193308607721411174e-01
7.832720473140166728e-01
8.692925939831477322e-01
-3.630173264438244507e-01
3.201238685454635968e-01
-2.682013119926568989e-01
-2.472548924879484911e-02
-1.000000000000000000e+00
1.948320689959492924e-01
2.496823153695545972e-01
1.039757694526575876e-01
-6.474372569242923259e-01
-1.459612218052715460e-01
-1.000000000000000000e+00
-7.211305463029189511e-01
9.024958670364921498e-02
6.942520473938440517e-01
-7.528435705931194599e-01
7.313604887541416133e-01
-5.465488562111344706e-01
2.666644149147259224e-01
1.991256102140686879e-01
-6.320638608142484793e-01
1.000000000000000000e+00
-3.166910331694954284e-01
-7.278176574753986161e-01
7.574558899868791828e-01
1.000000000000000000e+00
-4.664346632252824310e-01
5.445953468351444338e-02
-1.000000000000000000e+00
6.857248181495850803e-01
7.145952504394876836e-01
1.562374902224743789e-01
-3.967785059138138615e-01
4.883875944907015709e-01
-1.964681234691211253e-01
1.171430092677970269e-01
2.164538005984357194e-01
-4.551804741582426428e-01
-1.000000000000000000e+00
-3.449836328045497447e-01
2.020634668557398372e-01
3.665609475832106168e-01
2.033581851086770087e-01
-3.134459065183506921e-01
-9.708900750602392216e-03
-4.722613638251978441e-01
-2.112915853003839994e-01
-1.159860567092252381e-02
-2.978883463362171913e-01
-6.510496857845399221e-01
6.751763865313875623e-01
2.835323665830137285e-01
6.050348591433563072e-01
-5.919688281915072015e-01
-5.848483173692048398e-01
-4.980528497245779174e-01
1.000000000000000000e+00
3.810545396872276613e-02
1.000000000000000000e+00
-3.205903766121797616e-01
6.728816398274628519e-02
-5.837914115244168256e-01
-1.158274758836249640e-01
-3.763938593127827970e-01
-2.544952128078508125e-01
-6.996251690989780947e-01
4.966809317966348614e-01
6.010486893980664380e-01
-5.794172148995655469e-01
-4.117278890725301066e-01
-5.712092514555415779e-01
1.010774408118855494e-01
2.891904665674034924e-01
-7.257970512170854871e-01
2.479872500714557504e-01
-7.992859439942864852e-02
-1.000000000000000000e+00
7.668994163641664752e-01
-2.446967005077505530e-01
-3.610252436201448201e-01
-4.706926948365965924e-01
4.943540084712454985e-01
3.189571660106748086e-01
1.000000000000000000e+00
-5.945825529337017690e-02
-5.260246418362305443e-01
6.714435392962194715e-01
1.861315713949923678e-01
-8.304515848392245436e-01
-4.744233849448312723e-01
-5.032057620607592874e-01
-6.125644912756044169e-01
3.886798817263874550e-01
1.000000000000000000e+00
