3.455839636274506410e-01
-6.133032492862270368e-01
6.829968766618172982e-01
-2.993126935275852718e-01
9.010679509256808162e-02
1.815664256859118864e-03
1.000000000000000000e+00
2.735982781115536833e-02
3.223890426675820597e-01
-1.789046336647387436e-02
7.897855262531532361e-01
-2.665262480208208107e-02
1.775763564466858735e-01
-3.180896297491994096e-01
-2.117867271879246560e-02
-2.057168809594920461e-03
7.702775461793593959e-01
3.055803003914212002e-01
3.495361226173151481e-01
-4.816336171263075894e-01
-3.610039466101405137e-01
-3.022289938990876390e-01
1.229563469097445516e-01
-6.354991909489082769e-01
6.545897962309772389e-01
1.039561999925989189e-01
7.590737594559284762e-01
-4.377922354246835956e-01
7.008483654792093676e-01
-3.590967676335752867e-01
2.234821990137390024e-01
1.677062881091928026e-01
5.523419735419068388e-01
5.203367323077987550e-01
-1.000000000000000000e+00
4.717802996552376005e-01
1.302238779737082686e-01
-3.258693848652263192e-01
-1.195134789997446823e-01
6.779276978116517416e-01
-3.839776247393374836e-02
6.459194370847661792e-01
-1.763174835870379431e-01
7.381884365327024966e-01
-2.855696758253638556e-01
-1.343030545709118229e-01
4.952562850587734489e-01
8.255942944123679794e-01
-2.718793986799123430e-01
-2.734748412402120410e-01
6.809098850323597185e-01
1.073952611530519519e-02
2.491349361951697705e-01
9.458665432105284321e-02
-7.739778409828820815e-02
2.236645835722557707e-01
6.848588930836758681e-01
6.270850148761505372e-01
1.425983669552567390e-01
5.276855346240596489e-01
3.645116263025860448e-01
5.735816632150868566e-01
5.376239051557516468e-01
-5.944956423431944081e-01
2.523768482690064152e-02
1.000000000000000000e+00
7.730877427785362022e-01
4.772854023207314111e-01
-6.979672486127225239e-02
5.162849874689110496e-01
1.218274541658415505e-01
4.000473949175146204e-01
2.756222716537909956e-01
-4.826609037336829222e-01
3.231859351275812031e-01
-1.816592231724431517e-01
2.822731461813816622e-01
-1.107397505728192066e-01
2.027143266360587892e-01
-4.506187745849706827e-01
-2.155375115362567762e-01
1.088756674646169237e-01
-5.983072495422125936e-01
-2.778074702696496923e-01
2.909221991271232488e-02
-8.611623012032433300e-01
-2.767634719964709444e-01
-1.340306714661761434e-01
3.808985245561492539e-01
2.090090726401309384e-01
-3.081510581438010044e-01
-2.313368242000473918e-01
-9.408998323128583974e-02
-1.463374729592800683e-01
9.298491707852646337e-01
7.880190984783709551e-02
-8.655560226487837849e-02
2.882778437048476305e-02
-8.616272729643489892e-02
-2.489479420365208195e-01
-8.709284980154896605e-02
1.972922247714085642e-01
-3.788494295472003559e-01
-3.254162100879680608e-01
-3.125501334361242556e-01
-1.000000000000000000e+00
-1.574034725556371361e-01
-1.000000000000000000e+00
3.178148560162023517e-01
7.596074134776121811e-01
-1.000000000000000000e+00
2.020907385870057693e-01
8.974058119813668744e-02
-1.000000000000000000e+00
-3.428919883598093854e-01
4.132767394921149640e-02
-4.997627214075652247e-01
2.878013866839989610e-01
-4.675223635291660129e-02
-1.829977410577423025e-01
-5.214546986544013052e-01
2.087764830871055577e-01
-2.610180549333884770e-01
-8.072010933009998723e-01
-7.666856689048816564e-01
1.563904125227212061e-01
-7.516200775697531866e-02
-2.133914404795982100e-01
3.997145522023063946e-01
1.558210323393737773e-01
-2.568133880038642736e-01
4.703202188918553794e-01
1.000000000000000000e+00
3.637818623863767198e-01
2.569313581425701210e-01
7.997285174401890240e-01
-8.354400722864470108e-01
-3.391644301432046316e-01
4.969320389006783717e-02
-7.538941535974683084e-02
2.421486700900968292e-01
1.639375211010351829e-01
1.694067746564356103e-01
-4.704203425251923809e-01
-6.138671581790258180e-01
-1.000000000000000000e+00
2.158036042981959501e-01
4.543834547072204133e-01
6.720366394852340941e-02
-4.092751827067815928e-01
6.518368753929160153e-02
3.608532086003001793e-01
-6.751496659652057586e-01
2.443835059726400805e-01
8.050324970231090282e-02
3.447212870496275672e-01
1.690634048579429671e-01
2.377078955408359895e-01
-1.951349418479263742e-01
-5.037527248292105186e-01
4.894612704003216130e-01
-5.279248981993425183e-01
-1.080354555692455143e-01
-4.689214253965730550e-01
-5.650176904613517515e-01
9.443752165257765507e-02
-1.413808619170155989e-01
6.452984685998923442e-02
2.957592567195831135e-02
5.743855625940785803e-01
1.555041455794741179e-01
-2.832164426759279929e-01
-1.000000000000000000e+00
-2.688850603027208019e-01
-7.557337555921248562e-01
5.397853523238831386e-01
-3.734868176494535730e-01
-3.313283605247909214e-01
5.981508650159754747e-01
6.260156089178462446e-01
-1.603458547955072255e-03
7.879066532732084127e-01
2.913320206288917413e-01
6.704687846913909288e-01
-1.375859085352712785e-01
2.616903305635715493e-01
1.000000000000000000e+00
-6.968863373224072344e-01
-7.399302107159672071e-02
-4.022723919277727544e-01
-5.128189542361324266e-02
-1.067878217847686578e-01
-3.061258638603042148e-01
-6.640760721555557522e-01
1.000000000000000000e+00
1.559159022006750550e-01
5.791479463593414145e-01
7.915268408113178278e-02
6.405863275813749036e-01
-3.147500849767843611e-01
-1.000000000000000000e+00
8.069386502158080177e-01
-1.000000000000000000e+00
-5.747654078434729641e-01
-3.796669600229203856e-01
1.239999437989392078e-01
4.173523329368414303e-01
4.439735633810024673e-01
-9.355275998916703362e-01
1.913130528592198731e-01
-1.245682284535110096e-01
1.811593147614547483e-01
4.170205835841732656e-01
9.632785919300626554e-02
5.542471309763661313e-01
2.961175850521733377e-01
1.178988897570335537e-01
-2.669493651429044045e-01
5.689331608580755484e-02
3.462316482522043160e-01
-3.995690124889225148e-01
4.957186177533018934e-01
3.427815643930068878e-01
5.613871054136982952e-01
-5.674089355583575855e-01
6.621977124874424137e-01
-1.773341961076281836e-01
5.151309642562745816e-02
2.385832019291365402e-01
5.575331443256893449e-01
3.805750715038433984e-01
-1.694242791503006162e-02
9.308152502063868905e-01
4.964219065759604144e-01
-5.149640789137187313e-02
7.557578966442739521e-01
-3.562683793763010143e-01
3.852968244936693654e-01
2.048940513733774338e-01
8.408210938635467535e-01
-2.067652987553349475e-01
2.077720619132452373e-01
1.598817867449753294e-02
-3.235603306794301304e-01
5.249552850748143706e-01
6.035765615180107568e-01
-7.473917885151850626e-01
4.467718782085376983e-01
-7.931384732897689416e-02
8.493419419789451086e-02
2.490168214174299233e-01
-2.427348264750068818e-01
5.122574929063943294e-01
5.906756220481085284e-01
-8.006112888704740582e-01
-8.735463100898296362e-01
1.000000000000000000e+00
3.016409962084253271e-01
5.942010126422928584e-01
6.009283467476081997e-01
-5.363865017293024673e-01
2.364250401497304255e-01
-9.232763750831998739e-02
-4.388762717550363790e-02
-3.676387678435644735e-01
