-2.214785327965209105e-01
-3.778085867771266981e-01
2.910793857251881001e-02
1.000000000000000000e+00
5.957586486678823068e-01
7.959789906905432311e-01
8.461177326001478871e-02
9.427094823672144130e-01
-2.406122494409215773e-01
1.886414798488707523e-01
-2.219290096352587172e-01
-3.313685474073897741e-02
-8.781309300055926137e-01
1.658217694929718100e-01
4.732810101054915619e-01
-7.743084512852494994e-01
-2.556088029172126075e-01
-2.281081133956427975e-02
6.170601114168480783e-02
-1.000000000000000000e+00
1.030997826989411142e-02
-2.023811769417008521e-01
-1.372180778680929247e-01
-2.819130504251532998e-01
-7.670575627134158525e-01
5.082768432830528926e-01
-2.163052370124073087e-01
5.909288563865169874e-02
-2.295955991045395828e-01
9.832287122745685115e-02
-3.227450098367968812e-01
-4.074805296532224563e-01
-3.727648470083262389e-01
-5.735449377518611058e-01
-4.219446248007679978e-01
1.506636317922297186e-01
-1.522158328732258759e-01
1.372925106301163822e-01
2.909731831251539669e-01
4.822453408487237247e-01
-2.254005502327146304e-01
5.605843301661812134e-02
-7.033142541742569420e-02
2.122212305346466155e-01
-6.069689356680348924e-01
5.167512232841223740e-01
-5.306411558831725106e-02
-3.637895298620005269e-01
1.359075663988301708e-02
1.519028592864633265e-01
4.139516318684940410e-01
-1.566288467295752496e-02
-2.319357375369359708e-01
2.766104720507493453e-01
-2.217686728821341713e-01
8.202196228549324397e-01
-2.066907304884536001e-01
1.060729884711185678e-01
-3.223196961007585015e-01
1.000000000000000000e+00
-7.170410204328706572e-01
-5.795669594372609978e-03
1.619948501181276423e-01
-6.115627745006736449e-01
-7.880235526732988216e-01
-2.333018556018557899e-01
8.957169919611407405e-01
-8.742535326350522329e-01
-2.987042014064042461e-01
2.204015657381718230e-01
1.688525252720201597e-01
3.719400126251142247e-01
-7.374419752206103906e-01
-7.142032876759246696e-01
6.504590833471397548e-01
-2.928143419205837122e-02
4.730288021757573236e-01
-6.874941101360754203e-01
8.750291493051924885e-01
-4.864272075955625718e-01
9.366993222147189657e-01
3.568661311614551024e-01
1.884881750168070080e-01
2.010884777992788808e-01
-7.678413263122555454e-01
-3.039585457489702436e-01
-1.264439196105313357e-01
4.244045884812406300e-01
2.697107604912577505e-01
2.913285332133822014e-01
1.000000000000000000e+00
-4.105404219032394164e-01
1.000000000000000000e+00
-8.712525623412622489e-01
-4.295282831834945636e-02
3.114598128609372685e-01
-6.626222948368417631e-01
1.000000000000000000e+00
-9.974629735028601729e-01
1.664021270216277104e-01
-1.618548045471187580e-01
3.901114880896948689e-01
-6.125203940136800806e-01
9.278880674611042143e-03
2.134389108805350571e-03
5.617015426994571570e-01
-1.929471505894465866e-01
1.943024640235956058e-01
-6.544183999979499289e-01
1.763378824383809163e-01
-2.063784453139435593e-01
2.183246137902729589e-01
-4.345682749070491346e-01
-3.003181473826183612e-01
-1.040831347153793607e-01
-2.731563571677870228e-01
3.139837434078671663e-01
4.720196698672723401e-01
2.520868704692403317e-01
-3.546231825432301643e-01
-2.553916740801812635e-01
2.958918380895778077e-02
4.814644341375960424e-01
-7.181481873079738065e-01
-3.198143179596338315e-01
-4.711681949047100693e-01
-1.000000000000000000e+00
-1.329398236303098169e-01
-9.190132964200311561e-01
-3.455535340727345361e-01
-1.000000000000000000e+00
1.734894117448147477e-01
-3.986401040843102206e-01
1.420852777065755024e-02
-4.974224523498650963e-01
-4.091198283806520841e-01
1.659565098894548729e-01
3.489509118090686757e-01
4.587539277383743674e-01
2.075041623438851277e-02
-8.335222666394705993e-01
-1.161113039888892196e-01
-1.514582357856958383e-01
2.300155905219582186e-01
3.580543544778168052e-01
-2.068584385066036813e-01
4.846863934740807123e-01
7.321538627807365474e-02
-1.017658256881796008e-01
-9.126750324112437029e-01
-1.970639769443131850e-02
1.197861121679352353e-01
-4.332383520657582254e-01
1.760804755299127389e-01
4.634404142796375581e-01
-4.587654474477862454e-01
2.543090551821614587e-01
7.485260672238316926e-02
2.891120039782826834e-01
-7.501995254706372851e-02
5.364379947284043243e-02
-1.768418281501876188e-01
-5.193867288869798982e-01
6.299125383585093552e-01
-3.900386965107117687e-01
8.720006067223972090e-01
-2.236669280881190269e-01
6.129889016329317375e-01
1.000000000000000000e+00
7.264008475252868857e-01
-9.851313360739509806e-01
1.069415467076836740e-01
-1.684579584483984760e-01
3.791755955198142791e-01
-2.814135555976463032e-01
-3.514218796351143426e-01
4.162855124555417397e-01
9.307219605600608459e-02
-2.506291058956896523e-01
9.582863664662355507e-01
-2.520379159192723817e-01
-7.658470294609656670e-03
9.305477006213742630e-01
-3.092741732772257002e-02
-9.793737049582078302e-02
6.186700792953776507e-01
9.459715843180610539e-02
-2.310598287032958678e-02
-4.148812590354352126e-01
-4.734547841681008284e-01
-8.915993350572644360e-02
-6.969853821527272064e-02
7.045104592601275639e-01
2.210517566446354998e-01
-7.547137799757066556e-01
-1.654072347847292401e-01
4.506126287338586001e-01
-7.381745226795585202e-01
-1.000000000000000000e+00
8.071312822714950264e-02
-6.131408722415554458e-01
1.071235850302452164e-01
-5.130181294256414004e-01
-6.139369395702812815e-01
-2.223500251124505001e-01
-2.648597358377974276e-02
8.993940345841990869e-01
-8.503191219098633624e-01
2.020630493548629669e-01
1.544615173537618180e-01
-5.473559454978694783e-01
4.562255991622291007e-01
-3.190649441394323160e-01
4.335580162152050665e-01
-2.285882525111032626e-02
3.859601792807541010e-01
5.802193802244772769e-01
6.101098753255307372e-01
5.592297148759113323e-01
-5.697704001169487942e-01
8.273654966407881228e-02
-8.862628384023868433e-02
1.000000000000000000e+00
-4.602970058422064525e-01
-4.785131020514071243e-01
2.558777432180407430e-01
-3.863409747076844147e-01
1.613671082357703845e-01
1.056635491690164075e-01
3.505759233751453707e-01
-1.914770259691669640e-01
-8.313013481177587982e-01
5.017664137528725643e-01
-1.129853209447365114e-01
7.086758404008792755e-01
5.185822338667929188e-01
2.587974574774717373e-01
-5.259718253579699354e-01
-3.168701702173240542e-01
9.362851865922182382e-02
1.920722717566324678e-01
8.812165648390830608e-01
3.601704876453726278e-01
-1.276087518697463508e-02
1.298038997009999251e-01
4.037809636283694048e-01
1.052064710715207713e-01
7.784678004235037196e-01
-3.043325020436767891e-01
-6.515273975828717035e-02
2.131411254211870721e-01
-1.000000000000000000e+00
-5.120275671681495666e-01
-6.642357693265640850e-03
1.338871818980396922e-01
-5.760818455081334610e-03
-2.972666252012182708e-01
-1.000000000000000000e+00
1.000000000000000000e+00
-1.000000000000000000e+00
-2.342187421837445827e-01
3.037292919789997270e-01
-3.430984352519066971e-01
-4.405018635369981062e-01
-1.899178821890690483e-01
