-7.099099763033329680e-01
1.000000000000000000e+00
-7.330267481968570920e-01
-2.882617314545931064e-01
-1.000000000000000000e+00
-1.809700995406613999e-01
-3.157804414592544351e-01
4.375735909036194138e-01
9.235916620472636729e-02
9.932127512340410691e-01
1.061037624340583491e-01
1.279914904902296757e-01
-5.904697975557229306e-01
-9.927982227825196127e-01
5.061414696706346694e-01
-6.438421778439243348e-02
-3.460041511367414335e-01
-4.065364430937296047e-02
-2.243962046206663674e-01
-6.327938373480236356e-01
-6.090222220472230052e-01
-7.965127196899742801e-01
1.547918355075719177e-01
6.762811699919737407e-01
5.060962028628889220e-01
-3.317993756767649849e-01
-3.298188597588008752e-01
5.152749698408097823e-01
1.374220792834941474e-01
-3.441291472857878619e-01
-5.798420659373058061e-01
-6.049061984724087848e-01
3.217518208809876379e-01
4.375446070036230761e-01
3.491683395505519316e-01
-8.859173590134135079e-01
-3.314933265538786977e-01
-2.295314465243929458e-01
-7.497367541871891028e-02
3.459402792309990843e-02
4.199977651116720834e-01
4.959763650336325158e-01
-1.566046618630718146e-01
-1.699289196420410153e-01
3.897314366072212044e-01
2.167962150850957781e-01
4.931441969696388483e-01
-4.178385741215699944e-01
3.418036682732286113e-01
-2.775466149468608368e-04
-2.374273890854024516e-01
-4.420281439380321226e-02
8.944631612322184733e-01
-4.676816217534462972e-01
-6.200636419145825196e-01
3.300477249552182246e-01
3.636643497823988797e-02
1.000000000000000000e+00
-4.852551419087755002e-01
1.930064865027292242e-01
1.000000000000000000e+00
-7.196192980661445526e-01
5.079009558834182148e-01
-9.565573984377093719e-01
-3.036338859767260256e-01
-4.937176147937815673e-01
-3.479382811504648787e-01
1.474548084271250503e-01
3.823261625869408542e-01
-5.288121580741580452e-01
-1.416437652712526085e-01
-1.594922300297013373e-01
4.159586051635476012e-01
-1.463686693424657848e-01
4.705196193999888199e-01
-2.522594507488080673e-01
-4.309414505883182867e-01
6.525305186624661413e-01
-9.055795467245560115e-02
-4.056686857989354467e-01
4.849204349245457846e-01
-2.362783882627054466e-01
5.224800526373637455e-01
-7.679530144606901143e-02
5.751432334581145778e-01
-5.906190601897137737e-02
-1.024205241072069922e-01
-5.368387212083886029e-01
5.865943324545391802e-01
-1.276999947525424561e-01
9.316470903494254718e-02
7.515128573212413732e-02
2.118720147876682613e-01
2.083828148905144673e-01
1.293546221430753596e-01
2.898519245593825927e-02
6.404291693903771399e-02
1.000000000000000000e+00
9.913273551607737488e-01
-4.167423968765497921e-01
9.852754965986214308e-02
-6.701387793856639075e-01
-6.797610128482953762e-01
2.879025920085020451e-01
-4.265249831784082013e-02
2.478648848552839068e-01
-2.626607062345144294e-01
2.399974041247163181e-01
-3.329885475796837691e-01
-3.266674729270742650e-01
4.081811294093664610e-01
-3.930655180707255947e-01
-5.721765088899266605e-03
5.567273275501162244e-01
-1.000000000000000000e+00
1.133391863976638547e-01
1.677606088503449389e-01
-2.847899031204194076e-01
4.666407410067506256e-01
-4.225636728751731575e-01
-1.594916540067549127e-01
1.812767738072813828e-01
3.040644216708040526e-01
-4.803688396154113249e-01
1.637694070457604845e-01
3.682139839141457260e-02
1.064461762965863978e-01
3.705986858014691521e-01
-9.212225216905911562e-02
-2.026079605002965578e-01
5.102053880843866462e-01
2.917018281901873067e-01
-5.480805346359080010e-01
4.686733456367427886e-01
7.380686719895241943e-01
-2.326793778935495050e-01
-1.188954986814867443e-01
7.549856949745011869e-01
-4.958186371914981017e-01
3.504890688716106872e-01
2.218498785218679104e-01
3.380516181414181531e-01
-3.882268804353232738e-01
7.837049111551042113e-01
-6.902449146281598724e-02
6.513325103970415419e-01
-1.711899763085297788e-01
-5.003253481825791216e-01
8.736184727414741946e-01
-5.084057525263250277e-01
-1.000000000000000000e+00
-6.119386848914809551e-01
3.466319903650770806e-01
-8.854469300362167727e-01
4.305268866410856543e-02
9.148476694878651672e-02
1.000000000000000000e+00
-5.863814824728743602e-01
-3.101918403540641633e-01
4.625278458804668591e-01
-2.142304014976983972e-01
3.120798869940811793e-01
1.387381248270533329e-01
4.049517850952730202e-02
-2.550083067883887611e-01
1.195626329405591326e-02
1.451021991033566438e-01
-4.969252213614566149e-01
-1.229281695873606917e-01
1.757154039375757870e-01
7.367495280426412663e-01
2.587332582255204017e-01
6.017253727511551187e-01
2.190934664177697777e-01
-7.091006748934178816e-01
-1.508016647554844269e-01
9.076204324096238951e-02
3.290834274757389877e-02
-1.000000000000000000e+00
-8.974955602563819412e-02
-1.374854350207506681e-01
-1.488993620068229107e-01
6.790910850197460213e-01
-5.150460328833650347e-03
1.691093169733330348e-01
-6.326836923537249024e-01
2.431267259137157577e-01
-6.033913658075334974e-01
2.547004015178738756e-01
-7.412751214458319637e-01
4.552937805046800013e-03
5.374302357589195722e-01
2.636852448151951744e-01
-1.527486317870378058e-02
4.555331503274189231e-01
-4.522204490610161054e-01
2.864345241633549088e-01
8.328997219955092124e-01
-5.486793014478310582e-01
1.612463086800426382e-01
7.562372118631321971e-01
-1.000000000000000000e+00
-4.404904939003669861e-01
3.212189361795431131e-03
-8.970216914885258130e-02
-3.623780022829053427e-01
6.082131660109046933e-02
-7.469673418840694357e-03
-6.292972266962024719e-01
-4.456922254327909672e-01
4.273914963624129149e-01
5.963177680197315755e-01
-5.489190525770896167e-01
7.995734446419567876e-01
9.869360301445018191e-01
-7.610552350967939583e-01
-1.532985675684008231e-01
6.010755568249590564e-01
5.595364972696069694e-01
7.747494744976461956e-01
7.063714550940862757e-01
-4.202499955406263088e-01
1.606547211170777922e-02
4.202642279706133577e-01
-3.340630435746608784e-01
-1.000000000000000000e+00
1.000000000000000000e+00
-3.856390662002063818e-01
6.025488889931125414e-01
-8.605790773607275845e-01
-2.024690078280408922e-01
7.714357740437760569e-01
8.772637296839820298e-01
2.757509427042711403e-01
1.422399473114352442e-01
-6.906979227920221343e-01
1.000000000000000000e+00
-1.733367892892242468e-01
3.552658504546422624e-01
1.000000000000000000e+00
3.381686296341377962e-01
-4.186893957763440643e-01
4.579858201431659670e-01
2.437612056675893812e-01
-1.246746531189219798e-01
-6.181624763935491540e-01
-1.755961336142896345e-01
5.474317692192953722e-01
5.785959652795938934e-01
-5.580417587374042476e-03
4.172135112979350469e-01
8.194167797383485885e-01
-2.071784869197419998e-01
-4.268664160957530429e-01
2.320731543662994945e-01
9.700859008018267726e-01
-3.077291123959887131e-01
3.971513832493111518e-01
-1.278144188436855233e-01
6.046490518028654892e-02
3.551358407512167359e-01
-4.585671969027587669e-01
2.450212779596019630e-01
2.072834360584376312e-01
1.087133421996010485e-01
