3.302652911029312355e-01
9.736933011570472196e-01
-5.204061660486909435e-01
4.495863826326629287e-01
-2.295421423212922474e-01
-5.235259749620216896e-01
-3.897705915487567063e-01
3.575508362970563625e-01
1.332281380107426250e-01
-8.357260169283258211e-01
-4.573272117635210354e-01
3.370635345577870368e-01
-5.276387518981244806e-01
2.088627740124782486e-02
1.246303178873907486e-01
-4.280674082794317520e-02
-2.708360261788191753e-02
1.000000000000000000e+00
-1.713423185307415553e-01
-2.924265196626656960e-01
8.906967112271836351e-01
-4.066894907517086266e-01
7.657038719622525358e-01
-1.000000000000000000e+00
-1.352064070554549191e-01
1.000000000000000000e+00
-1.787134526781322674e-02
4.145686318948470506e-01
9.791517821702855340e-01
-2.520521408988100065e-01
-5.041596719669315663e-01
1.746742912118910973e-01
-4.720799327470602269e-01
5.977024107069828923e-02
-8.150011932312517526e-02
-7.351484446051641530e-01
-3.921632465051798078e-01
3.267786003074786838e-01
-1.804632481537382371e-01
-3.517330233535048145e-01
3.773732939776693329e-01
-2.507080362582881361e-01
-2.750267631633773746e-03
-4.601272989773347311e-01
1.236487414503953386e-01
1.188346158785415635e-01
-3.899160921492356158e-01
-6.273558922118911418e-01
2.463582593168863466e-01
1.000000000000000000e+00
-1.000000000000000000e+00
3.316813330022300721e-01
1.296794970460395380e-01
-8.004954779674564036e-02
2.828699694641432227e-01
3.471192781027357954e-01
-2.081201848500258689e-01
3.531445719838984809e-01
-4.346426312192011032e-01
-3.698060874047237601e-01
-1.194359906762941653e-01
9.828806766911196702e-01
-6.905759592624224896e-02
-2.516273807577176086e-02
2.220385832013798549e-02
-1.589818978299926688e-01
-6.628410090805363364e-01
-1.000000000000000000e+00
-3.670629672622409134e-01
4.352341959597849641e-01
-1.090479116205413795e-01
1.000000000000000000e+00
4.232838099282336675e-01
-3.503017869843856602e-02
-3.298289570974997642e-01
5.901333975419954803e-02
2.839122607603307147e-01
-1.000000000000000000e+00
1.832339844108876459e-01
-2.352829298630055577e-01
5.989438962552545709e-02
-1.000000000000000000e+00
2.169689993732055733e-01
-4.012187067405351831e-02
9.036485105482272573e-02
-7.930689039872551582e-02
3.678986789870518637e-01
-1.857644201486467195e-01
7.564593311852343405e-01
4.518441025879664785e-01
2.277230674214271722e-01
-7.526643730824537915e-02
-4.733212810456010472e-02
-6.146633049523343439e-01
-1.056532996437896804e-01
9.808191833681842997e-01
3.599578820133778057e-01
1.871036764963136811e-02
-1.506876479670761770e-01
-6.423511146747086231e-01
-5.092227579869600396e-01
6.465454462874385966e-01
3.435144368197049491e-01
-1.000000000000000000e+00
-7.830040632522112798e-01
-4.179743192399863472e-01
9.863646741683614882e-01
-3.025213582774637922e-01
4.532351050129006242e-02
-1.173895442579924175e-01
-4.774901712002494469e-01
1.927079428001056971e-01
8.518613287147484003e-01
3.961313965612912602e-01
2.175159969352047640e-01
-4.332544036409662347e-01
-5.894122624533912891e-01
1.000000000000000000e+00
8.216854112800404675e-01
4.763536324807846611e-01
-5.150253918619871474e-01
-6.696855758712313422e-01
4.418758663126575170e-01
2.154912777628565923e-01
-7.422503147709871296e-01
8.548350854000154320e-02
-2.171403749186682774e-01
-7.708467291546827749e-01
-9.930544730722945523e-01
2.939283850443430435e-01
-5.663306935985060880e-02
5.570077588972045524e-01
-9.791695552796484403e-01
2.135473220343815648e-01
6.039859114609913426e-01
6.614669778454415061e-01
3.948903292570671852e-01
3.751058044518926216e-01
2.173003402227699221e-01
-2.003069325917450072e-01
-9.088985669485727392e-01
-7.136031493958242544e-01
4.983617162688063207e-01
4.734731386100425321e-01
-9.853147212444965941e-01
-4.716052749953251744e-01
1.000000000000000000e+00
9.666477668149860980e-01
4.930891395351346684e-01
1.960538037005065126e-01
-3.236955161690946992e-01
4.821179604150928333e-02
-9.239235647416497166e-01
9.131760458232385247e-02
-2.141616862327038184e-01
1.000000000000000000e+00
-1.000000000000000000e+00
-7.032479464187092466e-01
-1.517009470902005719e-01
-3.586197212561696435e-01
3.063675360870621867e-01
6.948735440618208914e-01
-6.816535183032532697e-01
2.417033555237174391e-01
-2.349950160478820049e-01
4.587860569237339758e-01
-2.424758124316813701e-01
1.721460116632128889e-01
5.336470648938026473e-01
1.049745574564200090e-01
8.078674008305283261e-01
-1.669892535646686493e-01
-6.904969951283953522e-01
-1.940587342059421072e-01
2.613528823232950660e-01
2.087857902257630460e-01
1.000000000000000000e+00
-1.000000000000000000e+00
3.242846135372760563e-01
2.202030439775389536e-01
-1.000000000000000000e+00
1.603932957275034932e-01
-4.593590521510502178e-01
-1.000000000000000000e+00
-1.702566550225226294e-01
-6.132320266412379095e-02
2.092620159429114668e-01
-1.000000000000000000e+00
3.959484319539909869e-01
-8.389554143780706408e-01
1.000000000000000000e+00
4.344832016549544235e-02
-4.940754143337213744e-01
1.870945275174318023e-01
-8.162760169143049582e-01
1.000000000000000000e+00
-1.888355685525820449e-01
-7.226824032179881563e-01
4.029262129853573016e-01
-3.391032321153450990e-01
3.444090213319136451e-01
-5.797376698480528612e-01
-1.928525792998683763e-01
2.518549120332174152e-01
1.000000000000000000e+00
1.844278723894876293e-01
-5.433366275890492147e-01
2.541508360906894470e-01
3.178956956795830902e-01
2.562629732997081383e-02
-6.650349407759574838e-01
-1.000000000000000000e+00
4.497990308326146325e-01
4.803232111890676781e-01
2.117978770475985040e-01
-6.513827342579789903e-01
2.554097532894820111e-01
-1.598494460440864212e-02
1.405219124520717677e-01
9.406255505766032421e-01
2.524125037110844239e-01
5.032906863516295459e-01
-9.780816633208885280e-01
-3.750085821255069729e-01
4.226813808211535295e-02
-3.055524074768954934e-01
-1.281929699487908692e-01
4.795858951947876703e-01
6.424653176988220915e-01
-1.024077658636603494e-01
2.730832343750108637e-01
-7.852312262804005405e-01
2.109562078602220392e-01
4.834539291045140685e-01
-3.171244675038261129e-01
2.551715000782900367e-02
-3.659381229454528039e-01
-3.199251829228370592e-01
9.296385672658996624e-01
-5.741507404956215643e-02
6.047977790722507407e-01
6.504447749366475406e-01
1.659940319749059201e-02
3.824449663630445917e-01
8.045357719391241225e-02
6.353361231404112963e-02
1.182049367618046437e-01
-3.605871522057317313e-01
2.286707739152704366e-01
5.624718001687898372e-01
6.589914559326575105e-01
-4.186465268517010063e-01
1.000000000000000000e+00
5.860519587412154063e-01
3.600844208797271406e-02
-2.198282965575087400e-01
3.221584888040797123e-01
5.288546767613454547e-01
7.642694649011181340e-01
-3.591872315576289387e-01
-9.908564841742139029e-01
6.651289206409031207e-01
2.227178995012177032e-01
-9.957423586533196980e-04
3.294072421938267214e-01
