
0 31.030187 -3.095076 5.575176 -60.0
1 48.515203 7.071415 13.295398 -30.0
2 74.3005 23.463089 15.83859 13.6
3 87.928354 29.139892 21.831259 33.4
4 87.928354 34.381626 15.401816 14.2
5 85.191655 38.901825 17.275214 1.6
6 87.392828 40.866436 20.725233 13.6
7 86.248142 42.581922 19.919929 13.6
8 87.928354 46.327062 20.636891 33.4
9 86.043229 48.848042 18.23499 13.0
10 85.782547 51.004965 19.251694 23.2
11 87.388142 54.312647 19.664619 35.2
12 88.179644 55.201952 20.70296 44.2
13 87.932828 49.394849 30.176747 27.4
14 87.87194 53.794584 20.062647 33.4
15 88.305064 56.983205 19.693091 38.2
16 88.337405 55.816002 20.858969 46.6
17 87.658336 58.600163 20.015611 46.6
18 88.956168 57.183594 20.844848 47.8
19 88.978336 57.785737 19.846086 52.6