
0 48.006039 -2.05855 9.003169 -20.0
1 66.409013 7.236331 13.97933 -20.0
2 57.474547 22.264482 16.856573 -10.0
3 57.706695 26.586657 13.705562 7.6
4 66.263428 33.039447 14.796947 -20.0
5 85.348142 33.220963 21.211929 -10.0
6 85.348142 34.289247 16.13101 -20.0
7 85.348142 36.726084 17.942563 17.2
8 85.877405 41.458434 18.901086 16.0
9 86.147846 38.744608 19.721328 8.2
10 84.475982 42.009926 16.906779 7.0
11 89.505064 43.878492 19.566876 35.8
12 89.505064 44.718851 20.055924 47.2
13 87.452892 52.208409 19.589479 25.0
14 87.073573 52.7859 20.094699 24.4
15 86.316168 49.929284 21.293764 33.4
16 88.365064 52.962401 19.888698 12.4
17 87.737405 51.566442 21.756575 19.0
18 88.598539 56.120202 20.04325 35.8
19 88.423266 55.171389 21.547648 34.6