6.784332518444758930e-01
-3.718790542220981599e-01
-3.943960357411375184e-01
4.563006544759794503e-01
-2.378605505929590191e-02
9.631893675472458227e-01
5.978052336597865501e-01
2.168674212324306350e-02
4.853800413723101670e-01
-4.571727848725579690e-01
3.372190243369400653e-01
-2.930216056987274276e-01
-7.049043723662519190e-01
1.254821299307263549e-01
3.332443159857285675e-01
2.556685339545625157e-01
6.516806291276611152e-01
3.021035357960438761e-01
1.160188513425976647e-01
1.406897061846091035e-01
3.647353546115636447e-02
6.897040826170518502e-01
5.375896322515625325e-01
7.413898446351139260e-01
-8.869794447712610330e-02
-1.759567722891681729e-01
-1.359680828491503790e-01
2.009255500699672070e-01
8.867186569707437016e-01
-6.314006001395668921e-01
-9.416900595619553949e-02
-8.407018300742565842e-01
9.154204399518552915e-01
3.950506802482611768e-01
2.327564152337156800e-02
-5.158528527593412294e-01
1.000000000000000000e+00
2.762931081244989207e-01
-1.104663009498087073e-01
2.338698969419836515e-01
2.320231157155960844e-01
1.676585597587707810e-01
7.288595379871709579e-01
-3.629665739306093264e-01
2.579934774742060899e-01
-6.675550729420125506e-01
-7.650560380595852195e-01
5.955128314679370982e-01
6.709233893033476892e-02
1.708112273126629055e-01
8.811703463599407371e-02
6.813315755564139931e-01
-4.233576347406030616e-01
-7.638607367969929562e-01
3.100248034397795616e-02
2.657726048968374055e-01
-1.120393234219187462e-01
-5.178135648888353842e-02
-2.447511053634573164e-01
4.712905865239779279e-01
9.479252488649109187e-01
7.369039385766666672e-02
5.355587041051977915e-01
-2.242244289443086347e-01
-9.334657786512693400e-01
4.917689831990149640e-01
-5.046544666607135632e-01
4.328195622305206491e-01
-6.731968459626595791e-02
1.741283874768913553e-01
8.751576871424786297e-02
-1.000000000000000000e+00
1.251438767694662557e-01
-1.000000000000000000e+00
3.272074634543544747e-01
-2.102345002816908281e-01
4.000666283210663199e-04
-8.830818331421904643e-01
-1.033119416634583898e-01
-1.000000000000000000e+00
-7.203336352725785430e-01
1.562971002617024319e-01
4.971950384294029357e-01
-2.596739774586735994e-01
1.000000000000000000e+00
-1.421352704713057802e-01
-1.613655402879292378e-01
2.771584609758959150e-01
6.579732584413477969e-01
9.335841799305215627e-01
5.506047258992505800e-01
-2.307826525798020167e-01
-1.449841755789048059e-01
1.994371168528776550e-01
1.000000000000000000e+00
1.460394817966082504e-01
3.460986090933602759e-03
1.000000000000000000e+00
-1.741583105804419829e-01
1.996923711868051343e-01
-7.708816447573731828e-03
-1.000000000000000000e+00
2.223574204577021263e-01
-4.630100926150337304e-01
1.000000000000000000e+00
-1.100141131193387856e-01
-5.465326898138069822e-01
6.835349516741893172e-01
2.271220959069570888e-01
1.709137352273414345e-01
-8.299498400029895473e-01
4.531530393890921826e-01
-2.338101669074583722e-01
-1.869334255646978304e-01
-1.000000000000000000e+00
-7.697198979932378116e-01
7.485781226764329221e-02
-2.211537328234707278e-01
1.000000000000000000e+00
-5.900876314554961977e-02
1.780553367598373959e-02
-3.017345879108903131e-02
6.572934169360243883e-01
-4.125606623697541941e-03
-1.000000000000000000e+00
-5.644340061432494282e-02
5.773642192523273931e-01
2.190360576742541587e-01
-5.606229893805833031e-01
-4.653570405236125140e-03
-7.167847587775834084e-01
-1.744973602330882056e-02
8.659428805385904759e-01
3.454355931072855546e-01
-4.055545669344851056e-03
1.177008733623560177e-01
-4.627358738802517801e-01
-9.799856245829271506e-01
7.333186683133290085e-02
6.541575402514427928e-01
1.771149162570376245e-01
8.845026223726445425e-01
-4.318670663997922765e-02
-2.755307693963112703e-01
-1.772733449465464517e-01
-1.000000000000000000e+00
6.136700953453128049e-01
-2.088300391950050072e-03
-1.289796705042691449e-01
-6.319103960452512325e-01
6.525584815768437075e-02
-3.247636440534395486e-01
1.842951654343477630e-01
-1.000000000000000000e+00
2.852168087699322729e-01
4.880953272026168910e-01
-2.045169071152344586e-01
1.782797810359199597e-01
5.475303903342156886e-01
1.000000000000000000e+00
6.698344250361862873e-01
2.398462889222792160e-01
-3.776284170591220901e-01
7.437878899943187738e-01
4.537007545215763216e-01
5.714907887684756993e-01
-5.234294592535632118e-01
3.002708864645751707e-01
-2.923907422295516922e-01
1.000000000000000000e+00
-7.699004830016131784e-02
-8.723180596852910806e-01
1.000000000000000000e+00
-3.624239559836941460e-01
4.011294806064080731e-02
3.013989980179463957e-01
-2.662678517404184486e-01
7.879090828477387509e-01
1.850559570795900499e-01
7.833836635986218822e-02
5.932523153332023291e-01
2.823783784018376597e-01
-7.693983281741441083e-01
-1.178827576598547311e-01
1.000000000000000000e+00
-7.308650557874846188e-02
9.613858455872560660e-02
1.496352700559536730e-01
-6.565714387252880035e-01
1.451754871380959711e-01
7.409839673252505143e-01
5.675447969576298268e-01
1.347469849665282049e-01
-4.952979480353148500e-01
-2.085680464262555101e-01
1.787618636680607387e-02
5.306231554672267148e-01
-2.546949506908848804e-01
6.746287478992042397e-01
-5.227851061359614637e-02
9.967405264966630596e-03
-1.000000000000000000e+00
-7.761994411530702687e-01
6.825102488784651200e-01
-2.986412527545485862e-02
8.009525797265329983e-01
6.447483438187520677e-02
9.667524771928823202e-02
6.215367026273252993e-01
6.628635020166688818e-01
-4.695407351680309094e-01
-4.997531438943754178e-01
1.494222871711275991e-02
6.271400472282171457e-01
-4.246549236067451716e-01
3.919267231633202231e-01
4.691786337556408393e-01
4.423340178948538814e-01
2.184756896067042153e-01
-2.636420444976007166e-02
-3.120930210626099433e-01
-1.000000000000000000e+00
-1.000000000000000000e+00
1.000000000000000000e+00
-4.790348258089828781e-01
-5.860047252996207767e-01
2.462761332127963443e-01
1.455267948514091803e-01
1.678722422562416439e-01
4.970034932778005787e-02
-3.022550227140484713e-01
-8.154845709895712780e-01
-6.718558289134843875e-01
3.303453000064389133e-01
-3.136367800990585430e-01
-5.974628160933462828e-01
-4.915182378772350313e-01
6.073516232705522544e-01
9.330809565944560013e-01
1.468854284438704805e-01
5.755709373001781648e-01
-1.584742389006629087e-03
-1.000000000000000000e+00
4.536779526894127446e-01
-5.236163086582747983e-01
-3.613793060470050778e-01
-4.387975325054813136e-01
-6.455281051386480007e-01
4.008080243750887783e-01
-7.814315183664978237e-01
-8.092038900343729857e-01
-4.095267994008559009e-01
9.235484742500100763e-01
3.112258867148191832e-02
-5.413474515920929653e-01
-7.031137675311665003e-01
-2.357336023462659469e-01
4.242307982018949097e-01
4.470374320928813816e-01
5.558454478949985678e-01
-3.251782092560737136e-01
-3.557596817407298051e-01
-6.417933993173607909e-01
4.398227880771077292e-01
-4.859963753703105405e-01
