-7.756956436275317390e-01
1.678169403913622459e-01
1.383910419278291393e-01
6.624450131924269902e-01
-1.510473609587915933e-01
8.994472625328991944e-01
-7.099627938245106629e-01
-3.147883829950949286e-01
1.000000000000000000e+00
-1.000000000000000000e+00
1.817022891748348856e-01
4.283394248975595786e-02
6.595070978296713182e-01
-3.543750266268244631e-02
5.345347656392817060e-01
-4.529103767763177357e-01
-1.659111869777603609e-01
2.358426728897277114e-01
2.486048501221718166e-01
-5.223226485969834076e-01
-3.342226156218037758e-01
-1.745259476094545570e-01
4.745501147389579177e-01
-1.058176640252732476e-01
-1.989950184136965727e-01
-5.424577616226176069e-01
4.884841971525106796e-01
7.147904875749205855e-02
-4.043875036572009557e-02
-1.260898713305017571e-01
-1.650004839167385495e-01
-2.927872501486976087e-01
-5.138523370623548914e-02
9.946875026738800640e-01
5.760213337208781176e-02
1.000000000000000000e+00
-4.727756489011522567e-01
1.780354964865265288e-01
8.354536366574384365e-01
-6.275632442745336936e-01
-1.000000000000000000e+00
-3.533092385786742451e-01
7.700860132536719860e-01
-4.749035707353299607e-01
1.120989680641996111e-01
-4.266903924397594805e-01
-4.770157730729097101e-01
-2.726503852060836453e-01
-1.000000000000000000e+00
1.230114308131684403e-01
-4.645281659713630940e-01
-1.887752005961239599e-01
-5.035771587355262202e-01
-2.524869863134693859e-01
-1.831214990078059435e-01
-4.959976476089054120e-01
3.945997583749358828e-01
-3.190406054682035086e-01
-7.677930927157801122e-01
-1.000000000000000000e+00
-1.767576305435631379e-01
4.634790782822298394e-02
-5.682221388255346284e-01
7.046585405033700678e-01
4.529368113858771583e-01
1.193757025759841356e-01
-3.170098739709839575e-01
-1.759754925573260853e-01
8.636577784590724338e-01
-1.854624937243698757e-01
1.225322978425635867e-01
1.482187020154754897e-01
-1.441530964127428205e-01
-5.459227119891422175e-01
-1.718872597280273473e-01
1.605725003451379806e-01
-4.284565681960516015e-01
6.458768106081639315e-01
-7.380217019647060672e-01
-9.258049064639829462e-01
2.328974542258209768e-01
1.148212367445170384e-01
3.248818666837631763e-01
3.998795916952354590e-01
7.243787082117414400e-01
-3.676799331198885024e-01
2.401784082281978039e-01
-6.054557794017721983e-01
5.352552073605475469e-01
-8.766048548578201371e-01
-9.022161929792784640e-01
2.674522031502363228e-02
1.000000000000000000e+00
-4.144130179441449235e-01
-2.614655926927176299e-01
-1.389026127579952308e-01
2.917123413868444870e-01
2.661185659459426311e-01
-5.041841903673917324e-02
-3.181390534007559334e-01
-1.224519500463033816e-01
-1.000000000000000000e+00
5.213359173228168664e-02
6.781936737647948910e-01
3.865188520753933266e-01
-5.943846489262556432e-01
6.663805865068265222e-01
4.746036891045423145e-01
-1.000000000000000000e+00
-2.408844998226177536e-01
-3.331567476469921574e-01
7.523094719032907829e-01
2.374970573833607990e-01
-1.214430662049202810e-02
3.319511553629249656e-01
-6.817800757758725183e-01
7.476193822856942450e-01
6.825116005241840811e-02
1.488959789443016213e-01
4.796659319702990532e-01
-9.331530733252166865e-01
7.728584968501089891e-01
1.000000000000000000e+00
-6.315457569462429310e-01
1.992971212682670690e-01
-1.468958437492522973e-01
-6.324684216118230395e-01
1.345568670134160150e-01
-5.627620210511276033e-01
-1.000000000000000000e+00
1.006939796374976548e-01
-6.040363089674161134e-01
-1.000000000000000000e+00
-2.322246041672003380e-01
-4.407598929964653967e-01
-1.000000000000000000e+00
-4.896300480225648788e-01
-6.485128968303666142e-03
5.378033289285890639e-01
-3.131946673966568007e-01
4.356448039425320218e-01
-8.959085024992125001e-02
2.847495761110378498e-01
-7.678168223620045474e-01
-1.000000000000000000e+00
7.224825874158820049e-01
-1.197854981006796216e-02
-4.957523486691781112e-01
2.581871056518157959e-01
-4.897205437888605406e-01
1.003709345889912674e-01
9.126851043136153807e-01
-4.751585330990172329e-01
-7.988494045429413992e-01
-3.185876070432501206e-01
6.169873072862792629e-01
-4.270090113483213101e-01
-2.669474613808272556e-01
7.638876020907647835e-01
5.207898714658216743e-01
-2.414253974641321354e-01
4.738449286396929083e-01
-4.719110236751030696e-01
-1.864940835559021348e-01
6.100715501332002466e-01
6.926761106426386760e-01
1.000000000000000000e+00
-2.011192012812423879e-01
1.188551938576662276e-01
6.299633311539494240e-01
-1.713993837521515240e-01
-4.734274656330703657e-01
4.711700985318545976e-01
4.268141639198665960e-01
-3.535025758158146236e-01
8.084997068073447313e-01
9.255344270103256221e-01
-3.563197776453255750e-02
-6.619671087536053156e-01
-6.689354891382889301e-01
1.000000000000000000e+00
-5.735094269705565129e-01
9.052777888138996421e-01
8.185663580501766068e-02
1.548492158907870397e-01
5.102895718966729000e-01
-1.000000000000000000e+00
-1.715471141878036065e-01
8.783705889402888822e-02
6.068190066020051621e-04
6.623495394523898350e-01
-1.050059727550048394e-01
6.431330995972911468e-02
2.698243351062445949e-01
-7.031365804718141543e-01
6.051377240001272195e-01
1.135126216764514723e-01
-6.507663473562154133e-01
2.634925132165346628e-01
-8.254280744373112544e-01
-1.000000000000000000e+00
1.082387866961891792e-03
7.802203141255797947e-01
-1.848879702633690891e-01
2.057198683364194758e-01
-1.285553928831501547e-01
-1.248576480819570261e-01
-4.346344593662402334e-01
6.919539778977931155e-01
-2.300179702075059729e-01
-3.217490301256291652e-01
-6.706306205079148874e-02
-7.211736305730960528e-02
6.204622849475267543e-01
-5.820085002782852124e-01
-7.021263626140972214e-01
-2.203714804921686476e-01
8.236875586727276932e-02
-9.991366046163683290e-01
3.782461125738940666e-01
6.983193234343859634e-02
-6.563290362919158571e-01
-5.275332513039636684e-01
5.672053473946826463e-01
4.779387006861243181e-01
-1.997727873572477941e-01
-6.829689137116194964e-01
1.000000000000000000e+00
6.138993596570889721e-01
-1.681699595551510718e-01
-1.065312878259749019e-01
1.000000000000000000e+00
-7.477391561921800656e-02
5.900597496597395075e-01
-7.829942461481651517e-01
-6.869243615762301580e-01
-2.072069922890147908e-01
7.120629923225446634e-02
1.634274199501668801e-01
5.689015122828593451e-01
-5.233450453114629752e-01
-3.394532204699279854e-02
5.778277570535832464e-01
5.536680347721074646e-01
-5.904966114228515917e-02
6.918311008307135301e-01
1.000000000000000000e+00
3.680028685996358240e-01
4.486696471448940460e-01
-2.866978167718732817e-01
3.441633164015056590e-02
4.382257475625792043e-02
-6.372353638908276885e-01
7.622530430201295282e-01
-1.000000000000000000e+00
-9.807354888764024947e-03
1.348068098016572403e-01
-1.398015144371850260e-03
9.020538204251607461e-02
-3.492462457067194714e-01
4.102461665656962353e-01
-3.598558245087001839e-01
-9.851406141329799304e-02
4.199236551932352124e-01
5.347764819929399227e-01
