-4.082618009738884224e-01
-4.272751562380474599e-01
6.560109625917452947e-01
6.012322579879747497e-02
-2.946262759463079417e-02
-1.000000000000000000e+00
4.584303106875668443e-01
1.389398650168323091e-01
-6.854921049023198210e-01
-2.475104302300019654e-01
-8.493650340664454790e-01
2.966905118816791087e-01
-5.096327376874434378e-01
-7.508177391621800867e-01
2.233016285469292261e-01
3.602520056824752570e-02
-3.096993764355921996e-01
-7.626182950058597587e-01
5.457283552267279125e-01
-5.604902159473308387e-01
1.499075954076085071e-01
-1.307185909403404608e-02
-6.121018123042656356e-01
-4.554434695980644210e-01
-1.959620740747269330e-01
-2.018570739701432970e-01
-2.467181971306455224e-01
-1.507530222738817927e-01
1.748999321190974204e-02
-1.182386454949274079e-01
1.325734096617827429e-01
-1.000000000000000000e+00
-6.465867376182723447e-01
2.915554214200605232e-01
-6.842593387100709412e-01
-7.306503771832125738e-01
-5.902356518894234794e-02
1.000000000000000000e+00
6.028362312097959030e-01
-1.000000000000000000e+00
-7.977882208630546756e-01
-1.418981102140454420e-01
3.849385805824247914e-02
-3.604882736029535462e-01
-3.785180711496335948e-01
-3.128689076031882510e-01
-1.793000241580863102e-02
-6.342772231659508930e-02
2.430674732598798182e-01
7.561088750417815918e-01
1.063703834684351784e-01
8.560395895684960177e-01
-2.542312204266058973e-01
-3.252624066261855518e-01
-6.327631829400384156e-01
-2.235805183156048259e-01
2.324259947127585435e-02
3.975586015591205946e-01
-2.443518613521329375e-01
1.921663920005723669e-01
-4.716487081219764566e-01
4.841298421846362832e-01
-5.716194253784625534e-01
4.341753461505760692e-01
-3.334570364457742908e-01
1.000000000000000000e+00
9.602020995909862910e-02
-1.349117713682972675e-01
-2.682791582099895988e-01
-2.337384170686097606e-01
2.819190109382700982e-01
-1.710024689174391710e-01
8.697638738184076956e-01
7.164073298647178900e-01
9.709279742044280015e-01
7.820326464034261793e-01
1.976133782827589613e-02
-5.145425658770879096e-01
-4.183222258929591986e-01
3.846099328284144359e-01
-1.758964403342302973e-01
3.782381549058212444e-01
1.000000000000000000e+00
1.154520136588699231e-01
-6.684686355342672748e-01
3.681086999331287246e-01
-1.334757022756030698e-01
-3.712970890697614990e-01
-3.115930108014041688e-01
5.522306978062203608e-01
-2.341403386567626477e-01
4.929565790422912874e-01
4.586007748167892917e-01
2.086519557978210315e-01
-4.729910526592495112e-01
1.893406335263690121e-01
4.723110569488894184e-01
2.496938627521794463e-01
4.375212932203207949e-01
-2.669382289870528280e-01
-7.198252087907252017e-01
2.807659178375232489e-01
-1.500075299970973497e-01
5.820153990747036765e-01
-8.974263021138233487e-01
9.130197306043048855e-02
-2.874091100983538483e-01
-2.526439622642545624e-02
3.166563355535456648e-01
6.285949964445957105e-01
-1.283318460408117978e-01
-3.563920597345990315e-01
4.274410599986736559e-01
-1.103402674998832100e-01
5.291859079684368972e-01
-1.048135659108865025e-01
5.674547936272755777e-03
1.436786552431732755e-01
4.287754967943502304e-01
-5.378900092857877846e-01
-1.372491747228821168e-01
-6.395273755345057820e-01
-2.498809764503528430e-01
-5.503939241065951560e-01
-3.876371242322291799e-01
3.409453263658702715e-01
-6.899185376949432680e-01
-7.040103308018738626e-02
-4.449796856345705764e-01
-9.681880319184973938e-02
1.781582098769711742e-01
2.336602249804949627e-01
-3.518066407496021064e-01
-1.160241008064454293e-01
-2.265410911205270605e-01
1.000000000000000000e+00
-4.105470955052965554e-01
-8.066995992838932317e-01
-7.711340628247728701e-02
-5.234554140387898125e-02
-4.133817225248703764e-01
2.846009232075517592e-01
-4.511635635198956717e-01
5.442759708758624360e-01
-1.847906577525672001e-01
4.291913115665744738e-01
1.494448431426339263e-01
2.528876741430038239e-03
1.630906649857597202e-01
-4.322570490153210265e-01
-3.360356181901505979e-01
-3.494062129496492974e-01
3.768706209515821914e-01
-9.829794623426896250e-03
4.999312912127708008e-01
5.757182240222822323e-01
3.484289022109257061e-01
-8.597856668425400972e-01
6.763801355196243925e-01
-3.304021488058185296e-01
-5.351463777673504119e-01
-8.393511125432656650e-01
1.750409754425261699e-01
-3.099914438661501848e-01
-8.187724824893724551e-02
5.436252525535336666e-01
-2.862263532788230647e-01
1.747074364195433938e-01
-7.692193674454170793e-01
6.462767204130600573e-01
-1.000000000000000000e+00
-2.386329085503757774e-02
-2.109650160198816571e-01
-1.000000000000000000e+00
-7.565220300948740650e-01
-1.016019751014435313e-01
-3.875562737423877691e-01
-2.664929427703225384e-01
-5.196318378290867290e-01
4.946198733476826481e-01
-1.185905839386101612e-01
-8.262584407779379747e-01
-6.908791651075145701e-01
-1.566346989139767720e-01
-8.406203216881108498e-02
-2.238641411481173682e-02
-5.709867156748468786e-03
-3.237963227833657864e-01
-2.886630476164395165e-01
-8.739850651707645746e-01
2.979174148835964445e-02
1.000000000000000000e+00
-1.000000000000000000e+00
-1.589091967995115151e-01
-2.593139242981525316e-01
-3.467786056307741172e-01
6.372008611175590531e-02
-4.794383272928068873e-01
4.105674495225997145e-01
2.050409594184355588e-01
-3.393267531013030025e-01
-2.938422004333951509e-01
-6.704487283880394832e-01
9.295192650528834033e-01
-6.166251695552918966e-01
-4.236158836144724577e-02
-1.022075440694487636e-01
3.072064516510782384e-01
-1.006622158885323165e-01
4.425555850195282970e-01
-3.091550989836105989e-01
-2.848619511291638484e-01
1.000000000000000000e+00
9.009953558154717435e-01
8.286279942581557811e-02
-2.230708445997403866e-01
8.622305818561452062e-01
-4.750229553020531847e-01
-3.458481648415840937e-01
1.000000000000000000e+00
-3.180249542080234582e-01
-5.438856186128462333e-01
-2.089183008164712807e-01
-3.925921557101623716e-01
-7.763226452167998337e-01
3.086491884610873537e-01
1.245226461284428543e-01
-2.905867051683338476e-01
-5.528678189246599706e-01
-6.625701165010803306e-01
7.342237142887044765e-01
-1.837017771758956419e-01
5.307771773698573281e-02
-3.467731750870903795e-01
-1.683919085611222388e-01
-1.751478452617848125e-01
8.684863098086653688e-02
5.206584563207710126e-01
6.642769632605631802e-01
-4.608421502107026280e-01
-8.881592671857946319e-02
-1.655798761555092244e-02
-1.000000000000000000e+00
1.750571410795997984e-01
-2.220326164918286493e-01
-5.753970793314046039e-01
-5.303017941105048205e-01
5.547749817495764013e-01
-1.347500954629585190e-02
-1.000000000000000000e+00
1.000000000000000000e+00
-6.202731963911832791e-01
3.925385577879714205e-01
1.255457926520705536e-01
-1.735855756034069830e-01
2.918817889764756535e-01
-1.643903231986044156e-01
7.559206101526310118e-01
3.633687938384366767e-01
1.000000000000000000e+00
-7.099901313188328178e-01
-4.199913446460284971e-01
2.367721908170158374e-01
4.637055205342833775e-01
-7.750700235554778272e-01
