-1.954679735758725334e-01
3.252321951026757030e-02
-1.000000000000000000e+00
-4.043528995084870181e-01
-2.766547413171526748e-01
3.484214375846104161e-01
-9.201452537566158218e-01
3.903903646792502569e-01
-3.166464058442939877e-01
-4.553338044036155940e-01
1.719860301358277221e-01
7.705755230275043166e-01
-2.056176060348478274e-01
4.183468114637628466e-03
-3.076592070617165803e-02
4.370139745044197832e-02
3.816840557991738048e-01
-2.416773951996781800e-01
3.131192835817754316e-01
2.393603414691862774e-01
-1.452736711014742665e-01
-1.842416671444459253e-01
-2.129500266568819522e-01
-5.007036557162573842e-02
-4.924284779598885331e-01
-4.732375723039647375e-01
-1.665591865556410867e-02
2.615692648812736332e-01
1.873269212407710493e-01
5.330618619807322434e-01
7.176649407264908964e-01
1.627340486407811149e-01
-8.481431340975751354e-01
2.249759582064305707e-01
4.268531445795785140e-01
-6.082652393882403974e-01
-3.976035136240390622e-01
-4.607747186389217764e-01
2.831654119260851310e-01
-3.267759206314158615e-01
-4.525776306957774997e-01
8.643542971292498267e-01
-1.888412030417579990e-01
8.884244497152207209e-01
8.444864566417544793e-01
-9.310631245193411176e-02
-8.477039935193055875e-01
9.511316464421888384e-01
-8.220088424949863193e-02
1.000000000000000000e+00
1.720812498508860200e-01
1.546214993665134263e-01
7.467661653415135214e-01
5.811428457475735776e-01
1.292736209285835769e-01
3.457932675213030160e-01
-3.565541244450782243e-01
3.730277801299633489e-01
2.416775244717625226e-01
-5.464702716589861509e-02
1.923856329041907509e-01
-9.018969850991909176e-02
-7.482154075430866857e-01
2.812970213345645232e-01
7.334458537806373135e-01
-6.483958003329060027e-01
7.376244729998309158e-01
4.857987576699463461e-01
-1.127939694979491619e-01
-9.821889866045541151e-01
-2.768941374011568146e-01
1.635669954654965230e-01
8.851006308414611778e-01
-2.550873053696080528e-01
4.527154543798552755e-01
-9.251634823321967793e-02
2.938863446964782300e-01
-3.619264531459682188e-01
-5.113396542695605729e-02
6.012794338163707231e-03
-5.485452541524274972e-01
4.342923447365416578e-01
3.224324150337070649e-01
8.763630157547673827e-01
8.171183467268868794e-01
-5.794121291766395343e-01
4.657966322200379761e-02
7.230167605250973351e-01
6.324622881515047368e-01
-2.120619483878557476e-01
8.185391144673955788e-01
8.285926728758179483e-01
-1.887639700600610149e-01
8.124974684737824582e-01
1.563850679473443028e-01
1.984512336903975771e-01
-6.575445562073236605e-01
2.758309020888497498e-01
-7.879018330439077067e-01
5.045688078182701819e-01
-6.679927546460855403e-01
-1.286464907715297312e-01
4.983837784916065328e-01
-5.704739248422094899e-01
1.000000000000000000e+00
5.868215787315966825e-02
5.369950841948312181e-01
-8.932599162195117293e-01
9.076680298692855198e-01
-1.894208314597514708e-01
3.650404541658225366e-02
-1.000000000000000000e+00
-1.155073701989163953e-01
-1.733234390407459857e-01
-9.006930889740457635e-01
3.720654938326167227e-01
-6.169150719758922374e-01
-4.046414652128156875e-01
-6.326873090792991539e-01
3.933602009298119984e-01
-2.798425575520610553e-01
1.053485315752791807e-01
-4.293599780558932794e-02
-1.112120627663755051e-01
7.057893447665372078e-01
-3.397528316094619583e-01
8.825911567194200114e-01
1.000000000000000000e+00
2.857033358901402420e-01
-6.701796359177680795e-01
-9.148949664335861431e-01
8.990266335921663632e-02
9.503234773276870717e-01
7.490570727029470799e-01
5.065319398836721776e-01
6.190660944126092913e-01
-2.583906649726993021e-01
-2.045124354096945207e-01
-3.101372354298054801e-01
2.810763887698722874e-01
1.591843712071264183e-01
2.728828749985042768e-01
-3.051565473256903083e-01
-7.451987248525503427e-01
-8.523194972258696378e-01
-2.416757095019070045e-01
-1.222698777703889184e-01
-5.480649481233434289e-02
-3.409889686600003911e-01
-7.403921657282712676e-01
-6.202698721081083555e-01
3.618937781455536240e-01
-2.435051389524781063e-01
4.221965833330715290e-01
-7.348953866359377862e-01
1.744649260013431125e-01
9.209001975491999392e-01
7.389442923293869647e-01
3.183209387214722130e-01
-3.081684378353038989e-02
-1.000000000000000000e+00
8.880415617529607841e-01
4.718606762760785278e-01
3.913001396947858590e-02
-2.869885875169325140e-01
-2.615662430227014834e-01
-9.677089106962444287e-01
6.700618867966811054e-01
-2.119955664263157014e-01
2.545556757996460528e-01
-3.363529605889968854e-01
8.643475345659151765e-02
3.860233509015066344e-01
-8.009964059515509716e-01
-2.332004918854136966e-01
-4.228617027051668753e-01
-8.395000828041608854e-01
-7.524885683687444482e-01
3.301528909907824882e-02
-1.000000000000000000e+00
3.759143895348166509e-01
-1.948938168144140060e-01
3.320195000452455525e-01
-1.333824472044856657e-01
9.164508505628071733e-02
-8.095068362682282803e-01
7.394099888645846996e-02
-9.232490642781712720e-02
-7.795525502531306383e-01
-4.359345904205733646e-01
7.067878817679230652e-01
-4.236161492707796183e-02
4.467349090989997662e-01
5.475372105908142828e-01
2.674774002470977630e-01
-5.045032696908500203e-01
2.436748522612693924e-01
1.000000000000000000e+00
2.692930778095922184e-01
-3.297363472998890432e-01
3.142513152978025359e-01
4.135841681757319588e-01
3.284825956549179415e-01
-8.347767411901829693e-01
-2.051392005051389522e-01
3.992768731409751526e-01
-9.046046390561213180e-01
-9.113618889855680250e-01
-1.000000000000000000e+00
-4.584129248376094257e-01
-2.836008810111201664e-02
-6.607502900609325547e-01
5.850282973798078823e-01
2.281726974534184493e-01
-5.089957772373862044e-01
1.000000000000000000e+00
8.473732234603307267e-01
6.634661469110073595e-01
8.745259849066326918e-01
8.879883084262271131e-01
-3.825165025780076222e-01
-5.214721744647172752e-01
-8.947126092197332792e-01
-2.112675135005514793e-01
7.105529220557010861e-01
-1.562140405441855284e-01
3.911752736919712481e-01
2.919106949302111703e-02
8.143309897807703424e-01
1.170265472025894260e-01
-2.930454929020563370e-01
-4.826907750704075295e-01
7.557922883090915089e-01
3.866271665368815058e-01
-2.774414439913951425e-01
1.557401949257711526e-01
-9.355765986294307945e-02
9.499116146066681754e-01
5.725253443839922046e-02
-7.875111395395038016e-01
1.741943405133640488e-01
-1.010935127361352048e-01
6.656399521857034873e-01
-3.978191530114912333e-01
7.926102889463561008e-01
5.143760752041693501e-02
-1.000000000000000000e+00
-8.085417622433740403e-01
8.176298086881224059e-01
-3.272175584363755385e-02
-5.705412784646067825e-01
1.013473995406326128e-01
-4.849103271984373520e-01
5.713365638555768511e-01
-5.135959647066742351e-01
3.122471016141001310e-01
-1.373856515743694662e-01
8.871918665031354179e-01
1.000000000000000000e+00
1.000000000000000000e+00
8.803961512283442481e-01
9.474713454411692881e-02
5.589734882648755843e-01
-2.524790441786937123e-01
1.193458792260033152e-01
