-3.088567641502724115e-01
6.119238531903772316e-01
-7.083597029508702514e-01
2.925777364068647968e-01
4.269456418691723321e-01
-1.945208168496544154e-01
3.220658268422955106e-01
3.180912546673143049e-01
-9.295992194915094764e-01
5.301490494916540896e-01
-2.426250127050416650e-02
1.917925283199370112e-01
9.618715089578931954e-01
-3.880399593303138772e-01
5.951103281572809323e-01
2.358311240329863390e-01
1.912336236375005993e-01
-2.608751584650475380e-02
5.248873908929656551e-01
-3.815634663934956983e-01
1.942092356339953363e-01
9.609428261399804994e-02
6.005393336164343010e-01
-7.851750148104572058e-02
-9.511086960530693024e-02
-1.951185340014565672e-01
5.933030537087998768e-01
-1.665359653739100776e-01
2.785908048168233009e-01
4.288023446877449740e-01
-5.459675259585103912e-01
-2.587775124544033217e-02
-9.073754193945019475e-01
-2.014299639545286125e-01
3.917495351128180703e-01
-2.120201773174501259e-01
-1.000000000000000000e+00
-4.681709856676881110e-01
4.834096473940562300e-01
-4.409134533494050295e-02
-4.777643983100290925e-01
3.657924392267976055e-01
1.371899925973731893e-01
-1.895417252197454383e-01
-9.285439412758680344e-01
1.229624697864283855e-01
-5.199652829841991952e-01
4.946535667489675991e-01
-4.358059198532276413e-01
1.880471220853585090e-01
-5.371245430248776653e-01
-4.898919514156513944e-01
5.179160735873538091e-01
4.974582404276006731e-04
7.893836165568514085e-01
-2.999687822488454336e-01
-2.795425352375489614e-01
9.341677500008014334e-01
6.206292975003272622e-02
-8.216542531195714094e-01
-6.923826232228806887e-01
9.443442820150000916e-01
3.045377072922423323e-01
-7.231560890012448395e-01
-2.069919429550343137e-02
-2.764027811776137433e-01
-7.625415030811329986e-01
7.762810950563586720e-02
6.499647314333085735e-01
-1.000000000000000000e+00
-9.266421415794363625e-01
1.768358130715688425e-01
-1.251568026367248510e-01
3.450034122167937034e-01
4.319242524031589037e-01
-1.000000000000000000e+00
1.000000000000000000e+00
-2.887766458145754056e-01
-7.880943217378088006e-01
3.661083839602578549e-01
-3.192784869759486277e-01
7.190208503590735933e-01
-1.000000000000000000e+00
-5.323496815284148864e-01
-8.415840079147873798e-02
1.000000000000000000e+00
-2.255597501760828738e-01
-5.877320362248981134e-01
7.176155153771039963e-01
-4.287289137158465380e-01
9.287751122438727691e-01
-5.531154851104067571e-01
-9.623510635656971068e-01
2.140689599052507108e-01
2.065877859664261851e-01
8.885104312449574326e-01
3.483258715923008564e-02
3.858680304852474263e-01
9.358222794237349706e-01
6.731624421794986102e-01
1.305830426237045705e-01
-5.085196993039330093e-02
-4.919701202125137951e-01
-1.907767856977624077e-01
2.175980048864043781e-01
-8.416279887909540181e-01
-1.991811419689843154e-01
3.005605359524517461e-01
6.758476730696986179e-01
-5.105664140728939371e-01
-4.290438270790887798e-01
5.281929590859490986e-01
-6.349551623119733534e-01
4.310645759862293674e-02
-4.462018749299996867e-01
1.000000000000000000e+00
-4.700884690517070919e-02
-8.955828330152888483e-01
-6.659631174601270409e-01
-3.095585678561309229e-03
9.263663646038975408e-01
7.550440179775402827e-01
-1.959524101447574496e-01
-5.282797609785967463e-01
-7.227293995262042969e-01
3.878193998350606408e-01
1.488069021121243285e-01
7.408792121672755915e-01
5.304218705471385187e-01
4.035147218316454953e-01
-6.924855290762097493e-01
9.991868476647344233e-01
-9.367582249777139242e-03
6.157200019149045023e-01
-1.110876518059148721e-01
-1.000000000000000000e+00
-6.776050950075102053e-02
5.200081556118865134e-01
-3.632199635318543451e-02
-3.911720023903284549e-01
-2.195142114185359150e-01
-6.597841667815800282e-01
-1.000000000000000000e+00
2.373668177134963808e-01
8.413655374898058037e-01
-2.565666223288963765e-01
6.529985802434236097e-01
-2.434457619010655938e-01
1.000000000000000000e+00
-5.012555949412746958e-01
7.533402664444729946e-02
7.632784845073221636e-01
-5.689784759403441194e-01
4.398987060918048697e-01
-3.631674670939608052e-01
7.875887768453591065e-01
7.267472906917563646e-01
5.089617077387025290e-01
-5.462366410800730820e-01
4.102306614625129688e-01
-5.286049727998249903e-01
5.681324944712717873e-01
2.782196737562954159e-01
6.468576039338046479e-01
3.872069514742011997e-01
-1.000000000000000000e+00
-3.350339234698623270e-01
1.739574695957208095e-01
7.568155595602302221e-02
9.681452391655592793e-01
5.224716967731637962e-02
-2.145310940859608828e-01
5.500436935750266931e-01
1.748261573155067139e-01
-2.473196081326693441e-01
9.894219826258639217e-02
-1.240892005475026788e-01
1.033308301700609222e-01
4.662877872181806493e-01
-8.238711738072270752e-01
2.201918937560514988e-01
-1.000000000000000000e+00
1.000000000000000000e+00
7.152396115888363104e-01
-8.826957053344314241e-01
-1.000000000000000000e+00
9.072770046594278437e-01
-8.063081951276800108e-02
5.094547750950473297e-01
-2.720602653142499827e-01
6.422623533630447135e-01
1.420648180238709424e-02
-3.190290928945688775e-01
4.078887160502866482e-01
4.229166785827650488e-01
9.702089688955517488e-02
-1.144947125307721331e-01
5.532211422903702269e-01
-8.246017611220024524e-01
1.546724347687131462e-01
3.673632527997223729e-01
7.063761340932583899e-01
-5.810952452469835272e-01
6.515436715838240911e-01
6.753791069582110174e-01
6.193398082687446848e-01
9.901430152791904638e-01
-5.227753004709148055e-01
-6.600750097330871924e-01
5.318251292962175025e-01
-2.130526729903019501e-01
-6.146380385628701370e-01
4.685967135608383183e-01
9.064022627413179656e-01
-2.072763764331708447e-01
6.597155467213199342e-01
-4.369941856664383978e-03
7.969515993477861437e-01
-3.062612472850579359e-01
-2.322125990723238054e-01
6.813024310125617156e-01
-6.047864718161719555e-01
6.532657059184890924e-01
-9.626788436689677209e-01
4.149779899266545780e-01
5.972069289637853551e-01
2.101790434148376741e-01
3.087740099694238904e-01
6.529876149379902905e-01
6.271199306628589820e-01
-3.365902753633762123e-01
-6.911813137930437057e-01
8.766561834654372498e-02
5.033260611135456086e-01
-4.214529265336013353e-01
7.768331085146791271e-01
3.514304068291244643e-01
1.258860376152486360e-01
4.170728780880238462e-01
-6.397088423898130705e-01
-6.081455910357515954e-02
2.423348930463284367e-02
3.450989959171232302e-01
-6.238701820819175792e-01
-7.512299249202215590e-01
-6.069609322298956666e-01
-7.497192049504601830e-01
3.876834879845091758e-02
3.485856962472400067e-01
3.110397854634550097e-01
-6.610382813194033425e-01
-3.354629831914220373e-01
-4.532431530531421116e-01
7.751797219293371510e-01
-4.650258674648210522e-01
-4.930817775582840845e-01
9.409153585259121266e-01
3.998614112939381515e-01
7.495430439189707528e-01
-9.931467260169865030e-01
5.161132490141417950e-01
2.253702962741545301e-01
-3.619144172216078870e-01
-2.852879646310823442e-02
4.055933653450288223e-01
