4.322450413234958377e-01
-4.442643691802202754e-01
-3.870953499403657072e-01
7.066874843400841044e-01
-2.409013356561623964e-01
3.221775508159486212e-01
2.083563347673890176e-01
-8.325306083804348001e-01
2.749570726029165746e-02
-2.713085052782682194e-02
1.283639621608328174e-01
9.379688647192988560e-01
-1.390053407148691966e-01
-2.689174639521215715e-01
1.092932769341736776e-01
5.371762041870329352e-01
4.684819816558800087e-01
5.308498346711126858e-02
1.166114597382562346e-01
4.043627030909912601e-01
-1.793808066313484217e-01
1.944684409758802024e-01
-1.000000000000000000e+00
2.003488032177627720e-01
5.579876786231747349e-02
-1.762639061333731438e-01
3.553989612606641701e-01
4.205282998712860376e-01
1.000000000000000000e+00
-6.913343381413863953e-02
1.511645682890715436e-01
-3.674560508848123686e-01
-1.031963182813246949e-01
5.855103707603028784e-01
3.687453670649019910e-02
-4.133586431292192165e-01
6.244229231668426694e-01
5.193615867766674388e-01
-2.841831511173681379e-01
6.949165565526830290e-01
4.724905780950041656e-01
-8.858652270303917220e-01
3.439658244702161194e-01
-1.625068290538009275e-01
2.494191363513434956e-01
-3.688438078082700855e-01
-8.456197093401051079e-01
-3.163936119584610518e-01
1.494046125501919953e-01
-3.996378473712916546e-02
-1.039866338021631642e-01
3.503498463084064873e-01
-3.425599613544791366e-01
-1.000000000000000000e+00
6.056029492919423607e-01
9.124220305206089954e-01
-4.087091459255547399e-01
-1.000000000000000000e+00
-3.106494456795299564e-01
8.938239377461398849e-01
9.696556123960982099e-01
-3.506638405402953129e-01
2.287167641211287905e-01
-5.820167501874250193e-02
-5.055902174944495453e-01
2.204134246990275270e-01
-6.835083025260992873e-01
5.651108092544230299e-01
-3.334668729429328682e-01
1.929418318122227971e-01
-2.237277487711050727e-02
4.926053381548638477e-01
4.203365921923662984e-01
-1.000000000000000000e+00
4.420632180262655253e-01
-2.858694165734826931e-01
2.587877036794096197e-01
2.421644437004548955e-01
4.178188974377264886e-01
5.172281205761359441e-02
-5.968765172689021181e-01
2.759706298997652851e-01
-6.146342319936832360e-02
-3.114144421210173208e-01
5.443495780750720048e-01
-3.669101383616206746e-01
-4.949804770005520327e-01
-6.593122250918967975e-01
-4.231718160050605415e-01
6.095390864778085227e-01
3.562604511003062413e-01
-4.124893778573278103e-01
-2.086647749861497148e-01
1.615161736151465854e-01
1.717569080271807991e-01
4.560469079235749401e-01
-1.907180870186692689e-01
1.660950927844838387e-01
-2.691640334598637829e-01
-1.248814991631976151e-01
-2.600566898632161728e-02
5.887093939531212738e-03
2.328114613601087735e-01
-4.696943486087830077e-01
6.338625102171441261e-01
1.521305989792487157e-01
-5.652473191657240159e-01
5.300756564541508897e-01
1.214107368406457943e-01
-1.000000000000000000e+00
6.556884701385864433e-01
1.227656328827744225e-01
-2.143343002043461287e-01
9.761987954458301031e-02
-1.172345351187482065e-01
-3.968704117636551731e-01
1.235714356083293386e-01
2.279256620335082251e-02
3.308825438161893673e-01
2.896197349277362942e-02
-2.607901444560551951e-01
7.402350604499310927e-02
5.143514188818346655e-01
-7.829795227714629602e-02
5.823911480516792416e-01
1.100228671442228801e-01
2.184360200627306625e-01
2.184003012888638962e-01
-5.409308920146683741e-01
-1.685408919258502697e-02
-5.059608878085903871e-01
-5.696428113200787541e-02
-4.324886400925601060e-01
-6.679614355927934177e-01
-7.301916793631513247e-01
4.236282274561183891e-01
4.986195545698141607e-01
-8.148935174560676398e-01
4.391714255895622088e-02
6.287469342960648744e-01
8.114954587355234228e-01
7.400896041903705092e-01
9.984549892695806506e-01
-2.381835773972325598e-01
-9.932941958742498301e-01
-1.457765922475915965e-01
-1.836158014197813160e-01
2.511421780752747246e-01
-1.075311341104124296e-01
-5.291018871606903984e-01
-1.747159413954397778e-01
7.914256786514368702e-01
2.050004051291494656e-01
7.352239215429219321e-01
1.267007719665879106e-01
3.779726889481581642e-01
2.349117769216136353e-01
2.566802296065947564e-01
4.533765761527458471e-01
2.642412366536951440e-01
3.028143077558996810e-01
4.374986150441078081e-01
-6.934930816646918128e-01
5.472098731436040309e-01
-5.763429415126439803e-01
-1.000000000000000000e+00
-5.463811222806651546e-01
5.081082645017426236e-01
-2.503926540279443058e-01
-1.912252676761752868e-01
2.846346141422852472e-01
-3.045951646860225459e-01
4.008493703615663151e-01
-3.475221605122346680e-01
-6.339533208185470503e-01
1.598792618743122007e-01
-1.000000000000000000e+00
5.542191400579526972e-01
-9.012965304788145282e-01
1.047303313293926202e-01
1.017482442056073522e-01
-4.910995163726028512e-01
-5.413469709487606085e-01
-1.551923125523222979e-01
1.665083223331425555e-01
9.376897885692161982e-02
5.634102888832966949e-01
2.489238983076164091e-01
-2.693098322172500780e-01
-1.000000000000000000e+00
8.274281989472916932e-01
6.666805065921102003e-01
7.748960165490792473e-02
-1.000000000000000000e+00
7.670713910718078843e-01
-7.668672408289710363e-02
1.029293357481502746e-01
-4.729632714421333484e-01
1.968524619753085902e-01
-4.530295483283713898e-01
1.395857197933318139e-01
-2.480419568650362172e-01
6.197134748896750978e-01
-6.325281629406673267e-02
-2.079054243909272681e-01
2.442133983830477584e-01
1.000000000000000000e+00
4.542332166425920303e-01
5.437821829028639531e-01
1.094681914046276017e-01
-9.847824271742983138e-01
-4.379127376764899715e-01
1.119746301471258032e-01
5.025878982770665138e-01
-8.075209790608048888e-01
-3.310667546492478963e-01
1.000000000000000000e+00
4.522586934871990483e-01
3.217477637076272545e-01
3.500896198940053328e-01
-3.650676860042647576e-01
-8.056944517749125012e-01
-5.917352506226742914e-01
4.226893293000202334e-01
-3.828065694942094921e-01
-2.069103007937649341e-01
3.971315070081180565e-01
1.000420699454313972e-01
-1.000000000000000000e+00
2.037474696488221770e-01
-3.944325079872348927e-02
-4.064675290245202133e-01
-4.863207260627178119e-02
1.454013240414905872e-02
-1.887152637108469033e-01
-3.414405861547821774e-01
-5.392330956801451025e-01
6.733851669012856922e-01
4.522930605658541103e-01
3.699952196687374406e-01
5.282796629151484957e-01
-7.570641401900982115e-02
-4.585031390948892671e-01
8.702605545485210259e-01
-1.191685805243081209e-01
-3.653221488972716591e-01
-4.813789023771169462e-01
-5.647876303942459542e-01
1.972768854247337056e-01
-7.012040962389488596e-01
-5.287272183967252071e-01
-3.031871644594903992e-01
1.000000000000000000e+00
1.808298887021314305e-01
-7.715191986190730322e-01
-8.017513164099989709e-01
-8.094387294359893792e-01
-2.162888209839220477e-01
-1.243583748547946177e-01
-1.000000000000000000e+00
-4.548010029139943344e-01
-3.106398566625049318e-01
-8.599471234702504852e-02
4.243693934961308423e-01
8.347703157105590410e-02
