-4.747529824689095124e-01
-2.946890196488317626e-01
8.069295837487200362e-01
-5.790062498222114939e-01
1.378801186895729780e-02
-4.160030462304351584e-01
2.715546829057974287e-01
-2.246449397333888376e-02
-4.819521839940562047e-01
-1.272319533664162949e-01
-7.561142472857527164e-01
9.640773064204632981e-01
-4.590266030307078582e-01
-4.586099615754461456e-01
-5.938862407394849274e-01
-1.672727361322196848e-01
-1.940967155894138541e-01
1.555193566173358188e-01
4.604770838176886483e-01
-3.748960567282766387e-01
8.302545489254911093e-01
-6.287884055366974034e-02
-1.862031499302241877e-01
-5.573102354765248068e-01
1.104243972331281631e-01
3.604677073292854583e-01
-1.975180825876658997e-01
-3.372946458316244955e-01
5.109679350975258189e-02
7.157904452044400179e-02
-6.842428645079626226e-02
-2.982763441277394012e-01
-4.877540069648436116e-01
2.755312585362791333e-01
-1.000000000000000000e+00
-9.599699547996216609e-01
1.028840949864694571e-01
5.693203726315617663e-01
3.842171540691846632e-01
-3.591797895076032643e-01
-1.000000000000000000e+00
-7.174946675189228240e-02
-1.731759147206383131e-01
-4.168458226994556370e-01
6.985508293791133083e-02
4.203460246630922326e-01
-5.025626577574882070e-03
-1.004690958865185335e-01
3.895819025314081752e-01
5.263924316376318302e-01
-9.175998979012664480e-02
3.545213785611590063e-01
-4.865543081436989326e-01
-2.221777212085303821e-01
-7.199835153564640433e-02
1.000000000000000000e+00
-5.934562637122916401e-02
2.614102900061188173e-02
-1.000000000000000000e+00
7.854311327684737609e-02
-2.554925083704824573e-02
-9.030401834317324239e-01
-1.774294401008084110e-01
6.170815653837795622e-01
1.718987957579894144e-01
1.000000000000000000e+00
-2.263191291037493780e-01
7.327495147875498493e-02
6.356427626268078557e-01
-1.020202462041217562e-01
2.229245130207600234e-01
-3.156396480480087030e-01
4.027492547865708095e-01
5.005148685703074696e-01
5.909992335054654600e-01
3.871166830134381565e-01
1.427061630108280021e-01
1.853525757432928078e-01
-2.651565578478559115e-01
-2.153317331116692823e-01
-4.103745769827503720e-01
4.389826804241911962e-01
-7.802626542803242637e-02
2.747066060711875202e-02
5.225514858778958216e-03
4.672372914377378450e-01
3.681180435751890689e-01
-9.877707559190035402e-02
7.178235912859755041e-01
-6.570227424222557788e-01
-2.035275108674730604e-01
2.880769328221287617e-01
-1.000000000000000000e+00
2.337249306328534337e-02
-5.698265423385375783e-01
5.423948369516009560e-01
2.976647533372412946e-01
3.248086113904500860e-01
-3.432855575393700676e-01
-1.918448130052919087e-01
-3.637865536841129455e-01
2.387088689172696121e-01
3.943890798654502150e-02
3.157517325271721464e-01
-9.447801991332621663e-01
2.008101316055578844e-01
-3.811315414469599872e-01
-7.844227888952337580e-01
2.607364359945227306e-01
1.000000000000000000e+00
-1.485895860530269397e-01
-3.029707907291950275e-01
1.271568315826293594e-01
-1.329349578487249162e-01
6.242277809979146497e-02
2.698008889493316853e-01
-6.385665295499847183e-01
1.071792687431148694e-01
-3.355135112215520410e-01
-8.705685611733537943e-02
-4.389337625760469930e-01
-5.935693859588042631e-01
1.105386295053411572e-01
-2.956215401012589061e-01
-5.735452281078015080e-01
3.939146754921827309e-01
2.203034033025883520e-01
1.555484731872482373e-01
-2.068708739959124465e-01
-1.157362473276866838e-01
-4.848295094020585450e-02
-2.073748198177625957e-01
-2.034685985855066437e-01
4.300046695859325863e-01
-3.696276687640203118e-01
-4.805085399966581017e-01
-5.840488314499945322e-01
-1.000000000000000000e+00
7.865892755330382291e-02
1.000000000000000000e+00
-3.450769907957298988e-01
2.634321425329060329e-01
-4.760541828873946502e-01
7.441118705081675166e-01
-2.823579287209654343e-02
3.656351327897805481e-01
1.469942359852837166e-01
-2.068252816106636582e-01
5.471178923898262214e-01
2.082682283917432209e-01
-1.142757603740545691e-01
6.438906986087976347e-02
1.239703938909741676e-01
3.350288643084554097e-01
3.317450717381681402e-01
2.959702201611087991e-01
5.669663773391767636e-01
6.022795999137297018e-01
1.512618690487141926e-01
-1.068411329471156135e-01
-3.964628540019212166e-01
-3.632822640400794612e-01
1.104231483813060549e-01
-2.964836086540838522e-01
4.568359869022962233e-03
4.112929841588623403e-01
-6.199535026751303857e-01
1.409722307656511020e-01
-3.512019524148925487e-01
2.312873043546157803e-01
-4.947388876414889058e-02
2.791431632414287378e-01
4.649154302178252207e-01
-6.184694367264363946e-01
-4.626426881724016171e-01
-2.239512786052252347e-01
-6.449500390526099469e-01
-2.109603155454159995e-01
-2.168992960448491991e-01
1.690640835533658293e-01
3.682971596377833667e-01
-3.357064868307327865e-01
-5.649787822747081023e-01
-3.058428065904072457e-01
2.416513499727773739e-02
-6.904761739778168816e-02
-3.320287785363865152e-02
-2.885601300833139371e-01
-1.000000000000000000e+00
-7.349599603980299101e-01
8.368549380360551515e-02
-4.476356725137969894e-01
-4.613845087737861173e-01
1.273057184614351245e-01
-5.411045471347535329e-01
-1.369276031110199521e-01
1.180942081272899069e-01
1.668942820539007776e-01
-6.496378177375536356e-02
-5.449554967314304554e-02
1.000000000000000000e+00
-1.492092419514243207e-03
-4.813108079192496835e-01
1.000000000000000000e+00
-2.032246159170146005e-01
-2.074996894778461387e-01
-2.854213790253687932e-01
-4.486489467175956425e-01
-1.638959184501138644e-01
3.825051854339025503e-01
-2.581666694712910215e-01
-9.791576892091696793e-01
5.422706328180653124e-01
7.593574137066986252e-01
3.608587491691369470e-02
3.789166310716359787e-01
1.000000000000000000e+00
-3.758159095829817775e-01
-4.142050892804726159e-01
-2.559328593982340694e-01
1.000000000000000000e+00
-2.895090157631121652e-01
-3.028308262294130970e-01
1.486774376232281869e-01
-6.372521577048766428e-01
6.629523195513544742e-01
-2.703185940770522211e-02
-3.803250201467155422e-01
-4.145321803782484049e-01
-2.222287207420028388e-01
-3.695435408968175128e-01
-5.375283761951126227e-01
3.421278525063600751e-02
4.637121595978077604e-02
9.833044802327706169e-01
-8.307198583064816233e-02
-9.076599798317136480e-02
5.484812369861546966e-01
6.831323905315621614e-01
-4.098767983898446987e-01
9.881623424180742410e-02
-1.990764245892961692e-01
8.180995969432787451e-02
1.254453023107518495e-01
-1.481242283185219555e-01
-1.039607121711681736e-01
-6.545783412686893010e-01
5.058278522967349922e-01
-4.895817221479721870e-01
-6.702167912086138823e-01
-8.845946491727282313e-01
-5.669481310124901974e-01
-1.706410345378087112e-02
1.112486991698724559e-01
1.587059912574317055e-01
1.838305849519133173e-01
4.528443639991360237e-01
4.335529319963916661e-01
7.528372918710398709e-01
7.386157495266046369e-02
-6.714856619871311105e-01
-4.927673085700012834e-01
4.300962822378527894e-01
3.132268218550948724e-02
-5.189048705502106174e-01
