-8.995310852638420396e-02
-4.815747498428927242e-01
3.383515445822538603e-01
1.546001554038220760e-01
2.361508877426405917e-01
-3.452362028045155573e-01
5.577991444216521266e-01
2.903214437767386302e-01
5.532335374789076887e-01
-8.624843680364915333e-01
-1.000000000000000000e+00
-5.599101744701072692e-01
1.782608888781276879e-01
1.040381989996263939e-01
9.364373787129698368e-01
5.021113029286660145e-01
-1.838117304012957254e-01
-7.559208451523682371e-01
-2.566111388863845377e-01
-8.855486696236858357e-02
-6.316918956005866947e-01
-3.696209742754011929e-01
-5.154515325405606418e-01
-6.489822029560456951e-01
4.153680873036928456e-01
-4.527301494139238103e-01
1.329792896125774893e-01
9.835824195336767550e-01
3.270923555920341452e-01
-2.793906240008157682e-01
9.454671137922884272e-01
-3.586296045224768303e-02
-2.200316511359387203e-02
-9.136123611158241120e-01
-7.012177319464932834e-01
-6.160217937507895813e-01
-6.324924071541896536e-03
7.587390549838560760e-01
1.000000000000000000e+00
1.836114537463871266e-01
-8.334090322665348438e-01
5.424668758084959519e-01
4.383418740347029274e-01
-8.984686408742501018e-02
-3.343718805801606520e-01
-3.662184688004873068e-01
-1.000000000000000000e+00
2.710286586741469383e-01
-8.608170819605490132e-02
-5.195512427159654223e-03
2.587685309254292992e-02
3.653926928151991493e-01
-9.445596915436269003e-02
-7.474672017632687515e-01
-4.032095393423523189e-01
-7.860973508779635355e-02
-7.341183489884980373e-01
-2.202839566902798918e-01
-9.666095166705096497e-01
-9.686673367450256977e-01
1.000000000000000000e+00
1.904287053470528901e-01
6.542695168154920582e-01
3.801175239491244029e-01
-3.430056995993349123e-01
-9.827707044658958724e-01
1.009280361501519729e-01
-2.575158333708584824e-01
-9.608134120815619017e-01
2.986244345031919822e-01
-5.657885954552887009e-01
-7.867647496686697162e-01
-4.236666551996594587e-01
3.465416182477468188e-01
6.892645474052532251e-01
-9.579107962450971181e-01
8.590548073517192407e-01
1.244877996206250059e-01
8.187098120046472360e-02
4.063737439495773152e-01
-6.818501553052291886e-01
3.481516508507864760e-02
-3.208910151139687805e-02
3.721834974773656768e-01
5.025856812596667389e-01
9.154105383167638887e-01
-1.000000000000000000e+00
9.711776714795779253e-02
5.068476922664316708e-01
4.596015458116732844e-01
5.314373853839220452e-01
-2.419332345161302744e-01
-5.490550173304966641e-01
1.694792200842159813e-01
-5.432197113848242775e-01
5.622340581435919526e-01
-7.873412566080426056e-02
3.353185582389635044e-01
2.784796017837879445e-01
1.137891809033586138e-01
2.258409200235283742e-01
-2.334930191495717677e-01
-5.704372622327731346e-01
-8.477746810952335732e-01
-9.781461556735863982e-02
9.697198398032975675e-01
-9.374718744196989251e-01
7.700925439913471893e-01
3.019951282838502227e-01
-9.414686080366856391e-01
1.000000000000000000e+00
-5.090555706437283057e-01
6.033502241214583339e-01
6.714484530178052579e-02
4.327190842840434870e-01
-4.749370527958521326e-01
-7.002471284693224662e-01
-6.382029528337233026e-01
6.808554464065821876e-02
3.039844888393843370e-01
-3.196989676137537151e-01
-9.681959089064298696e-02
-6.215423510259575623e-01
-9.843925928935607361e-01
-8.995135890832959280e-01
-9.596940483341759309e-01
-4.323670870852965031e-02
8.383744800439393297e-01
2.315374330555215465e-01
7.449678762616415151e-01
2.597546603005718158e-01
-9.381727593644051399e-02
4.653789389735834559e-01
7.677815016717791374e-03
6.518508232655206847e-01
4.614525465054096776e-01
1.000000000000000000e+00
-1.000000000000000000e+00
3.662469099180067911e-01
-3.929400806363587684e-01
-4.919030950638783040e-01
8.063509681261120388e-03
7.622774094721431748e-01
-6.385604072961496014e-01
1.644633880051752928e-01
-7.936623309115287128e-01
-3.013126848633309596e-01
-3.662383873584147964e-01
1.353853861496298605e-01
3.653694304523548708e-01
-3.906847038456655596e-01
-1.404462463513036496e-01
-3.259391629639070698e-01
-1.957627789616359776e-02
-9.741940985319127444e-01
1.784874385879410275e-01
4.163189472957140591e-01
-8.028623831444997583e-02
4.254087608278000476e-01
5.365363841147646751e-01
-2.000516080299821753e-01
-6.123677767064232835e-01
2.388605925851300937e-01
2.229850992939417798e-01
2.397851908716316094e-01
-1.448392581654019406e-01
-2.320683426991010656e-01
-8.016870364948353034e-02
-3.686617582242400215e-01
-1.000000000000000000e+00
3.188290463627760363e-01
1.000000000000000000e+00
1.000000000000000000e+00
-2.620646787220237695e-03
-9.124238869629552884e-01
1.848299697899531968e-01
-6.215144189897078147e-02
-1.123531926592411245e-01
-9.147260513697625939e-01
1.000000000000000000e+00
-9.432480978467394639e-01
3.121956539035111722e-01
3.683837099745854715e-01
-4.156166374478351133e-01
2.273565286935830820e-01
1.598927713300374309e-02
1.715312002701756822e-01
7.307290340952919683e-02
-3.365863928338905242e-01
-6.073714528487060560e-02
4.168893690227027937e-01
-9.646338507279514918e-01
4.438953112649932642e-01
-1.399081709442490107e-01
-6.928460007628320927e-01
-1.026110861987963307e-01
-2.835551165990713440e-01
-1.000000000000000000e+00
-7.135916208680790351e-01
-9.104722703001819628e-01
-3.686125244225341158e-01
-7.284182264819320796e-02
8.613705102200631680e-01
9.478742959670841128e-02
6.337277433246757408e-01
9.012727089795684321e-02
-2.894758160742814113e-01
9.613782493783399330e-01
2.134163090585233791e-01
1.000000000000000000e+00
-1.000000000000000000e+00
-6.641545485956810158e-01
3.622065184124924342e-02
6.356364779877859972e-01
-3.829084203410888509e-01
-6.654265147787602475e-01
8.371746844667203868e-01
9.964025993525374991e-01
1.617528387906429499e-01
2.225198359879121957e-01
-7.781961554087915012e-01
2.347670641550669846e-04
-9.476133026657876934e-01
-2.106538093642707776e-01
-1.284517865346596899e-01
3.639891437895795834e-01
1.065843855930745099e-01
3.764157545784164727e-01
8.572735434868833382e-01
-1.109172381043496136e-01
-2.437887757839210245e-01
-5.303754684879327108e-01
-4.646934264407120430e-01
-8.735382002934786172e-01
-1.416648432827170290e-01
-6.722207770473224153e-01
3.234583958965190909e-01
1.000000000000000000e+00
4.966508993213528469e-03
-9.802110873473335317e-01
7.678412459985020089e-01
-3.386844769213041145e-02
-5.696921827800506266e-01
-7.511222489620361653e-01
6.273787758686496518e-01
2.287949695990466048e-01
3.907927025347537331e-01
-5.434601155058393918e-01
1.321397531926843567e-02
1.367722118683138421e-01
-5.008223853120739033e-01
-1.999497676246824174e-01
2.886838392189293168e-01
1.952021786963057115e-01
-1.412566944864308560e-01
-1.000000000000000000e+00
7.923740021091282282e-01
3.152367929681205161e-01
4.090651937864088206e-01
3.938804570354589862e-01
5.707909188944809697e-01
-8.449481027572928182e-01
5.715883530063395890e-01
1.000000000000000000e+00
-1.509181632792908345e-01
