-2.593676601384534708e-01
4.744847154469602479e-01
-2.226178372885707357e-01
5.407056250381531148e-02
-2.310164989804461000e-01
-1.759313658051712970e-02
-2.365635712692891190e-01
-3.545061998516815249e-01
-1.000000000000000000e+00
5.810018347148288020e-01
3.522100870426838615e-01
8.445234589768341182e-02
3.591575267768702673e-03
-4.914133543587100861e-01
-5.934132034166575975e-01
5.445806505615433668e-01
-1.000000000000000000e+00
4.258047404847746797e-01
1.000000000000000000e+00
1.932518089609085998e-01
-2.558525284064982475e-01
-3.722234983479130732e-01
-1.000000000000000000e+00
2.329464731920671550e-01
4.945604416046738283e-01
-5.055246315103030241e-01
3.694335589820693100e-01
-5.272895595460623808e-01
-3.855426984036249283e-01
1.355295752280634425e-01
-1.406664811577878760e-01
3.122883340218348680e-01
-3.293046756333285474e-01
7.732563616955194785e-01
-3.859114815474241067e-01
1.426852655460660313e-01
6.483855696582355721e-01
-3.565882912016056783e-01
7.160616640539224642e-01
1.752628977242212394e-01
-2.789709893766826876e-01
-2.948740174437361472e-01
-5.033913006539760676e-02
1.000000000000000000e+00
-2.672185028286304664e-01
6.661490902864221075e-01
3.476718981320769952e-02
-1.672307059810488328e-01
7.813044327633573982e-02
7.941436301874482684e-02
3.113360509977313728e-01
2.050565230065103106e-01
6.659369581229789004e-02
-2.020964227176457462e-01
1.000000000000000000e+00
1.000000000000000000e+00
-1.580278109301144762e-01
-7.876182525827951642e-01
-4.306680970485438076e-01
1.695371335986134431e-01
2.392156421921857179e-01
-3.336229745720931672e-01
3.181990777475937060e-01
1.462436313953999478e-01
-5.011972617080657777e-01
3.433457073722241959e-01
-2.356379725322273536e-02
-3.995587808135465657e-01
8.225916382497512613e-02
-1.622479966483540981e-01
5.622632497163081444e-01
5.594275601858074431e-02
3.099044834142760108e-01
-1.231626837011940701e-01
7.642623666029892959e-01
-4.959327912762921953e-01
-1.949250001566019130e-01
5.844415077943447834e-01
4.232567155912395629e-01
-1.509940624606446458e-01
5.305643007503737518e-01
6.895413691198912787e-01
-1.308293286012761347e-01
-6.505378646494368589e-01
4.156382439078149527e-01
-5.160460247865378963e-02
6.204806449731419260e-01
4.401032821279756702e-01
-5.908254502110732442e-01
2.072603239012468512e-01
-1.168190287678466249e-01
-2.111274763189503190e-01
1.035932871898134350e-01
4.746923911487160863e-02
2.961711908013696659e-01
-1.104194326116361841e-01
-1.000000000000000000e+00
-4.813557368684008297e-01
4.510305466400982288e-01
2.577180008114520193e-01
-2.936014480484365752e-01
-6.317737483322973802e-01
1.350827506084765761e-01
-4.038587689569848038e-01
1.695913586906149240e-01
-1.000000000000000000e+00
-9.955555983468694636e-01
8.590333898767323895e-01
-2.222492305039420191e-01
-2.952548225335825394e-01
5.423743542135783802e-01
-3.478003633000109063e-01
-5.250791805676360280e-01
-1.270918223614481146e-01
7.145249038552758947e-02
-1.000000000000000000e+00
8.361195848732158042e-01
1.859493879627199531e-01
-7.197322677500661570e-02
-3.339123590595777236e-01
-2.453373695562433288e-01
-6.253165754298084522e-02
8.591591921955285538e-02
1.102662714296321067e-01
-3.571849638661891424e-01
-9.368798403091108118e-02
3.984900513475819750e-01
6.079253420322910939e-02
-4.552891085515223257e-02
-4.874726610475276639e-02
-1.602482324498239463e-01
6.122878644552257610e-01
-5.980054135288792594e-02
-7.348574438636894524e-01
8.984110617368110674e-01
-1.369902475943330922e-01
3.287160182366241079e-01
1.472746955822096526e-01
-4.783416441723704060e-01
3.723988798755880625e-01
-2.726856558865023983e-01
-1.000000000000000000e+00
-6.199423560486275742e-01
8.136419177032783168e-01
3.780223429308717242e-01
2.563304760169168861e-01
-2.039801599178453773e-01
2.582230934718208748e-01
1.000000000000000000e+00
-3.497330872720495060e-02
-1.720972236909939501e-01
4.460602712541511528e-01
-3.721305660025014950e-01
-4.260872712291299269e-01
-6.520278790008116054e-01
1.000000000000000000e+00
2.442849012201643855e-01
-2.668733079263937435e-01
-1.615369143094295967e-01
8.213297420583200170e-02
6.642828605219507354e-01
2.397575881878621917e-01
3.424391684589315199e-01
6.292486115161679550e-01
4.934743356769571987e-01
1.330259546434001128e-02
1.678914583722544152e-01
2.171091462551364981e-01
6.110576675443898237e-02
-1.000000000000000000e+00
-1.925980708810541286e-01
4.318411669955838361e-01
7.667095112953963010e-02
2.674969495128257657e-01
6.979212128933818260e-01
5.528358520435990020e-03
3.139744504491576160e-02
-1.315642509341782285e-01
-1.361744327096766904e-01
2.825347377309202490e-01
3.367046296853498655e-01
1.155410252893054046e-01
4.570334934158937767e-01
3.804441015827541017e-01
1.010031136275454933e-02
-2.928487966872667103e-01
1.581053125341957133e-01
-2.158081817661325896e-01
3.888330739160080207e-01
1.000000000000000000e+00
-4.757736291195427958e-01
-4.181535120914813691e-02
-3.470600977334332704e-01
7.943598833426214478e-02
-1.201698283378614951e-01
5.178560559949788589e-01
2.569962994166974379e-02
5.067848503293137519e-01
-2.760739306025174478e-01
-2.219259835128982727e-01
2.961790229288036036e-01
2.401462396195678806e-01
7.654313936826950826e-01
1.503333450237606672e-01
5.367758942115844478e-01
-3.414820210161177982e-01
4.896187480830854755e-01
3.278121036268593635e-01
4.094112805381701081e-01
1.509997366160372168e-01
1.142060144405161182e-01
-2.561709229576242253e-01
7.704989961170192192e-01
4.353300893348440170e-01
-6.364880900122668050e-01
-4.116368315977046444e-01
-4.058911321126532079e-01
3.222452196930968293e-01
4.218928878373397473e-01
-2.389450458494360441e-02
-6.050387334295621589e-01
-7.628766187654094644e-01
-5.600395044802519706e-02
5.845087278194728564e-02
8.737347913468289651e-01
-4.348024754122515878e-01
-3.155640668400751525e-01
3.393520075840479322e-01
2.678856821873357719e-01
7.849644209624939695e-01
-2.217233907677662319e-01
-3.334778995912637267e-01
2.317733799103255388e-02
-6.911325363715454806e-01
-1.364679796682112811e-01
-4.216523981126686915e-01
-3.272003460818692089e-01
-1.351999035919431991e-01
6.075869606011731205e-01
1.701394875714670185e-01
9.572979693425592851e-02
-6.869742331479209430e-01
-1.000000000000000000e+00
1.352323748817155225e-01
6.149176237837802872e-02
8.072544455528776752e-02
-1.314820803533144622e-01
3.316579163595846924e-01
1.000000000000000000e+00
-2.926609700118639745e-01
3.000379234351129298e-01
-2.278411632968990741e-02
2.721544616296468488e-01
1.160488010223783423e-01
5.264641550481757859e-01
-7.274795007349175169e-01
-1.213388554671993996e-01
-1.690550043690418613e-01
5.578943860674369093e-01
-6.230751604553851353e-01
-1.945817168466791314e-01
4.241134068325023154e-01
7.303511903491142210e-01
2.570708081948883117e-01
-1.343753632397647335e-01
