
0 39.701683 -1.904465 7.666002 -42.0
1 57.601837 17.535038 12.655406 -30.0
2 66.16227 25.06943 16.940602 -20.0
3 66.752976 28.8012 17.557118 90.0
4 66.225448 30.567989 23.067208 -10.0
5 75.094638 29.800388 17.675014 -10.0
6 75.727 28.778471 18.634055 -10.0
7 66.247427 32.965562 18.208112 -20.0
8 75.091917 28.549634 17.816237 0.0
9 66.747727 31.091735 18.059627 -20.0
10 66.194865 29.131074 18.010847 -20.0
11 57.956575 30.246291 18.19868 -10.0
12 66.225448 27.118465 16.198984 -20.0
13 66.16227 28.370947 17.256618 -20.0
14 57.296218 25.470701 20.563067 -30.0
15 57.956575 30.160801 18.266402 -12.0
16 57.732142 31.250016 17.815405 -20.0
17 57.752976 28.39216 16.364393 64.0
18 57.732142 25.200625 14.784985 -20.0
19 66.16227 28.564149 17.607765 -20.0