4.291118249101509852e-01
7.858381588767097137e-01
-1.370559833287434692e-01
-1.140688404892800656e-01
-6.300648778828495944e-01
-7.427081987951689168e-01
-6.408572356887018984e-01
-1.365377566419284650e-02
-1.707803241264749250e-02
-9.262184706262828193e-01
-6.267246339226335561e-01
-6.557440872458444314e-01
-5.798517623856462855e-01
-5.547640135746111367e-01
4.719004529518265323e-01
5.891749281075884248e-01
7.219784054993892974e-01
1.000000000000000000e+00
4.336407516948512786e-01
-6.714539557079191034e-01
6.324197568740245190e-01
1.384766272536630538e-01
8.228945364876941171e-02
4.847765774851049425e-01
1.025453836475260783e-01
-1.067387780091978988e-01
2.413366814840078312e-01
6.741399186812785382e-01
-5.124575565184056325e-01
4.641783885186829828e-01
7.566436351149032902e-01
4.308017416926278043e-01
-6.452758085305325686e-01
-6.880489299303077511e-02
-2.372252941877152077e-01
-5.418940083652821205e-01
1.275560638762331667e-01
1.000000000000000000e+00
-4.058262649930692856e-01
-6.900514688220619197e-01
-6.593410453625155876e-01
-3.823419571640129799e-01
-9.289580604931908514e-01
-1.633599789174779437e-01
-1.000000000000000000e+00
1.550318840860898106e-01
2.063756945391022335e-01
6.478288715207377590e-01
-1.385986244363927589e-01
2.838990712657532001e-01
-1.000000000000000000e+00
4.501795734117005621e-01
9.202097418874777279e-01
3.724570239246913217e-02
-6.638564309961011434e-01
-3.066398444756901487e-02
-5.285144002025760936e-03
2.815039538600540570e-01
-1.693855944276066727e-01
-6.310263771871882366e-01
-6.534107919642689888e-01
-6.087336919738408625e-01
2.807230160728644286e-01
3.040362130630828164e-01
-4.798012801023675000e-01
5.834523164346869795e-01
-4.760133161024376336e-01
4.325848425371844330e-01
9.080524205725077902e-01
-3.834406116759672134e-01
-1.000000000000000000e+00
-5.180104999106364960e-03
-2.407946488726057654e-01
-7.906809155917509102e-01
-1.918395954670438497e-01
-4.848567116502809360e-01
-7.646195558641145640e-01
-8.662649937428148483e-01
8.224100894513081128e-01
-2.711722299893455368e-01
1.000000000000000000e+00
8.237839835725528637e-02
2.962628880728845338e-01
4.199195657125364134e-01
-2.602928432281173543e-01
1.000000000000000000e+00
-6.129940411757162089e-01
-1.852750766327518894e-01
8.998045300831937210e-01
-6.911763325315012363e-01
-1.000000000000000000e+00
1.000000000000000000e+00
-1.558674981382134339e-01
1.252222108263711664e-01
-6.456209568965770584e-01
7.269445194454207115e-01
2.384684247338813012e-01
-6.688266692048649986e-02
-1.245793131136157111e-01
-3.673601887964327017e-02
1.890135787399390976e-01
7.060365718903237608e-01
-1.000000000000000000e+00
2.204043370147735770e-01
-7.036593150863412749e-02
-3.701209352834487487e-01
-3.923321208492938639e-01
-3.614354609102351512e-01
-3.195836336601384775e-01
4.515113463451435605e-01
1.000000000000000000e+00
-5.119986441028120394e-01
-3.900490095553642983e-02
1.171088811596238261e-01
-8.101668234546680059e-02
4.272112139290777377e-01
5.177913250825287861e-01
-1.684839719043546569e-01
4.555394036091599957e-02
4.040358815768158030e-01
8.279761671637604348e-01
-4.671733732328742228e-01
-1.297730675850028159e-01
2.476041080604548736e-02
-5.651271951717478093e-01
-2.972666890213860325e-01
-9.094201346409696018e-01
8.173286218617845655e-01
8.577795792322012725e-02
9.442851676824068896e-01
-4.477732525538051234e-01
9.622510892611054745e-01
2.937051000362260189e-01
8.130036910955176221e-01
5.249012669072901094e-01
-5.000433500380431218e-01
3.904619243651674676e-02
1.515881014195147036e-01
3.269975340384075335e-01
6.913088570267874600e-01
8.732447683795391269e-01
-2.270961443274470970e-01
-5.724699731688008553e-02
5.349560957779320169e-01
-3.266569038560880878e-01
-5.019246948190382307e-01
1.820781269307718275e-01
-4.826422538312465371e-01
1.195436838732677615e-01
5.188469409435825241e-01
-3.813916984489337247e-01
1.000000000000000000e+00
-9.165973310897647108e-01
1.089871046974036639e-01
-7.278047213266432003e-01
-8.891341475728665733e-01
-6.652182809674320740e-01
-4.001007316174036155e-01
3.970981203127346149e-01
-2.927104841994005446e-01
-9.529487051932563624e-01
-8.451609061388296040e-03
5.300613832591944963e-01
-9.368213161192270322e-01
2.613804747222881614e-02
-5.381894808044234146e-01
4.056776956629629116e-01
-4.029065458125544730e-01
2.640591893041492888e-01
1.795431106870674226e-02
3.791655029938706400e-01
2.532945042267321090e-01
7.003229629000208289e-01
5.920747103192194327e-01
3.000751820417258964e-01
-1.000000000000000000e+00
5.688845399910973377e-01
5.826403157618891271e-01
2.472967469164253362e-01
7.051629850791715226e-01
8.082375828436350051e-02
-5.362245624736530214e-01
9.110732477915249872e-01
-3.901670793064838660e-01
-9.814558823372347696e-02
-1.694972718706845016e-01
1.750186953861745387e-01
-4.578731195244843677e-02
-4.821236751406762777e-01
7.713742328659927150e-01
2.416358359738175407e-02
-1.466957132055806134e-01
-6.067032542801416017e-01
-3.483300807193748794e-01
-6.260991047492168171e-01
7.039509429619154046e-01
-3.940579261375569131e-01
-7.455298887734050917e-01
2.542289050187938049e-01
-7.216737806643428454e-01
-2.359591505422228841e-01
3.991877820530362886e-01
-3.832191117696481797e-01
1.388626404460351904e-01
-3.024622613293305173e-01
-7.745008691911199339e-01
3.476825434811636750e-01
-6.613322520188439357e-01
-5.945185108487168746e-01
-5.559637386357942079e-02
2.906201188431212779e-01
6.724671810421175566e-01
5.793198524258638127e-01
1.264833139149598717e-01
2.695311083903271232e-01
-8.494959730654420005e-01
-2.935757676146221740e-01
-6.400798533638271115e-01
-2.280747535885060684e-01
6.873666520852074191e-01
-2.666113755497070970e-01
-5.375628823715157267e-01
-5.644385309008391749e-01
4.953167741595406737e-01
4.038989940926751010e-01
-1.991964082766345956e-01
-3.367431505247528989e-01
-1.052865570723207911e-01
-2.577353527017686163e-01
1.979415533833956131e-01
-5.362520331884231828e-01
-1.030298828052071680e-02
-2.004658087353216878e-01
6.919171216837074478e-01
2.325693234784924068e-01
9.769914792603815457e-01
1.896772580973197786e-01
1.123204007297228663e-01
1.688709061402551836e-02
-2.953007296555669736e-01
1.772331669437439972e-01
5.892429789045558475e-02
-1.905951451356551474e-01
1.000000000000000000e+00
1.388144706977760823e-01
-1.000000000000000000e+00
6.570089802796120759e-01
-1.000000000000000000e+00
8.858760311581882485e-01
7.025837495723299408e-01
5.078189739599623387e-01
-8.503985762303989393e-03
4.923613798167008615e-01
-2.939852824368653639e-02
4.531675031703341627e-01
4.827307346303129632e-01
-2.618813551265780637e-01
-3.680852415731330485e-01
5.395909429890002329e-01
9.558507512260139283e-01
-6.004137669327443971e-01
-5.552339597986264419e-01
1.000000000000000000e+00
6.109077868086449925e-01
5.221399228190263253e-01
