
0 66.282972 5.224093 21.009162 -20.0
1 88.289573 41.800503 25.39016 40.6
2 91.576695 53.805782 17.432117 40.0
3 89.9039 59.195982 16.974618 60.4
4 91.532892 60.363367 20.671046 68.8
5 90.6239 61.593226 20.00849 68.8
6 91.375505 62.199399 19.1735 69.4
7 91.112892 67.811101 19.147043 61.0
8 91.648142 70.459778 19.851939 69.4
9 91.532892 70.607247 18.760686 68.8
10 91.495505 71.880261 19.301366 69.4
11 91.564722 64.240108 33.558001 69.4
12 91.626794 74.561416 19.008884 69.4
13 91.626794 76.804743 16.188884 69.4
14 91.714253 75.796453 18.379929 69.4
15 91.528142 75.876274 17.601511 69.4
16 91.714253 74.906731 18.501687 69.4
17 91.703558 77.033183 16.988847 70.0
18 91.626794 77.628985 16.868964 70.0
19 91.648142 78.570274 17.31639 70.6