
0 66.340518 5.110451 19.444818 -20.0
1 84.941098 47.775311 18.039304 -10.0
2 88.519361 56.663376 16.549004 42.4
3 89.909573 59.798803 17.401657 56.2
4 90.028142 60.632592 18.108653 58.6
5 89.909573 59.997505 19.465823 53.2
6 90.142972 62.084223 17.608685 58.6
7 90.5639 61.652364 17.95839 67.6
8 90.5639 65.232353 18.199415 58.6
9 90.486794 61.191627 19.491382 67.6
10 90.3839 65.565851 18.900741 74.8
11 90.258708 63.121564 19.309448 58.0
12 91.3439 66.168384 18.37504 59.2
13 90.568142 67.807673 18.003585 66.4
14 91.495505 70.654102 17.394327 61.0
15 92.072892 73.611827 16.85987 74.2
16 91.2839 74.192399 18.093638 69.4
17 91.768142 74.186865 17.679231 70.6
18 90.7439 74.167775 18.171319 67.0
19 91.472892 76.300189 16.102458 67.0