
0 75.054579 6.766886 22.751035 -20.0
1 88.29289 49.896826 19.029339 65.2
2 91.154024 57.194997 16.494071 62.8
3 89.723536 57.086709 17.658853 58.0
4 88.279361 58.560402 18.315742 38.2
5 90.846278 55.615679 19.504957 58.0
6 89.899361 58.952958 18.719598 62.8
7 90.991733 56.755844 28.860877 38.2
8 90.992892 60.601155 20.56815 66.4
9 92.128142 59.882319 20.193376 69.4
10 91.714253 64.071447 20.544865 69.4
11 90.837582 67.809061 18.441698 66.4
12 91.643414 65.80401 20.963884 62.2
13 90.928142 73.738836 17.414125 68.2
14 90.752892 75.039617 17.657238 69.4
15 91.643414 74.951535 17.658808 70.0
16 91.768142 73.424559 18.947927 71.2
17 91.768142 78.473046 15.015917 68.8
18 91.468142 71.74106 19.092551 68.8
19 91.504722 71.65857 19.483171 67.6