-3.130437337223612726e-01
3.495304027355746745e-01
-1.000000000000000000e+00
-6.584069161878770560e-01
-7.386551281338376018e-01
1.812211881760630305e-01
-1.000000000000000000e+00
-1.512595007956585302e-01
-3.640477614780993076e-01
6.185906740729872899e-01
1.000000000000000000e+00
-9.368687488465543556e-02
-2.270516898207277645e-01
5.101944324451072044e-01
-5.166056787163086916e-04
2.230914099800063166e-01
1.666667015724093426e-01
3.242819671050338193e-01
-1.670959794634646611e-01
-8.775343973451208424e-01
-6.803715043887557101e-01
3.494167951493658553e-01
-9.067783183069416664e-02
-3.799050879358224497e-01
-9.338502055520536693e-02
1.126385072244784347e-01
1.000000000000000000e+00
3.963215197323211036e-01
-9.307984331403573730e-02
-1.000000000000000000e+00
5.790203112644991268e-02
3.498695537909232156e-01
-4.042559590370136541e-02
-1.153088399845189904e-01
1.189272675409125055e-02
-4.117596607666816899e-01
1.619438808486599046e-01
5.789091159700734401e-01
-4.767800385926134199e-01
1.000000000000000000e+00
-4.278866699134336593e-01
-5.046553066969981793e-02
3.383191288216328418e-01
3.303424174574481897e-01
9.201126514807762558e-01
3.282897387339743789e-01
-4.515800825941137520e-01
-3.587703722027597020e-01
2.612536789459414879e-03
3.354429824033444696e-01
5.539281246290381766e-01
-1.904206687497737582e-01
1.806263072853305229e-01
-2.517447772637174674e-01
-6.137543220248808939e-01
6.731495578691888415e-01
2.333003703676039819e-01
4.717750896308814390e-01
3.488376763388429391e-01
8.615701124380539255e-01
-4.287325354460486682e-01
-6.536168880498033351e-02
-1.093321681389119171e-01
2.577050411706709454e-01
5.926474970245290685e-02
-2.440325261108248212e-01
1.000000000000000000e+00
2.047889432806602183e-01
-1.738362909569979298e-01
1.097679580673699695e-01
1.940601726662802562e-01
-1.797064124843061883e-01
-3.121175892527357498e-01
4.037027826497432414e-01
-5.873780342916750108e-01
-7.584666300413950291e-02
-4.148623906961391716e-01
-1.103496178727843002e-01
-9.523307677352568779e-02
5.303625620918123174e-01
4.443998592702762540e-01
4.608534017378559944e-01
7.075853691048545890e-01
1.000000000000000000e+00
7.599003498419292235e-01
-1.472889238100921760e-01
2.922496883204687701e-01
6.376810477773673380e-01
2.119520784867156282e-01
6.125968572887471320e-01
-6.145211232762255449e-01
3.063584373547666995e-01
5.708359808028568017e-01
-3.837282954825961268e-01
-1.788361087237031466e-01
9.838508519967248400e-02
2.317679766608595482e-01
2.181659258001424906e-01
6.124404078102453353e-01
-2.764091748993419140e-01
-1.054000065507382788e-01
-1.000000000000000000e+00
1.234029495686006506e-02
2.344516610575382298e-01
5.339290700966785597e-01
9.083095205516288073e-02
-6.630680244973143900e-01
-2.433031626841187789e-01
3.765154605209586336e-01
4.860678898686091598e-01
2.991877651162869745e-01
2.672582062592112617e-01
-9.231723378399099567e-02
1.000000000000000000e+00
-2.365225131145234361e-01
-4.776663099176022831e-01
-2.779271325368928292e-01
-7.252387722243172630e-02
2.651106080757006378e-01
-1.957557511263952332e-01
-7.135335776680307163e-01
-2.522467392192141444e-01
4.701949968857477291e-04
5.442705328074692872e-02
1.563145386527844127e-01
-6.326988673661485540e-01
-1.280658730548648871e-01
-2.889834582473201352e-01
-9.522993212278012543e-01
-3.082395482364025940e-01
6.864516874742010444e-02
6.289568192374824784e-01
-1.233881381786618159e-01
5.964176304313956178e-01
6.975076503261572469e-01
1.000000000000000000e+00
1.023544467856388335e-01
3.213692151962658367e-02
-2.051164235294389848e-01
1.000000000000000000e+00
3.070549326059572315e-01
2.021976645347632884e-01
-1.993454622730505832e-01
5.651911415407555317e-02
3.855288920106714201e-01
5.201983758451297207e-02
5.820662448615074314e-02
3.201410263529195777e-01
-9.324958483537187925e-02
-1.369100905731155948e-01
-1.341787447781557230e-01
6.246497677470577714e-02
-1.000000000000000000e+00
-5.845887882508039590e-01
4.716310154981113167e-01
-7.713899002568069818e-02
-1.360326396294394280e-01
-2.873285576945572295e-02
7.909398407165546541e-01
1.366443492104870150e-01
-4.755670315694410233e-01
-1.749186546906449091e-02
3.583480582462761355e-02
-5.195319906731361848e-02
-1.528282600887619080e-01
-3.744942202036080081e-01
-5.065522898854488143e-02
1.000000000000000000e+00
-6.247446295406167138e-01
3.352836034254955133e-02
5.679104329080489344e-02
-4.357656721395402055e-01
-1.000000000000000000e+00
2.304822130618561782e-01
-2.570072751703325609e-01
3.576634909105918525e-01
-4.564241253165565171e-01
1.403242776465363217e-01
-2.265342751776394659e-01
3.031907805196011330e-01
-1.345894793311964710e-01
-3.717214969309972084e-01
3.005668467122135645e-03
-6.056087344902414404e-01
1.692289302899924186e-01
2.575566129958383743e-01
1.762759922424070591e-01
8.506467762273790811e-02
1.000000000000000000e+00
5.584782224358143532e-01
-1.808666121934348059e-01
2.433542276132906190e-01
5.306537552228420829e-01
-2.084748908478433471e-01
1.355598375768172770e-01
-1.761296154432068217e-02
2.096732716635657801e-01
-4.262031602605901304e-01
-5.290745922700720305e-01
1.658741897533369258e-01
4.626221342456428021e-01
-1.000000000000000000e+00
-5.715927924728150117e-02
3.482531400153732193e-01
-2.307135769769097511e-01
5.849009680807458755e-01
-1.607637184569876143e-01
1.606549760474205168e-01
5.369894767141836223e-01
-2.902124024166841121e-01
7.662122198875520596e-03
-6.315752097686525568e-01
4.312738613348899852e-01
4.486195679362920963e-01
-5.273103179026306098e-01
-1.389010868465765380e-01
1.000000000000000000e+00
9.198063889713248287e-02
-6.814655246660862586e-02
2.195292573502588829e-01
2.017891346201790004e-01
1.000000000000000000e+00
-1.000000000000000000e+00
7.062575873597036757e-01
-2.392112212665375437e-01
-4.563771919897580132e-01
-2.905778893907013938e-01
-7.540765010436308868e-01
1.347298463961241199e-01
-2.053504925320024377e-01
1.645205802581450327e-01
-2.744830521124325684e-01
2.939173820358594730e-02
4.295564444792897563e-01
-4.125940504999006109e-01
-8.094843429659950296e-01
1.621913267263996039e-01
1.000000000000000000e+00
4.701306826981945242e-01
3.765035256276465514e-01
-4.429037432732826352e-01
-4.683301283374829982e-01
-1.000000000000000000e+00
-3.485782487955505493e-01
4.256962771369374177e-01
-3.947293239788545183e-01
-4.372214640804841790e-01
2.276331365596221123e-01
-7.085517149041905549e-01
-1.000000000000000000e+00
-1.016757558292485930e-01
-3.261358408638702078e-01
1.939137430838557830e-01
2.049653167929264552e-01
3.923694623950776950e-02
2.805048004006842621e-01
-1.454775784210242118e-01
-2.047628373128912160e-01
6.384466508060657741e-01
2.421029264136361214e-01
-3.844197257131009016e-01
1.000000000000000000e+00
2.843907517122486461e-01
1.000000000000000000e+00
3.410830840842430517e-02
