4.977302786726663930e-01
8.359527656674430318e-01
-5.070679912319204785e-01
1.597777558978567547e-01
1.799605166049789984e-01
9.253144658492509222e-01
-2.567664382820193936e-01
1.771633735808552379e-01
-3.651826907490277607e-01
6.727987330168321289e-01
-1.000000000000000000e+00
1.000000000000000000e+00
3.799526848737166396e-01
3.840075530826108086e-01
1.868913427219980883e-01
5.381674899277290036e-01
3.548387562168150433e-01
4.575685539244584987e-01
-3.046527567920777058e-01
1.000000000000000000e+00
-2.880735867943224893e-01
-5.798669469369239771e-01
3.565331040128498774e-01
3.299822303714284866e-01
6.984988379150148807e-01
3.922372284513233054e-01
3.364236700850768980e-01
9.102757071436063940e-01
1.847676804951222107e-01
3.974215066045668626e-02
-4.299178682858746381e-01
-4.248035748638850362e-01
-6.775828290284833244e-01
-6.965878810290996315e-01
4.593084635320310305e-01
8.203129237553232755e-01
-1.000000000000000000e+00
-7.515953294189469114e-01
2.980935873541746411e-03
-8.735601752694541755e-01
4.575363557503021594e-01
-9.669654251895584696e-02
5.092716812593021114e-01
-1.475389441689224923e-01
9.511313833735789425e-01
-2.456883568704757159e-01
3.453617990750832978e-01
-9.892222126291674300e-01
2.263701151727390837e-01
1.161886683981773749e-01
-1.000000000000000000e+00
-1.247896568101221487e-01
3.907070213982922757e-01
-6.414031101852772920e-01
4.340233608780674074e-02
5.522666852018808248e-01
3.000523759324639217e-01
-4.983600492041491137e-01
-9.426426356940481588e-01
2.110201753302810568e-01
-6.302331930416338324e-01
4.902829091496338498e-01
8.127645055304469901e-01
-8.895667634654534917e-01
3.289829092256604803e-01
-7.283938255415004503e-01
4.844847920423565046e-01
-2.662093788375349823e-01
-4.483554149915568443e-01
9.070142505447794656e-01
-2.550039800541561430e-01
8.150952604035581750e-01
-2.409020578061178419e-01
1.972159036555390932e-01
-1.361677474350071193e-01
1.689889122676458966e-01
-1.045475808943133605e-01
-9.425035092928963909e-01
-4.279122563887537423e-01
-9.394392196502114878e-01
9.597100310452777450e-02
8.002177801324370510e-01
-7.486183230016123236e-02
7.082074275933597507e-01
-7.541246339999004011e-02
-1.000000000000000000e+00
-3.396863913584349248e-01
-4.809182091785385027e-01
3.316919805578037450e-01
-1.628865503812787774e-01
-4.514535521363457482e-01
-1.387667484868359002e-01
-1.000000000000000000e+00
2.273196699143518740e-01
9.263890229202172977e-01
1.396941730500688705e-01
6.988034257094661861e-01
-1.022816343047977354e-02
-3.201459287334945669e-01
-1.956959320622914666e-01
-4.556856095479955293e-01
-9.245233894957007870e-01
-7.398955209868800509e-01
-5.577136724209512675e-01
-1.046182828937357312e-01
2.814538151287547252e-01
6.779334612992456988e-01
1.000000000000000000e+00
-4.131250924235104205e-01
2.986081977405833851e-02
8.613306893489851290e-02
-2.303221648668652144e-01
9.121618900732858526e-01
2.266304208118167796e-01
4.232698480689044418e-01
-1.711350218465829826e-02
1.000000000000000000e+00
7.076736975705375521e-01
-1.565552610337979378e-04
-9.609769164448674905e-01
-8.097601291582843253e-01
-9.655001445789761494e-01
-9.186611498740122617e-01
1.000000000000000000e+00
-1.000000000000000000e+00
1.000000000000000000e+00
1.632721951735769117e-01
3.969502202745947006e-01
5.971809404294257245e-02
3.227282500718349212e-01
6.003494723167664970e-01
2.832774504342183142e-01
-5.260065799422010135e-01
-1.059200714844796276e-01
-5.792824185976465090e-01
1.340538709797397254e-01
8.321502882530334988e-01
2.435627832242777402e-01
1.169135459986213599e-01
-1.000000000000000000e+00
2.776269340840809008e-01
-6.204113038139775771e-01
-1.718142678570939996e-01
3.962126134257181742e-01
-6.524428542784497555e-03
-8.850726845909864804e-02
4.978407414357694516e-01
-1.758376316101586401e-01
2.339154369542328638e-01
6.120580118685561843e-02
4.312217172396615728e-01
-2.659029996360854908e-01
-2.972126279164245544e-01
-3.751032457501823902e-02
1.005522111651903361e-01
9.402163447063451862e-01
3.188751430020578814e-01
9.565407940952528332e-01
-1.000000000000000000e+00
1.382633322759024563e-01
1.000000000000000000e+00
1.921164540159308043e-01
-1.608492486330486138e-01
-4.576226485187382398e-01
2.933043963971437296e-01
9.441921877415087039e-01
4.449584071661750323e-02
-7.178709852282676440e-01
-4.459652844694935725e-01
-2.289460400592180089e-01
-1.274729239826262739e-01
-2.986807255448789555e-01
-3.792972552202192316e-01
-2.712085542827497031e-01
-4.813376724818740904e-01
9.139518368026178230e-01
6.786107381641740544e-01
-1.000000000000000000e+00
-2.098284279743256042e-01
1.436530499240507852e-01
-9.285348108090258901e-01
9.589590273175988000e-02
1.068478277603934073e-01
1.000000000000000000e+00
8.452141674662821957e-01
5.613735667603952928e-01
4.002496456160872240e-01
6.820331767615416263e-01
-4.398042665721916822e-01
7.331502937585844260e-01
8.456854246498454741e-02
-1.348364713310968854e-01
-7.623463900877130994e-01
2.360794723088915914e-01
-4.463564416425925829e-01
-3.216062036282241188e-01
2.881863530701564424e-01
-5.632388788084463638e-02
-3.367142550738203011e-02
-7.155807918580157079e-01
-3.224961241490236219e-01
3.557384370474263591e-01
-9.778115454137576990e-01
-8.027380832964839952e-01
-9.510289312684959695e-01
-5.291471918402663732e-01
-9.541230772525408632e-01
-7.025501158917570044e-02
8.667176209836781053e-01
-1.944219839155179597e-01
-3.853950814299164640e-01
-4.188224392346192038e-01
1.541945689060138514e-01
8.181509723432307535e-01
-6.006872256839105306e-01
9.240599042102269900e-01
3.355858338723681777e-01
-4.787035125762360566e-01
-8.527068804806858804e-03
3.814496174661706762e-01
-4.882207030193355668e-01
1.648709392387423533e-02
9.177617383927201278e-01
1.000000000000000000e+00
3.478118679270738034e-01
-7.256527532504846167e-01
1.635499178267211529e-01
3.641455490899055125e-02
-1.275827153712961737e-01
4.657276995460354896e-01
-3.018546171054868332e-01
6.511159036853992887e-01
-3.097817567752882972e-01
-9.120451908200920554e-01
-1.000000000000000000e+00
-2.874379752334088600e-01
-1.539776732713016849e-01
4.081785178775661493e-01
-8.852189828037364538e-01
-1.000000000000000000e+00
1.077068019772107199e-01
9.260981015976914588e-01
5.709636571453796661e-02
4.227812821753558770e-01
-3.478186114975295173e-01
-1.704946532794301695e-01
-8.867870969587413610e-01
-2.007083802621438817e-01
3.767566709612242271e-01
7.108311268719811338e-01
-8.935639332487704811e-01
-1.453572259037916314e-01
2.103193219588885832e-01
1.222208148479328044e-01
4.217734385129825458e-01
-1.394158759257103364e-01
2.926924502503353009e-01
-9.507684203904289699e-01
-1.784791835551525208e-01
-1.914701175287784538e-02
-4.950792877238784362e-01
1.146787883462898477e-02
4.634967391445485307e-01
-5.174788946049890814e-01
7.747841444618850382e-01
