
0 22.016393 -2.520594 5.942218 -70.0
1 66.225448 15.202542 12.978674 -30.0
2 66.225448 18.31753 13.021257 -20.0
3 57.219256 21.968139 15.266344 -20.0
4 94.023266 23.945202 16.685586 90.0
5 66.73731 31.005757 16.294247 -20.0
6 66.73731 29.568312 17.56302 -10.0
7 75.054579 30.550211 18.091125 -30.0
8 75.059829 28.196604 17.673499 -10.0
9 66.21004 30.09692 18.131789 -20.0
10 66.100103 28.327811 16.552088 -12.0
11 66.16227 32.915482 19.129871 -20.0
12 66.16227 32.089335 18.108198 -20.0
13 75.059829 28.776077 18.051066 -10.0
14 66.601837 29.809003 18.533131 -20.0
15 66.601837 22.646129 19.955381 -30.0
16 66.225448 29.462773 17.876165 -20.0
17 75.747727 25.46211 15.390846 -30.0
18 75.752976 31.226077 18.354047 0.0
19 75.174 28.310344 17.062989 -10.0