-1.424273051916895294e-01
4.662708737785360436e-01
-3.465695351260369428e-01
6.307799261445565242e-02
-3.322485686386384418e-01
4.006541108358570302e-02
7.517219585057832720e-01
-5.181170095778934170e-01
7.098434115678459166e-02
-2.729228885798234971e-02
-5.523711298213704879e-01
4.727986134011999408e-01
3.649972658398535907e-01
-4.308677733825711509e-01
1.443107689530854776e-01
-1.947836661185043672e-01
1.731059700954657998e-01
1.000000000000000000e+00
-7.082056781497266806e-01
5.071710480044454572e-01
-2.796972316116530521e-01
-4.954995099111326740e-01
-1.000000000000000000e+00
7.319738077882051996e-01
-2.682155589306899346e-01
-7.525791385540056000e-01
1.786756874647095761e-01
4.789630332308821847e-01
1.000000000000000000e+00
-1.000000000000000000e+00
1.049034469842131945e-02
3.600712463335642433e-01
-2.746553318545879030e-01
-1.000000000000000000e+00
4.141930407283858639e-01
-3.052314572039731971e-02
4.285469328414547863e-01
1.486270458230611879e-01
5.684191062538381800e-01
1.000000000000000000e+00
-7.560680609560005427e-02
-1.000000000000000000e+00
3.024699188880076717e-01
-2.478249077503010267e-01
-5.836457734672853004e-01
-7.414992163118865331e-01
4.243182607215268409e-01
-1.229829315179910565e-01
5.440919583398423631e-01
4.778267520363025517e-02
-2.366382656873993739e-01
3.846104367282393577e-01
-6.348932156745521471e-01
-7.554165497647831184e-01
7.373621351579988659e-01
1.496968375970859910e-02
6.296866719651706967e-01
-4.430513492752703453e-01
3.406134727304060972e-01
-1.157310220365075359e-01
-5.766934862599615297e-02
6.505096084870651829e-01
-3.319368453301846378e-01
-6.295143695573322817e-02
-2.388336821894221917e-01
5.939572879105414760e-01
2.390503679726762309e-01
1.000000000000000000e+00
-5.399883364529108887e-01
-1.000000000000000000e+00
1.492886497841757198e-01
6.475788071777846544e-02
7.311009816834436459e-02
8.095924372226206422e-01
-3.241196132452388579e-01
5.102785307750219435e-01
-3.919048881803821049e-01
-2.005525264029092702e-01
-1.503140948146457490e-01
2.516019858035641876e-01
-6.724031824899538989e-01
-2.108590658264757334e-01
-7.403024596498806176e-01
-2.169499374245685008e-01
8.733851632271724674e-02
3.016583340285334813e-01
7.789171162829021389e-02
5.818265967437800112e-01
2.173592079996231607e-01
-2.727258405522083873e-01
-5.907841143216072677e-01
4.001807951947058961e-02
-4.399348071960597628e-01
2.407686575081680047e-01
2.393808992310144101e-01
8.875511685063701417e-02
9.641348278930109150e-02
-9.996774536317870608e-02
-7.199302540728855226e-02
-3.578185647519726009e-01
1.000000000000000000e+00
-3.086924909764795361e-02
-1.755443798802111544e-01
-9.590819373141580562e-03
7.187300925467005053e-02
1.000000000000000000e+00
-4.001644774429573559e-01
1.000000000000000000e+00
4.364342725179366500e-01
-4.198497086858091754e-01
5.411475270090417844e-01
2.048096702234857291e-01
-4.817866531233326866e-01
-1.000000000000000000e+00
4.426032901735502678e-01
2.474694784431123729e-01
3.522585344672728991e-01
-2.479466454619084492e-01
-1.438060736237346537e-01
-2.385244592461223390e-01
1.069791947393023135e-01
-5.167284797333753232e-01
1.000000000000000000e+00
1.788981806294913102e-01
-1.791259438325489561e-01
2.125891499322490885e-03
-4.093274839832500983e-02
-2.166961096342214232e-01
1.081232417404131146e-01
-1.777951162026919496e-01
8.492942146722473051e-01
7.597624859497166538e-02
1.112504960277150984e-01
-6.000885864837865458e-02
-6.461085759526588035e-01
2.261792286200771662e-01
-4.986093339530838220e-01
-5.931478713119691104e-01
-3.630215025941567752e-01
-6.848644214510581918e-01
3.778772072061162279e-02
6.510367829230095937e-02
-8.989631001509590380e-02
8.533679638475576423e-01
1.432211103015067211e-01
-2.865623017586389487e-01
-2.266765989626972622e-01
6.238610964181953156e-01
-7.358044395528090531e-01
5.219172292686038439e-01
-3.603027444776537580e-01
-6.420060487787084824e-01
2.810938487652449580e-01
-6.894824111027056390e-03
1.982810033363200525e-02
-2.112319911336560385e-01
1.572643495290247939e-01
6.594481960504544604e-01
3.423477693761162177e-01
-3.232711047922238734e-01
5.063199545382254252e-01
-4.555745721808138748e-01
-4.527928678564192566e-01
8.962442251813831362e-01
5.704931973703264436e-01
1.338395972971829773e-01
7.327044088023720869e-01
-1.261767266042221614e-01
-1.323689275826844258e-01
6.717804813243053452e-01
1.350940801264835511e-01
8.029137211096402105e-01
1.306576189406800093e-01
1.000000000000000000e+00
9.481221429021834401e-01
-7.195364004270382585e-01
1.572085175239197885e-01
9.998123738145570094e-02
8.007630494509985208e-01
1.181263124580377299e-01
-7.188113721244199228e-03
-3.376288282375369820e-01
1.960612286903630763e-01
3.523785844517351995e-01
-1.911837815745640878e-01
7.662121897004058046e-02
-3.639079568853341717e-01
7.703127375163333346e-01
-3.343849346297014247e-01
5.438651053294112359e-01
1.274720691356699409e-01
6.272576589549794246e-01
-2.099404375571942705e-01
-1.446205416056090265e-01
-1.000000000000000000e+00
-5.879576574721639970e-02
-2.312898734121776601e-01
-8.049448218047075554e-02
-5.580948321793343520e-02
-7.010288179767523165e-01
-8.744126637189110485e-02
1.000000000000000000e+00
-4.234685408095131137e-02
-4.854730978010950437e-01
-2.089244793322665369e-02
2.016628345230941921e-01
-3.106170854704721346e-02
1.000000000000000000e+00
4.662774469231725089e-02
-4.646365374329738951e-02
5.289365340837002272e-01
-3.558069435143195181e-01
6.235960536531871545e-01
4.926822248789712866e-01
-1.551201683864551484e-01
-1.000000000000000000e+00
5.096592104716539673e-01
2.022022067712792026e-04
6.235052810142037438e-02
-1.215929118860746838e-01
-1.000000000000000000e+00
-8.149781059157181762e-01
4.572760177693909189e-01
-7.442119946471074110e-01
-2.651145280298489726e-01
-3.633158434575281537e-02
-4.867846868957889650e-01
7.053020673013399300e-01
-1.928927941570265370e-01
-2.997151482949758639e-01
-6.462740102109905127e-01
5.054529984498307149e-02
3.506015186073727086e-01
-7.373673915796811196e-01
9.950373070862437164e-01
-2.545645415792494592e-01
-2.009247596479080827e-02
5.681210795615980746e-01
2.399919912209998174e-01
-2.801903430297133513e-01
-4.929824191902330011e-01
-4.358613475677110549e-01
-9.642567908405277333e-01
5.115514129161131684e-01
-8.199475096893220627e-01
-1.000000000000000000e+00
2.444987791497350016e-01
-1.549741274884353925e-01
5.800545158828113168e-01
-6.693640322688921840e-01
2.531200222718793524e-02
1.000000000000000000e+00
-2.836240556689463288e-01
4.905114493206506054e-01
-3.545934794735772222e-02
-7.085883041687298656e-01
-4.582689003512181447e-01
-4.812747848060916489e-01
2.255167154510773764e-01
1.000000000000000000e+00
-6.331131076913394384e-01
-3.121927761257524692e-01
-6.210194441547619570e-01
4.526765139911594904e-01
1.087163289465163524e-01
