
0 83.324288 0.049158 13.207427 -30.0
1 86.333109 26.911725 20.264144 34.6
2 87.587238 42.942845 22.557751 49.6
3 89.283735 55.990435 27.289494 49.0
4 88.058263 70.862976 26.427326 39.4
5 87.250121 65.414823 28.778857 48.4
6 87.623291 59.888462 30.908131 41.2
7 87.604687 69.734969 26.906795 46.6
8 87.978614 71.178557 26.28205 44.8
9 89.385883 65.160103 29.537511 53.8
10 88.316952 65.438581 29.864443 48.4
11 88.316952 63.689419 34.305101 52.6
12 89.385883 66.000057 29.074906 55.6
13 89.385883 64.941126 29.551074 53.8
14 88.316952 65.712969 29.05634 47.8
15 88.316952 71.640794 25.934465 53.8
16 89.385883 70.041037 27.212226 53.8
17 89.385883 70.041037 27.212226 53.8
18 89.385883 71.640794 25.934465 53.8
19 89.385883 71.640794 25.934465 53.8