4.379322272838306329e-01
-4.020628058436335195e-01
1.000000000000000000e+00
-7.931193029135810146e-01
6.766054875648135347e-01
-8.948683529343355314e-01
9.192739416942813380e-01
4.984985433142060107e-01
2.135979089526211516e-01
-7.880365071314449077e-01
-6.762341736651924506e-01
4.658575832038192033e-01
5.889103407673479396e-01
3.473872157872735511e-01
-7.986774735432862204e-01
2.177277705769449512e-01
3.826425138071271048e-01
9.798214271403185016e-01
-4.854237123820634991e-01
9.985937170419674491e-02
1.141080153834931749e-01
-2.573871453020482591e-01
-3.318109074252607593e-01
-6.777656170179349182e-01
2.617443313080938250e-01
9.654253470768077161e-01
5.541696404864465686e-01
-9.674550826629637612e-01
8.623442558801284186e-01
-2.340020085361675939e-01
1.000000000000000000e+00
-6.376458361033551236e-01
1.342079395233779227e-02
7.974053104958390703e-01
-2.797968362925744579e-01
-3.119309960878956511e-01
-4.407976856300517832e-01
5.620604940388039816e-01
-4.178770969580519745e-01
6.569639350104784781e-02
2.658821751876677686e-01
1.780669155169121720e-01
1.733418002565036420e-01
-1.678986986517118085e-01
6.533700935302794166e-01
6.909768739579945640e-01
9.931375145006682281e-02
-6.945579065573967426e-02
-7.834206396566025798e-01
-7.123246075672303723e-01
-1.000000000000000000e+00
-9.007775930316791468e-01
-1.388421937156783248e-01
4.592134706618264950e-01
5.413755822422496866e-01
8.433674415643073186e-01
5.347409680951128313e-02
-8.748420088421978713e-01
4.976210835402810617e-01
8.232916342029733547e-01
-7.268507673790621793e-01
-2.183395358464431668e-01
-4.037551048028438228e-01
-7.821445445513444672e-02
-9.818003508282159286e-01
-2.228321194127464433e-01
8.322348943384603182e-01
-1.991231491330283931e-01
5.376380625374016509e-01
6.994925838753064673e-02
-9.034210914563026718e-01
-5.667379401599331734e-01
-3.976711768339363795e-01
3.979665654978587486e-01
3.555718835562167723e-01
-2.215339757086990935e-01
-2.593941948941875797e-01
-4.360693247498438341e-01
-7.071906412028372557e-04
-1.133054795571949436e-01
-6.733277758889819609e-01
-6.358975377417058761e-01
-9.812453475067793862e-01
-2.582105995264031839e-01
1.000000000000000000e+00
-2.413850951885297136e-01
-8.294715376730511514e-01
3.861615200914101931e-01
3.432571878154130340e-01
-6.340829987388496569e-01
7.288725690039417060e-01
-3.439016938286987846e-01
-1.000000000000000000e+00
-1.000000000000000000e+00
-4.216398088013718071e-01
-9.762715753207953373e-01
1.153104467241060915e-01
1.639404866771017322e-01
1.000000000000000000e+00
2.399995273166047882e-01
8.926346968009981619e-01
8.469651244413382851e-02
-6.526520603817108634e-01
-4.418160642520814751e-01
-3.237231632628280176e-01
2.826835227462438094e-01
-6.493388324588960092e-01
2.266102188126292161e-01
-3.060881688201451123e-01
7.029749272562716422e-01
-6.216197789245545557e-01
4.396788810836328443e-01
-2.533819912854678447e-01
6.666368590316763543e-01
1.785348994019100577e-01
1.000000000000000000e+00
9.815521749448595790e-01
1.704405302036707814e-01
-3.327300755365385498e-01
9.093828628201383601e-01
1.401682378565697606e-01
4.708575126456407967e-01
-4.394274393788026867e-01
-6.300186253394647329e-01
-1.523402173222007487e-02
4.669611500557425132e-01
1.000000000000000000e+00
6.872238118492594028e-01
-6.442575535474699411e-01
7.298895742057593949e-01
5.325773535787229340e-01
-2.291315723728074849e-01
-8.225401123330866593e-02
-3.786430815046853415e-01
-9.718085962607666550e-01
-3.831919014703170090e-01
6.411877791225055467e-02
2.516960461484329392e-01
5.984215429872740133e-01
-2.313327144624488518e-02
4.891339398588118725e-01
6.925361390715177867e-01
-8.040380340032564632e-01
9.782545586379222113e-01
6.837307741579170539e-01
7.923438086809132530e-01
-6.519755369165314285e-01
9.800854507043641473e-01
-6.279012860214342462e-01
-9.602852257161725857e-01
1.000000000000000000e+00
-6.103158169666083044e-01
5.229746158074008999e-01
7.015562175141588641e-01
1.662450782990346487e-01
7.127149342400745935e-01
2.742494328658015013e-01
-1.809733446635024834e-01
9.219516364435733635e-01
6.051792991285562806e-01
-1.923717230299729630e-01
2.503618174606713209e-01
6.527650857590244771e-01
1.000000000000000000e+00
-4.987986638746020329e-01
-1.000000000000000000e+00
-9.695103819053507710e-01
4.988453525137658273e-01
-4.212558264783942685e-01
1.696305137896064186e-01
-8.135593467605014562e-01
5.811293997700753972e-02
8.210127818146703005e-01
-2.645376568546766172e-01
6.856284721336083354e-01
-4.827881228982208173e-01
1.937144048546238506e-01
1.000000000000000000e+00
-7.778130990710435677e-01
2.888490859506991915e-01
-9.204236403110865883e-01
7.270018038186325249e-03
6.618367758481367158e-01
-6.471350570907207223e-01
-6.669615654906085878e-01
-9.691151584089909843e-01
-9.861936313836694445e-01
-1.000000000000000000e+00
-3.828516311414788958e-02
5.811460517397434855e-02
6.726371294056210370e-02
-9.974937127535415948e-01
9.184071476341926221e-02
-7.589730197607387208e-01
-5.152386358080123241e-01
-1.806601559819264735e-01
-3.616220526843067495e-01
1.331282106810458554e-01
-7.822657332945689990e-02
-1.000000000000000000e+00
9.600743995440088607e-01
-1.000000000000000000e+00
5.549441497731848472e-01
5.002701218377345604e-01
-1.000000000000000000e+00
-1.280696565403108278e-02
-7.923809436335627066e-01
4.514781462809333012e-01
-9.089843377578386008e-01
2.491381970694260262e-01
4.988330584908677590e-02
4.936046302982801115e-01
-5.114387310414397758e-01
2.673772048070623408e-01
7.525278219306306138e-01
8.419047586161440555e-02
2.075071403515437451e-01
8.744874420646372437e-01
8.873642105233465749e-01
8.622591009244819915e-01
-5.243926097834978872e-01
6.906123401032082665e-01
6.484769610054613720e-01
3.380580893072579474e-01
1.000620932994194107e-01
-4.544238894911752924e-01
9.358410068568775997e-02
6.377242135945856427e-01
-6.677433974875797151e-01
-1.000000000000000000e+00
9.850959502512870447e-01
-2.749879905172266104e-01
1.000000000000000000e+00
-6.794106911756647715e-01
-8.549067098553801980e-01
-5.360090535261238243e-01
9.388621892436080918e-01
4.620779630958044559e-01
-2.039221584913933905e-01
1.000000000000000000e+00
8.329457427196405028e-01
5.274678331562984157e-01
-9.733334578556898098e-01
4.104889689932182395e-01
-4.066502109339741877e-01
5.259667282230005014e-01
9.063382308328210568e-01
-6.142799295105519919e-01
-6.523405128968415845e-01
7.565348673723669704e-01
-9.006634085572500226e-01
7.875289084489014990e-02
4.234820327286550334e-01
-6.173112388170048925e-01
-5.760133193991500145e-01
1.000000000000000000e+00
9.463037043070321452e-01
2.715037788503381067e-01
-1.000000000000000000e+00
-9.668578767256521544e-01
-9.746738106088648212e-02
-9.463037043070321452e-01
-7.966872408275238460e-01
8.657383564596664582e-01
-9.271730720510055201e-01
