-4.147135895054721577e-01
5.406725387015137718e-02
-7.043100720225586864e-02
5.963383065599853206e-02
-4.499640796116896602e-01
3.478985743446642021e-01
-6.325929854376567685e-02
4.777445272818313660e-01
-1.922023499040956818e-01
-1.843858964259287858e-01
-2.838695911857982423e-01
9.538959138281498662e-01
-4.543035260903690031e-01
4.275300463979216925e-01
6.679410607833535796e-01
2.437524986543354311e-01
4.732572379532323792e-01
1.000000000000000000e+00
2.402492147632492858e-01
-5.531937686937244969e-01
-4.438783243734220618e-01
-1.023126993301967380e-01
-7.347762007914561133e-01
-5.011882997956627062e-01
-1.646467348239544493e-01
7.235505405076552154e-01
-5.037133877969894868e-01
-3.154996291300596889e-01
-8.367762096923421211e-01
3.269657049914461711e-01
-8.243855473241704646e-01
-9.881205244998063630e-01
-5.119582091857890482e-01
-2.360990778137812829e-01
-8.732228437769660179e-01
2.032250080387731916e-02
1.000000000000000000e+00
2.800179367751539083e-01
3.528030208129385725e-01
1.953549644788805939e-01
-1.625414169701829836e-01
9.212768166629545230e-02
-1.522162258932897860e-01
7.696852674844582021e-01
-2.826923089665527855e-01
-2.438167415522154990e-01
-3.425211604776644547e-01
2.800876977988213390e-02
8.208091649385422794e-01
4.340518946615941065e-01
3.778236743530695718e-01
-3.225524904351217970e-02
-1.974863199460254876e-02
-3.621339727293906852e-03
6.119340160939305828e-02
2.112257691458729880e-02
-4.710594577464996546e-02
1.698876317406854408e-01
-2.212336422431265270e-01
4.350556451179788398e-01
-9.752248892453218021e-01
-1.134483280276559203e-01
6.645562432279598086e-01
6.443469349396703238e-01
3.484519647995652086e-02
-3.026151174767544583e-01
-9.084353679277290539e-01
-5.105569764320108117e-01
-1.413924917914904933e-02
2.138115306317291409e-01
-2.077557628462026462e-01
2.629661062829265483e-01
-5.528798065488129687e-01
1.000000000000000000e+00
2.273137255108457766e-01
-3.620551599247158192e-01
2.011276752214800068e-01
-5.521353561385708986e-01
-1.711493564646749677e-01
-2.565118963942613073e-01
-8.776201617302008262e-02
-9.680211377195713229e-05
-3.362153065759072024e-01
1.809578312497914510e-01
-3.603248052449281591e-01
3.843296735377852436e-01
-3.402685999021193841e-01
-3.291981329933104106e-01
1.000000000000000000e+00
1.091814195725205605e-01
1.000000000000000000e+00
-2.611723358858643318e-02
-6.968146662957714899e-01
-2.380908124412991489e-01
1.561383676123498099e-01
-1.000000000000000000e+00
2.140018965860497335e-01
-5.864197962032707823e-01
-3.135966170010739962e-02
4.105948254761367378e-01
1.847811935938054595e-01
-4.556700656977871189e-01
9.047978059333855461e-02
-1.199219440045607155e-01
-5.413770669529941459e-01
-1.374609998288319201e-01
1.789686173291468174e-01
-4.388513706082203814e-01
4.817763201620698377e-01
6.847278934528189254e-02
-2.634705091350150741e-01
4.282091983221988363e-01
4.487533163939986802e-01
-2.330101009085265851e-01
-7.338054555698315662e-01
-1.000000000000000000e+00
-3.754814097477823798e-01
-1.470962062603320963e-01
1.041532000987886869e-01
-1.570886431794989435e-01
2.982705410050007777e-01
-3.247800782326699109e-01
-2.436311824736877851e-01
-2.324737157419965450e-01
-6.335599873187072184e-01
3.966123655535302994e-01
7.436439240784373239e-02
-4.336945007469510949e-01
1.000000000000000000e+00
6.681810158360537155e-01
5.522022160235479094e-02
-9.932355169134905459e-01
-3.040837034219668333e-01
1.382741304699648677e-01
1.000000000000000000e+00
4.117813663459263807e-01
5.758591925871689998e-01
-4.526782372070696780e-01
-2.975722296644797149e-01
-2.724080770689201736e-01
4.161650923358393706e-01
-2.135830074396221079e-01
1.000000000000000000e+00
-5.698798417967531060e-01
-2.727558091632220627e-02
5.822748755810087662e-01
4.753115154552265409e-01
1.744601035576779924e-01
1.000000000000000000e+00
4.734213000944642591e-01
-4.711687690010450957e-01
-8.568620202800227015e-02
-1.593264816737822998e-02
-1.000000000000000000e+00
3.885821432795662500e-01
1.533296775423267089e-01
-8.939845031379963780e-01
-1.000000000000000000e+00
2.243678992017229257e-01
3.590248034352050421e-02
-1.000000000000000000e+00
3.420549853478681013e-01
1.950100239889734910e-01
-6.783747068399580415e-01
4.409148348666354078e-01
-1.021957187143533452e-01
5.750159508018893861e-01
-8.847552304570989457e-02
-1.081761489179042107e-01
-2.749856247223256833e-01
2.731249430231924569e-01
-9.680326661722485904e-01
1.549961699910752666e-01
-1.642904284670929083e-01
-2.127399346103096556e-01
-1.573838964270137253e-01
-4.952847810068540246e-01
4.134328628061179067e-02
9.503579676783002750e-02
4.960327911875936913e-01
-1.000000000000000000e+00
-8.468425810149159474e-03
-2.560091833167446040e-01
-5.784813834882189809e-01
3.813294020514942928e-01
1.000000000000000000e+00
-3.562244824105814667e-02
-3.611607211465662215e-01
1.000000000000000000e+00
5.403305944675129702e-01
-1.268106778935772783e-01
-2.589999201570949983e-01
-4.066442138794710837e-01
-2.984317999872524441e-01
4.941188654645514156e-01
4.146252697505574680e-01
-1.000000000000000000e+00
-5.541715825498881864e-01
-1.666754138218379533e-01
-3.309589562274238284e-01
3.355190878780334729e-01
5.702875217318255086e-01
5.116524513254943063e-01
-4.628059161247354281e-01
-3.456603858988666067e-01
3.578947054703924407e-02
2.130463535852011869e-02
1.022119757471998125e-01
-3.594051160283753266e-01
5.695095237419808137e-02
2.151175864084238221e-01
-2.438473616934657695e-01
-3.579274465494086677e-01
1.000000000000000000e+00
1.524172956082468500e-01
-5.544811455264780919e-02
1.454952810447773803e-01
7.210984861232390131e-01
9.004666300269703605e-02
-5.695975139182600788e-01
5.715143880002737653e-01
1.000000000000000000e+00
3.245870932138667508e-01
-2.612087456340989600e-01
3.847785589312000543e-01
9.648068676293641843e-03
1.069022618973510252e-01
2.641531267337891009e-01
-2.353330178625230307e-01
-3.648593534359238499e-01
-1.926666865102423243e-01
9.546699989079018289e-01
-1.995286776187196742e-01
-1.177014736697459818e-02
1.419083508139725447e-01
-6.409616859140968015e-02
-4.847910940788759393e-01
-8.532744206980530377e-02
-1.206818979706254513e-01
5.886258027632311762e-01
-4.963376243662310228e-01
2.223071134927811499e-01
2.079218784670357478e-01
-4.755545583474249383e-02
6.658098528996615473e-01
2.414137708873804189e-01
3.769552788954683847e-02
3.220190613605340424e-01
-2.073426410738409553e-01
7.504844537586988773e-01
2.601986660155618247e-02
-3.239500277591597088e-01
-2.659272720782932531e-01
2.541098625737069350e-01
3.051318232473910763e-01
-1.515543568770384431e-01
1.369455815190885328e-01
-8.174557911292960055e-01
1.444916387694897275e-01
-9.258547406404900038e-01
1.211764419693600742e-01
4.168887229021700502e-01
8.447340544394649209e-01
2.287646557548256854e-01
7.478121159108777616e-02
