1.079400932977182814e-02
-5.754197928727998734e-01
-1.000000000000000000e+00
4.710059882659912711e-01
7.264672818145776478e-01
5.468909631806316840e-01
4.009583758982502855e-01
-9.424568160069917155e-01
-2.277207611441392221e-01
3.768359686323897728e-01
-6.105464199642784973e-01
-1.588802030583583991e-01
-9.549751690381999558e-02
7.487835372485369956e-02
5.023308060535456310e-01
1.000000000000000000e+00
-7.566045726246310998e-01
1.130306474043271947e-01
6.131581793993277907e-02
-4.322451499601667746e-02
5.808222875973882982e-01
-9.660847238040755069e-01
-4.409306630774129099e-02
-7.723960461121376353e-02
1.653655572849832556e-02
-3.925391008901031320e-01
-2.102730116731224008e-01
-3.703055680560039531e-01
-3.791093625646864140e-01
-1.156355217386212525e-01
5.709022747907913642e-01
3.409089995602718193e-02
-2.160073041347713302e-02
1.461102053385365807e-02
-7.467506203015903399e-01
1.160171792277938929e-01
-3.830911523934800722e-01
-2.849203703010229349e-02
1.000000000000000000e+00
5.730678767725719269e-02
9.595926966864598562e-02
3.887076027825893676e-01
9.892250851370905373e-02
5.182675290376348443e-01
-5.045273688100267995e-01
2.498167057028598953e-02
3.277161628535530391e-01
-6.843420109419764419e-01
2.026622099460562709e-01
3.239691933165991800e-04
5.194460494819447272e-03
-4.889266581372945231e-01
-2.844470533290792691e-01
-1.554217659958331277e-01
-2.746237171913473718e-02
1.000000000000000000e+00
1.675348618798992995e-01
8.181775151258640078e-01
4.110457753665605618e-01
-7.351358007518982163e-01
1.453835134153293462e-01
-4.873683583671984954e-01
-1.088357014010662704e-01
8.433851663022366996e-01
2.182674031829903161e-01
2.168201158721859978e-01
-1.994867130371713315e-01
-2.395685980428716721e-01
-1.254237744937178600e-01
5.226965396474616554e-01
3.824200290313301553e-01
-1.759360286412425811e-01
7.555279476397930294e-01
2.112398209916362402e-01
8.422208380334805788e-03
-2.669076479019762416e-01
5.566148642189272522e-01
3.312481131171519655e-01
7.233798150184048842e-04
2.375334979282036907e-01
1.380908055656876188e-01
1.284918231296713342e-01
5.616695997688951614e-02
-1.852013031107770658e-01
4.321015894425275783e-02
-3.586055912006128610e-01
3.590794159772024430e-01
-9.067506798821080294e-02
1.000000000000000000e+00
-3.480021987747008994e-02
1.959438162276727902e-01
1.190277106944461066e-01
-1.936688515341883354e-01
4.086553778063516384e-01
-3.793983042586107080e-01
5.990872590967664113e-01
5.413822249580804158e-01
-6.490722821602160630e-01
-3.770050673033010780e-01
-2.155245179277226475e-02
5.553506859309566002e-01
-3.505046902747141480e-02
-5.414895248288429386e-01
7.342606836124374592e-01
8.008155025775834379e-02
-6.546404505253078376e-01
-2.548124337087397939e-01
-1.696690984690419346e-01
-3.392150677721735286e-01
-1.391807749375178760e-01
-2.666338177111955421e-01
1.299443080741057299e-01
5.234165621273729752e-01
-3.539727007777254131e-01
-6.194308347940040427e-02
-3.271318329086687071e-01
2.727696747131084232e-01
4.904052614414523559e-01
2.879203985044493375e-01
7.913717259645673963e-01
3.821063819557420915e-01
-5.464025837148167586e-02
4.406156196399626523e-01
7.740052225132517671e-01
-3.734743571791718231e-01
-4.602225510022742716e-01
-1.232091684275509469e-01
2.884377847196517020e-01
5.181655638161464239e-01
1.367773424913732161e-01
2.024921876686877897e-01
3.169689527001119389e-01
-3.336087760328638741e-01
4.604254907156108967e-01
-6.967123920783026281e-02
-7.439358291054929406e-01
8.826484870808222472e-02
2.298370130456960092e-01
1.550672523075181108e-01
-1.961150022050646702e-01
7.568549410808590450e-01
2.703332497252453615e-01
-1.441734105212592598e-01
-3.438839466108261633e-01
-7.662790842568247829e-01
1.506374922904690772e-01
6.454780083260942825e-02
-4.234493542868049132e-01
1.187926424375163187e-01
-1.327985297929601405e-01
5.265558352487487159e-01
7.350309558337774218e-01
4.269220408292091484e-01
-8.468949126165045138e-01
-2.239921859833970685e-01
1.574551564432080664e-01
2.595700258222502499e-01
-8.150798051610705919e-01
1.922975757887743775e-01
-5.790758002199982712e-01
4.803904220289065830e-01
-1.970278105205008345e-01
-8.023159492622551348e-01
2.798758146051987250e-01
-4.739759417945323960e-01
1.740783230975612161e-02
-8.890284534940440242e-01
-6.002151860747255707e-01
-1.592817930670191728e-01
1.189767713496294316e-01
6.676159073805701949e-01
1.038633251655798617e-01
-2.343223106262067312e-01
8.246725892616924014e-01
-2.160365210107574874e-01
-1.822298251996419260e-01
1.131935324652623143e-01
1.106787510688897469e-01
-3.600378109299460228e-01
2.698962125505008358e-01
3.254772809099512054e-01
4.803555349234107097e-01
-1.278889003057308016e-01
-3.687396645136092888e-01
-9.744818848956879331e-02
6.093240057053479763e-02
5.035607177786297073e-03
-2.491523335774853409e-01
-2.879640561760731798e-01
-4.026874395341124013e-01
-3.520184856241231897e-01
-5.152940167468065269e-01
-3.082471597461878821e-01
-6.089020046152046062e-01
2.573013552906852630e-02
6.431015609895826546e-02
-1.748862518957901291e-01
-8.438133415000695359e-02
-7.446790528547815313e-01
-5.928834976951397051e-01
-1.000000000000000000e+00
-1.514299089791955044e-01
-1.446195789380704810e-01
-1.234620456209709199e-01
1.648177812012671106e-01
-1.000000000000000000e+00
-1.000000000000000000e+00
-1.104135617081142551e-01
5.784937837481680667e-01
2.549084008386034994e-04
1.279753813127342266e-01
9.957774706571660417e-01
1.094342010474869675e-01
-9.499612468731542803e-02
1.430169565764660700e-01
-2.190661576234624042e-01
1.726773213247249916e-02
3.207246907843200878e-01
-3.340752672487906638e-01
5.932927981462408074e-01
-6.184475062314944704e-01
-3.203584582736332953e-01
2.070320447150448551e-01
6.466453595422017031e-01
2.696427403850576998e-01
1.000000000000000000e+00
-4.173066884414353139e-02
-5.773814190294150883e-01
9.254966871646886917e-01
1.000000000000000000e+00
-8.358490877019447707e-01
-5.192430144806470249e-03
5.233036904031367065e-02
3.393879389662260437e-01
3.532440574665784982e-01
3.772506951234282924e-01
6.523038940032579447e-01
4.131926473226841812e-01
1.736284400333030775e-01
2.038894367308389244e-01
7.273020422991308687e-01
9.283978657216548358e-01
5.304541131426093736e-02
3.104425816069309452e-01
2.077935854715089459e-01
3.559724193623731159e-01
2.510276764050736742e-01
-7.488549702330671298e-01
6.949467976878064279e-01
-1.424778692251210122e-01
2.512170692962830687e-01
-8.726749231991980382e-01
3.999792608436153474e-02
2.269632405934637540e-02
1.507170020227595053e-01
-2.936411999583501964e-01
2.791919917556276998e-01
3.839578938305498457e-01
3.691472560371144018e-01
-6.202199619866524127e-01
5.752215911342182242e-01
2.236219658438115820e-01
6.561139728335567689e-01
4.263358046539257318e-01
4.661910894120474547e-01
