7.223313772030732771e-01
-7.857669991758337025e-01
-1.000000000000000000e+00
-6.783198319847623114e-01
1.114176446760445499e-01
-8.160289497298565953e-02
-4.231604844612445460e-01
-1.089454369588676308e-01
5.496318233333619130e-01
5.353545853700149015e-01
7.369472924366720079e-01
-9.629491723378830192e-01
-7.016090847796547791e-01
-1.080956591602501571e-01
8.749639678342714388e-01
-1.900256348362983627e-01
-3.348976444536970187e-01
5.653691302966566967e-01
8.818508882829687590e-01
3.492636072610765807e-01
-1.391932079080449580e-01
-3.825362426224199752e-01
8.966364500984802532e-02
-1.000000000000000000e+00
-3.835723136532690480e-01
-4.283682011174428927e-01
-6.261741118991406285e-01
-9.569605457876988464e-01
1.779736977930570507e-01
-4.173749595600904083e-01
-2.225849201079360684e-02
-2.455873130051997866e-01
1.000000000000000000e+00
9.642850645364442475e-01
-8.186108421754054731e-01
1.869925300040622407e-01
2.142935047510515223e-01
1.023796567310158653e-02
7.759961639656618448e-01
-1.325883587596579649e-01
3.441507205316579054e-01
-1.156399517349360750e-01
1.774896998383274638e-01
4.912701008056881702e-01
4.646096982983697332e-01
3.660470906861834628e-02
4.795872419675240028e-01
2.237238982857752134e-01
-2.253859757317663859e-01
2.505807674327272805e-01
1.602887847881900862e-01
-1.886866814606884268e-02
2.920049236824295291e-01
-3.603688216343035045e-01
3.140528382872345703e-02
2.871967227640974674e-01
4.432092604001126035e-01
-1.000000000000000000e+00
-1.000000000000000000e+00
3.758494675158798315e-01
-2.633321049358914312e-01
-2.399052984158531188e-02
1.217666021224833306e-01
2.561949288532208158e-01
-3.870174392063823188e-01
-3.012661015540921694e-01
-1.000000000000000000e+00
-6.512883423197710631e-01
-5.138718580611500997e-01
-5.642521989042229569e-01
7.879386850916503260e-01
-2.480692574096504122e-01
-4.810973172966558908e-01
1.000000000000000000e+00
4.644519727058926128e-01
-8.350143523557844727e-01
-3.982137926208676459e-01
8.954873156291529579e-01
-1.000000000000000000e+00
8.587952779606531362e-01
3.815219736941435347e-01
-5.905924030376966671e-01
1.475321554190704709e-01
-2.523882581825156457e-01
-1.666639920425627419e-01
1.000000000000000000e+00
1.197813724476265440e-02
6.175682275922355080e-01
2.981576150466120900e-01
1.797546982269300209e-01
1.688814018756616964e-01
-7.516442585755658268e-01
-2.408894230889917221e-01
6.043968709002596196e-01
7.421373858145396962e-01
4.183722530193079159e-02
1.444972449131818326e-01
-4.134839749062459435e-01
8.923084048396717760e-02
1.000000000000000000e+00
-3.216951945445769567e-01
-2.834168795556303300e-01
-5.052695659810599871e-01
1.556474201467327456e-01
1.000000000000000000e+00
2.351075206798321493e-01
3.214095893895625444e-01
7.617165073286467081e-01
1.950956970750702402e-01
-7.432506053058988149e-01
8.903901110538310348e-01
3.340223919269158515e-02
2.647653355960229438e-01
-5.882135953599327838e-01
5.027814023666965504e-01
7.393163918203726759e-01
-8.083079579893226452e-01
-5.244793349144062367e-01
6.843108045652909199e-01
6.775328016886306148e-01
4.443146910969583696e-01
1.991578702371951393e-01
4.767620353038247438e-02
1.618381236234663345e-01
-5.879108527154445207e-01
-5.762504628545606078e-03
2.183592293394343020e-01
-3.043885102440219148e-01
-8.495539181862823419e-01
-9.038479797592487153e-02
-4.836068882350708087e-02
2.101492773776025835e-03
6.875194082573348187e-01
9.133314719211080845e-01
9.067098522471770394e-01
-4.109710119122270688e-01
4.305669158844044331e-01
1.842838787771760856e-01
5.083330092448360427e-01
2.056243733302191012e-01
-4.861593050706359831e-01
-3.250969784719817124e-01
-1.735899780610674070e-01
5.649209624623172665e-01
-9.660824766030550181e-01
-5.048779726790969535e-01
6.206319430085799338e-01
2.084788186253106468e-01
1.000000000000000000e+00
-7.772874038829984400e-01
1.000000000000000000e+00
1.000000000000000000e+00
-8.854242599432360361e-02
5.904127776027872088e-01
-2.714122715987846157e-01
6.135547415268955973e-01
-1.000000000000000000e+00
-6.844830629900651164e-01
-3.935143022450862671e-03
-3.841716407603032457e-01
-1.000000000000000000e+00
-1.205711709457156326e-02
-2.282847366209310169e-01
-1.000000000000000000e+00
6.202857361073202402e-02
3.335582514748742788e-01
-1.000000000000000000e+00
-4.183496425855214307e-01
-1.545460182288501128e-01
6.402293848543758603e-01
3.084292309447456137e-01
1.087171103472259204e-02
-5.550201221730125534e-01
2.505237892648687348e-01
-1.699076319816653080e-01
-1.000000000000000000e+00
2.717016767916351494e-01
-4.395389411932001389e-01
9.910345580501309648e-01
4.177311384889194623e-01
-7.327047523433589671e-01
-1.000000000000000000e+00
6.111712506364734843e-01
2.372184340539750247e-01
-4.702404642178349414e-01
7.574914427805025108e-01
5.791794713650441073e-01
-2.700693857699815736e-01
9.953842493632847344e-02
-6.288095046032459168e-01
-2.687999842297700281e-02
1.342582614080564118e-01
-5.092032976615933348e-01
-3.567512440907241178e-01
-6.918799936987285459e-01
-7.421925648223575145e-01
8.113814395479577168e-01
1.401281324105589365e-01
1.247348875193931284e-01
-8.037673618597604985e-01
5.764916374307325897e-02
-1.000000000000000000e+00
-6.563298268077856212e-01
-1.377884933497387498e-01
-9.355455338878730931e-01
1.000000000000000000e+00
-9.669242017035927228e-01
-7.777798428676742371e-02
8.150168533247621472e-01
-3.716621289816272045e-01
-3.349575140832971032e-01
-1.016625392134166105e-02
1.831995486962096353e-01
7.141783755720811921e-01
-3.671153435267834331e-01
-5.263700106219149077e-01
7.859253535197398000e-01
2.522875861127816741e-02
4.137636182187691691e-01
-1.000000000000000000e+00
-4.766044666207414071e-01
-5.182590299596434580e-01
1.327828895849163526e-01
7.215311973839306781e-01
2.806127290864871560e-01
-8.438924435306642824e-01
-2.928973713068143692e-01
2.956987336097242069e-01
3.632148875523286691e-01
6.668100762623921929e-01
-5.977948035511323477e-01
4.633096572871147067e-01
-7.129762534991630485e-01
-2.825355008751040398e-02
7.029770500131919952e-01
1.658174898817096343e-01
-8.367180513645933182e-01
-1.000000000000000000e+00
-8.865568748098545671e-01
-8.159621099546382483e-01
3.080737552270823576e-01
-7.769978222784077460e-01
5.541525817218332373e-01
-1.461224626725558529e-01
8.046812535124603372e-01
-7.151511343760479367e-01
-2.670553264804872429e-01
5.152281178383735227e-01
-8.706965342664865215e-01
-8.665601364962057795e-01
-4.611133525276686629e-01
-6.472230839950874337e-01
-1.000000000000000000e+00
9.723097263304658622e-02
-4.657357648714942344e-02
-1.738616019297672954e-01
5.836345526565289710e-01
7.058457860337961076e-01
-8.050824488505476939e-01
-1.807158951983478534e-02
1.000000000000000000e+00
-9.871419276930346598e-01
3.388805320509695740e-01
3.131857559688799864e-01
-1.256640310493794266e-01
