-3.798174203285685779e-01
-2.182539459652445002e-01
-2.665565158459524131e-01
2.118678732325164904e-01
-1.861254764904184955e-01
2.001710573635065993e-01
6.250959945706157095e-01
2.274329250953284753e-01
1.140049364611259164e-01
-2.090399966443727831e-01
-7.457194919622680551e-01
-6.990989248160162095e-01
-2.192703136949519238e-01
8.762581397913510317e-01
1.000000000000000000e+00
-4.741794038245088494e-01
7.154640413418074107e-01
-1.808112611245877022e-01
8.344407630584724789e-01
-5.099360533654909711e-01
-4.708514351782114860e-01
-6.691945304778973425e-01
-9.718289467939807968e-01
1.035102945079100223e-01
-1.000000000000000000e+00
-8.684415765704897594e-02
-2.344335117139291769e-01
-2.894708699574864985e-01
-1.782262396164222273e-01
7.215550050160046691e-01
-7.422266703396283027e-01
-4.784504204528015059e-01
-5.875477290508522854e-01
-1.187533557728563949e-01
-4.386888958041743614e-01
-1.565034792763744798e-01
-8.419676448359900700e-01
4.282783196572588214e-01
7.010086700188679076e-01
-5.068935986748891454e-01
-2.203231222858722249e-01
-5.988372413199333222e-01
3.271458455285651823e-01
-3.623966250761583019e-02
-8.082171971146503986e-02
-2.159371714482714311e-01
-5.718741626043670756e-01
-1.985566511255389688e-01
-2.246545674909901369e-01
-1.059630252091490754e-01
1.387571549667495352e-01
-1.324661391922222764e-01
4.231081124672114724e-01
3.095980486416129995e-01
-5.655767532734459202e-01
-4.866058397283782311e-01
-1.489969083225417545e-02
1.454200172604640795e-01
-3.723497087144626849e-02
-1.331061957081703107e-01
-2.938692079187281148e-01
5.931587764643896782e-02
6.131608199908050033e-02
1.893731590022705857e-01
-2.751594907328240303e-01
-4.438739218809794052e-01
-2.397805233081410081e-01
1.002827012819063057e-02
5.149271775920283289e-03
-5.458464505532598099e-02
-8.238798931885341070e-02
2.228137514930501051e-01
2.544624457542829510e-01
3.974582306551281974e-01
-1.667457255985416720e-01
1.085956261315589449e-01
2.184082169143764518e-01
2.667076963735025008e-01
1.341738649841704989e-01
3.875033578660428413e-01
5.260620760122611261e-02
-1.900242908459619240e-02
-1.000000000000000000e+00
6.484295491333391670e-01
1.457802685870973336e-01
1.548097673042183320e-01
-1.907691235487110615e-01
-2.264900647658417421e-01
5.388699515701156351e-01
-1.471929371482483817e-01
9.548933046763592447e-01
2.611069156530801960e-01
-6.759596693525939948e-01
-1.000000000000000000e+00
1.699912660215843752e-02
-7.237979995863341731e-01
-5.186311962979688328e-01
-4.074492143141882350e-01
-9.578898389857184448e-01
-4.675669121517894156e-01
1.257639697709254378e-01
-2.613198509197223740e-01
-7.341624262004079471e-01
-3.811932429447350001e-01
-6.321342478572584689e-01
4.964556314562714179e-01
5.097688932558258612e-01
-2.663716761837875979e-01
6.744501802436959625e-01
3.630100248055694312e-01
-2.590028336356876570e-01
5.853516328624420728e-01
-2.844890175179860536e-01
-2.488025062408521504e-01
-4.899752741085478536e-01
7.515970385263686104e-01
1.956019863083201804e-01
-4.808576932491069877e-01
3.060684175740072122e-01
6.167442078146766204e-02
2.013396939843273836e-01
9.287579753991448417e-02
-1.965728658054871625e-01
-6.258987658987569258e-01
-1.000000000000000000e+00
8.718916914003583818e-01
-8.877290888895014720e-02
2.617538349456374758e-01
2.452745467475566099e-01
5.180627250876772560e-01
-2.079477287809474995e-01
-6.280300452701316205e-01
-3.355104457016475084e-01
5.418208675185720580e-01
-1.236893471305166026e-01
-3.780281952777795329e-01
2.771490540952704640e-01
-5.752954195027282225e-01
-1.313823339013770186e-01
1.590940147681634831e-01
7.266330596569174904e-01
1.863097365769824654e-01
6.869658146084015038e-02
-4.004538566126288335e-01
-2.972734287674778930e-02
5.477465060758066606e-01
3.430860432269132732e-01
7.259839905206736388e-01
2.387694811695859065e-01
6.576731384035077177e-01
-5.607143365498330756e-02
-9.468087950274028941e-02
7.460702393078948447e-01
-2.969743295318769821e-02
5.502891301600935092e-01
4.597363316544776368e-01
-4.014225519000298448e-01
-1.888856046900237451e-01
-5.166921203486370961e-01
4.367237501319534143e-01
1.000000000000000000e+00
8.661524545402665698e-01
3.017076290736560029e-01
-1.000000000000000000e+00
2.135964006011517591e-01
-1.000000000000000000e+00
1.843728679070492926e-01
8.849242359016582515e-01
-8.358440183916742150e-01
-5.701152223292392796e-01
-1.000000000000000000e+00
-4.560421667136674295e-03
1.534684429414014950e-01
-2.780985558868812046e-01
-2.717782528315720869e-01
1.397604188728845953e-02
3.210676518172619343e-01
-7.026172388959565085e-01
-1.000000000000000000e+00
4.855915479404508406e-01
2.164092096332070336e-01
-2.889568536943642463e-01
-3.093719359780727762e-01
-8.272535298547438742e-01
-1.000000000000000000e+00
2.872578692058936900e-01
-4.251346214985940453e-02
-2.296666424253651362e-01
2.434681674568445475e-01
4.438479721579626780e-01
-3.699834972485808171e-01
-2.506516554507094985e-01
-2.676595645936752921e-01
-2.503014857834697793e-01
1.544011616839996992e-01
-1.000000000000000000e+00
-1.763645156670257466e-02
4.881080024155130537e-01
-1.000000000000000000e+00
2.152069518938592996e-03
1.928932599953067650e-01
8.303023280162746822e-03
1.263140828514108804e-01
7.075548572222315480e-01
2.798430142119218145e-02
6.595026513584943961e-01
4.320303338243991487e-02
7.124339081017513342e-01
1.937219936409733390e-01
-3.215756169185909341e-01
1.826175199836584939e-01
1.000000000000000000e+00
-7.280934311722140340e-01
6.365633158335700648e-01
1.000000000000000000e+00
-1.452403822157925795e-01
1.600526676329138698e-01
2.864268309554318659e-01
-2.920464822888177436e-01
-5.073664327520064354e-01
-4.097886436437839230e-03
-7.246390422899780248e-02
-2.357272834539831108e-01
2.489640632972972556e-01
5.112613865374318056e-01
5.456771907464222915e-01
2.663748371953894578e-01
5.567881883977524593e-01
-3.488177486095535018e-01
-7.584506101846237858e-01
9.195412531959926139e-02
-5.485578519305214229e-01
-1.737621596739735708e-02
-1.750015043161115558e-01
4.551591168747157745e-01
3.970273194568937347e-01
-4.594377731673339182e-01
-5.126088888409248145e-01
-8.374812743611859123e-02
5.717686293727650693e-01
7.519385645445128552e-02
6.903798666222528135e-01
9.169254066259885372e-02
-7.966428659982258687e-01
2.767993945125820643e-01
7.711337277614975505e-02
1.694736752223801324e-01
-9.106204151302803307e-03
-1.588534078608169475e-01
1.000000000000000000e+00
1.257186092283448797e-01
-2.564196068789461602e-01
1.145773679242404613e-01
4.321857906132290927e-01
1.000000000000000000e+00
-3.995593481448074247e-01
4.430170516025817573e-01
4.709518319972901823e-01
-1.839105831967227100e-01
-1.779851851111264316e-01
-4.186417669892250060e-01
8.504034574057273144e-01
8.804514467692214907e-01
6.866875308429819524e-01
1.000000000000000000e+00
