
0 56.976552 -2.182303 9.667923 -30.0
1 57.502832 6.835731 11.616229 -30.0
2 84.878378 24.554311 17.679852 -20.0
3 75.67699 30.140577 15.5901 -10.0
4 75.44704 31.748043 15.874981 -10.0
5 75.470571 36.848822 16.299912 -10.0
6 83.257173 36.350908 15.943895 10.6
7 84.428738 36.623435 18.29735 4.0
8 83.257173 42.689152 17.217436 10.0
9 88.305064 40.93497 26.396145 38.8
10 88.472828 47.387091 17.985758 38.8
11 88.472828 49.047497 20.71728 35.2
12 87.332828 50.11935 18.012045 35.2
13 87.332828 49.963322 21.236378 46.6
14 86.158336 50.426294 21.603798 46.6
15 87.152828 53.985086 19.374099 16.6
16 88.725064 56.734327 19.225492 38.8
17 88.472828 53.649044 20.347429 44.2
18 88.472828 54.008156 21.467556 34.0
19 87.992828 53.267122 30.854975 31.0