-1.564025916419488904e-01
-6.990897826900851486e-01
5.757796946136261029e-01
6.635031535911430078e-02
-9.259833184506554016e-01
-4.543398916979375368e-01
1.746245279852706167e-01
1.000000000000000000e+00
-2.975424322629948715e-01
7.706679249485673955e-01
4.455324884253571427e-01
7.050884931706012937e-01
-6.041676717371901040e-01
1.275640007996886038e-01
-8.283909108359877038e-02
3.263429460604891919e-01
-5.633417756482925198e-02
-3.065322742140757506e-01
1.313943052340313944e-01
1.073772667354401522e-01
1.598198915149492694e-01
8.997626411938244306e-01
-2.242800252790625726e-01
-2.644701479125586077e-02
4.781431028567901809e-01
3.208927024741712319e-01
1.631491537115198343e-01
-1.000000000000000000e+00
1.390414552841097093e-02
-1.891322970717765617e-01
3.214732090655605390e-01
9.037624958726619973e-03
2.866530286267803679e-03
-3.248673576730457535e-01
1.196789932211009266e-01
-8.073500021571676510e-02
-7.643172616288611554e-01
-7.259550639352653212e-01
-3.838671390434347797e-01
-1.746133197471365084e-01
9.656689408311908140e-02
2.379026835910126869e-01
-1.225675934356091068e-01
2.629648061416423599e-01
1.000000000000000000e+00
-7.373423180367266738e-02
3.069166868764772182e-01
5.263755672219154746e-01
-2.529588234081959763e-01
5.403167392343941611e-01
-1.931357158793284290e-01
9.946696401005451771e-02
-6.027022552657955445e-02
8.491950856760199784e-02
-1.000000000000000000e+00
7.309190053869690784e-02
8.489007741252345696e-01
5.389911005421008094e-02
5.776756810923333596e-01
-2.138370071501008995e-01
-7.549581480167929515e-01
-2.109485788314591215e-01
6.740999659031447766e-02
9.111036062650415546e-02
5.011655608817378038e-02
-3.519773766475046139e-01
6.821295460268412825e-01
3.777165149167455160e-01
1.919761924569428346e-01
2.063060959740838085e-01
-4.643077426589012902e-01
-2.881338674372226349e-01
-3.265139653360039640e-01
1.203661513793776172e-01
-2.474264769243530171e-01
-3.197279818596047984e-02
-3.384773827932087142e-01
-2.663669037901519321e-01
-6.100098614731808144e-01
1.000000000000000000e+00
-7.873156563357399662e-01
-6.623768571380154180e-01
-2.575967947053197094e-01
1.667516498390043123e-01
-2.941039233733266922e-01
-3.775107375426906553e-01
-2.300292084245386393e-01
5.093162011459544392e-01
-1.346850701349257273e-02
4.531074754251407932e-01
3.384604128247454269e-01
-1.697374610449197685e-01
1.000000000000000000e+00
-1.000000000000000000e+00
2.653357622206846678e-01
-2.803412108635467970e-01
5.309314579315139726e-01
-6.311085411419624647e-01
1.571633331156310487e-01
5.320943438574339268e-01
9.906082441793012672e-02
2.823632960986013352e-01
2.605440398356443921e-01
6.118324159591610467e-01
-4.348063460411122350e-01
1.696092263402718681e-01
-3.685176471697300671e-01
1.275912934350134642e-01
-3.496790468640985639e-01
1.372417471375540418e-02
-1.184972851434964447e-01
1.000000000000000000e+00
6.232976642959470875e-02
5.558796128872340869e-01
-7.259428903573273972e-01
6.105266200161311996e-02
-4.469757477210061780e-01
9.801852850206594914e-01
3.394259662160939439e-01
-1.948348636477703344e-01
-4.103525806905315987e-01
5.091353995952789813e-01
-2.067236023593635175e-01
-2.200675989168009161e-01
7.871200784558781693e-01
-2.761516060064680422e-01
-4.963344713501187389e-02
-1.095204467423065431e-01
6.936444438222433284e-02
-6.487506694512699124e-01
1.000000000000000000e+00
-1.110610016932497834e-01
1.843956485639516307e-01
1.568888109398976494e-01
-8.428118168573215385e-01
1.028885180358931201e-01
-2.598175397725310809e-01
2.113707357004507570e-01
6.464104254830342622e-02
7.319669691568464476e-01
4.766675379008048635e-03
-1.000000000000000000e+00
1.862472807505330397e-01
-8.491804341698665493e-01
-5.510828467900407146e-01
7.109593367807364173e-01
3.003902329770869462e-01
6.441115401917278938e-01
-2.465706319466919316e-01
-6.324301578499495757e-03
-4.617070496131637225e-01
-1.000000000000000000e+00
-1.000000000000000000e+00
9.025147559555936061e-01
-2.388807237250124560e-01
-8.115969547110239990e-01
7.817430913494374245e-01
7.596067707207067032e-01
-3.863118449963547363e-01
3.280896992978464821e-01
-1.000000000000000000e+00
2.365004113183562795e-01
-3.449980116288637322e-01
-1.794451976354535239e-01
3.996145343734593958e-01
-4.327371416793402426e-01
1.049459886576198375e-01
-9.355833597354229481e-02
-2.227915758951276026e-01
5.350133719008445810e-02
-1.000000000000000000e+00
2.300397577972519980e-01
5.882059930963313699e-01
-6.122240087692665256e-01
-1.018583093029293285e-02
2.828763979939449835e-02
-7.385408404367861390e-01
6.714545438224615026e-01
-5.133379853729578279e-01
-1.693747824455597295e-01
8.657484531814252371e-01
-8.322306320138148084e-02
-1.992750734021854486e-01
-8.301075056718909551e-01
1.926157279353897522e-01
-1.145146376383516032e-02
-4.802239360846897176e-01
-2.203822610120066416e-01
3.771373322117743676e-03
-5.608862709241537736e-01
-1.156475120289362224e-01
4.312175646562666498e-01
-1.000000000000000000e+00
3.456317912043332941e-02
7.457124114050042163e-01
2.133386730538617271e-01
2.127516324871648323e-01
-2.153065123029534456e-01
1.313658574088042430e-01
7.299757646035308356e-02
-9.079365313654810254e-01
-1.000000000000000000e+00
6.111847174401725535e-01
1.071651971798333186e-01
4.352920063816821394e-01
6.345625102918890648e-02
5.412287249184766225e-01
-9.785084854086770201e-02
2.097596052515337539e-01
-2.336655961482869137e-01
-9.730459201627945642e-01
5.717373589254670652e-03
3.229969526359982024e-01
8.697996691785553347e-01
-4.011521297638943606e-01
1.000000000000000000e+00
-3.711449633898763478e-01
-4.367881696431079597e-01
-4.423420700186844190e-01
-6.414625869935305369e-01
-3.617613880257083414e-01
3.229959155121245873e-01
6.468872718308127379e-01
1.000000000000000000e+00
-1.071692613713723929e-01
-2.130639733207985442e-01
-2.980292615999325379e-01
1.000000000000000000e+00
2.627065892514006684e-01
-9.220686377803900824e-02
-8.584840456024989130e-01
-5.613655088167607277e-02
-8.786073164265912894e-01
3.623357261770842053e-01
5.021991313350460118e-03
-2.134183349907963212e-01
2.316259336285651782e-01
-1.667723056257970349e-01
5.100653249033807457e-01
-2.171561601690808474e-01
-5.477106802969712307e-01
-1.704127579510588686e-01
-4.448847584574772140e-01
1.076196018302667465e-02
3.224093346998722076e-01
-5.261056441350953072e-01
1.673920492868508636e-01
1.292711542273988212e-01
2.831333700872306625e-01
1.459490792272311321e-01
-2.231106760527450106e-03
-2.870805554326272269e-01
-1.889568519747731601e-01
1.093105697252755582e-01
-4.825804727801195071e-01
6.307853214623022897e-02
-1.807630765296595887e-01
4.985943266844560240e-01
4.394314054107929524e-01
-3.881523274902927145e-01
-5.885147423973516867e-01
2.549130333751609134e-01
-1.687038725523232197e-01
6.748752492987852847e-01
-3.931419004685060559e-02
