8.778017384248777422e-01
-4.824088834020334726e-01
5.456710695126463229e-01
1.000000000000000000e+00
-2.513244767072342900e-01
-1.683467477849694971e-01
-1.854088762474409569e-01
6.286574708349190743e-01
-3.109609322475427873e-01
-6.315789644489301358e-01
3.234581055243959669e-01
-3.518078452925532118e-01
1.070436832838416591e-01
2.903348046050153730e-01
6.549011810269238509e-01
-2.489259479338973846e-01
-3.183982127128541229e-01
3.229468073614595869e-01
4.915103491927834689e-01
-7.526515247511189610e-01
9.123960686264040998e-01
3.594215846983911389e-02
-7.198815874310716956e-02
6.764461050401282538e-01
6.944729449119712017e-01
-2.614378154097056484e-02
-5.901261967979239964e-01
-3.529211094872433674e-02
-4.814467615119367161e-01
3.115291761944352644e-01
7.568439369658147564e-03
-2.605234989572355886e-01
8.747528899305118122e-01
-7.602363535680958795e-03
-2.281746087154851721e-01
-4.698864695397758640e-01
-2.922517357148258776e-01
-8.714925092688535768e-02
5.097701483356538166e-01
1.264180467013734273e-02
4.080334626784040131e-01
-4.651688648854117036e-01
-5.169202467805046330e-01
2.406596207926920694e-01
5.210402259067214992e-02
4.477681649354250948e-01
-9.936263861031674471e-01
-4.720186042947325245e-01
-3.747630356823479780e-01
3.006108396007219075e-02
3.678063216468494684e-02
4.873252593931644006e-01
6.508154290095612415e-01
4.986494027310446331e-01
-1.570343114857844502e-02
-1.658346467941259061e-01
-2.994872894530310470e-01
3.621739594158416842e-01
1.685144331827886921e-01
7.918235338252210820e-01
6.373307441152082919e-01
7.983913715532557909e-01
-4.559982722744680972e-01
-2.470457098437333632e-01
-3.899575119615808494e-01
9.804441860919443918e-02
1.388536892398686273e-01
6.398924524456179874e-01
-4.798707429162752391e-01
-4.759615869316161652e-01
3.568832864946655525e-01
-1.783187241299033499e-01
5.149907047851232100e-01
-1.339911463319718443e-01
-9.170590434866089380e-01
-5.831231927214539645e-01
-3.175954866655716913e-01
-1.431865589563688090e-01
2.727796321768859167e-02
6.210833415343431918e-01
-6.632601426796299604e-01
5.001038946294159571e-01
-9.339449297859817034e-02
1.000000000000000000e+00
-8.553336277423381206e-01
4.531699714155765224e-01
-5.602365996154125005e-01
-3.550871342692301091e-01
6.403244898384037320e-01
4.230156907061879967e-01
-4.359260882038752949e-01
4.273656025339472864e-01
5.733994204049680521e-02
-3.062208109240127096e-01
3.041897747828475190e-02
6.516593438539666772e-02
-4.774697707521723955e-01
4.427719535314158517e-01
3.850699353103577693e-01
-2.273452115120854211e-01
-1.000000000000000000e+00
1.845850079758366291e-01
6.028374778845430049e-01
3.762112365816603909e-01
-4.375300561459533055e-01
-7.971336581823951217e-01
-3.608436899018664379e-01
-5.173464452786572521e-01
-6.207463650179669834e-01
5.534555148659198176e-01
-2.386573299690264438e-01
-3.519568529323284789e-01
5.430392106962649290e-01
-3.290326073031292764e-01
-1.000000000000000000e+00
8.472405317649409073e-02
-6.399357230053071000e-01
4.495343355033514232e-01
-1.893254319013491227e-01
-2.960688848004981374e-02
-1.000000000000000000e+00
-1.529166648660078009e-01
-8.677519364642293231e-01
-2.234543236094831825e-02
2.871849421949656533e-01
-2.759210689180492393e-01
3.283474871401176887e-01
1.089406675258752510e-01
2.761306662892848429e-01
-1.021074874388350900e-01
-4.370634521070598799e-01
-4.701337344208610936e-01
-1.851092106117734337e-01
-3.571221295294998432e-01
-5.162211031195569344e-01
2.603421085602088403e-01
-7.450144478535253301e-01
-6.658073651925865144e-02
-3.514080462963719009e-01
-2.524692433897761101e-01
-4.929475856675342160e-01
-4.892770248251909204e-01
1.000000000000000000e+00
-7.590824515290117355e-03
-2.185155901637085285e-01
2.015879282737468303e-01
1.478983718082688692e-01
1.490333279710419068e-01
2.894471680470002417e-02
1.817724615145934752e-01
-1.325521995979612733e-01
8.475659958688397388e-02
-1.000000000000000000e+00
4.872198521211549838e-01
-8.226383342110080155e-02
-4.860594595921818306e-01
1.962853885737822490e-01
1.000000000000000000e+00
5.078272682676265859e-01
-2.487162758989924505e-01
-5.597342369440119203e-01
2.058268230053741932e-01
-3.913089737135308499e-01
8.038438039272448599e-01
4.867589702236496674e-01
1.576213375779096371e-01
1.000000000000000000e+00
8.968390115514768279e-01
-6.082830748895446532e-02
5.904616754537188317e-02
-7.399098286977795480e-03
-5.519514688909928912e-01
-5.320263364734659217e-02
-7.277733633182020823e-01
-4.670922915722121038e-01
3.847439809233711983e-01
-5.180903467501246640e-02
-6.152269772591929531e-01
5.553198845020295149e-01
-5.504135656311223146e-01
3.421062713394223964e-01
-1.700865384525652169e-01
-5.169756982672533141e-01
8.848460958481180194e-02
-1.405008249243926144e-01
-8.276642331448136325e-01
1.502390798645336645e-01
-2.293956883468664387e-01
2.592810378340833499e-01
1.034682251814954129e-01
7.241821074749121845e-01
6.060241903421531573e-01
-1.871089211142973052e-01
-1.560948580619230808e-01
-1.869986423686777477e-01
1.875399391389564463e-01
-2.370038341545770144e-01
3.353600776921393245e-01
-2.063834663576830097e-02
-3.827674305953131517e-01
1.945332710757659567e-01
4.243399781128034953e-02
-2.541246377984549693e-02
3.700249041372885572e-02
-1.000000000000000000e+00
-5.790262167166756457e-01
5.030151273522849298e-01
-3.722104446072004857e-01
3.960635845298678404e-01
9.459387562224899626e-02
-3.257529655343868180e-01
-7.270000649476574539e-01
3.587608127000252445e-01
1.000000000000000000e+00
-1.747968251875922086e-01
-4.058980482471368223e-01
1.000000000000000000e+00
-1.614202417002637974e-02
6.523057905398488288e-01
-1.224057092086290460e-01
4.196957040423443530e-03
-8.012266588215314345e-01
6.342133653303319019e-01
-1.000000000000000000e+00
-3.971815092964202654e-01
-1.019295149105488296e-01
-8.635291598483360587e-02
-7.316691726407567598e-02
-1.636499910823534520e-01
-2.457436292763478247e-01
-1.227655257070401629e-01
1.889538491861349895e-02
4.319533060207062514e-01
5.801097474011469579e-01
6.596884879482034503e-01
1.604493837765549880e-03
7.055428368818692508e-01
8.562412969714724431e-01
4.294111976000596353e-01
2.145932810454262429e-01
6.781465488449326395e-01
-5.120754269081684296e-01
-3.578711527951023985e-01
-2.277368609162031543e-01
-8.623342357158780835e-01
-1.670388247433804429e-01
-1.877516255093276687e-01
8.218539256264912884e-01
7.072250050089927687e-01
1.150424932275181666e-01
-3.180765383259478440e-01
-2.575413433385433104e-02
1.000000000000000000e+00
7.987813860163017754e-01
-7.886504652537140725e-01
-2.066944963083084952e-01
-4.082225730670314690e-01
-6.796961070947701300e-01
-3.261734628091820243e-01
-1.836734242782578352e-03
3.825602192309310867e-01
4.832254264751826844e-01
-1.000000000000000000e+00
1.000000000000000000e+00
1.000000000000000000e+00
