-1.580636559614799763e-01
-1.661971815568114019e-01
-1.000000000000000000e+00
8.558424335071326827e-02
-3.716036728023297542e-02
-4.420127634995843491e-03
-1.518764100109823989e-01
7.341096026778165529e-02
-3.059168076042444867e-02
1.935240560066114890e-01
3.919809203482691462e-01
-5.090761744952833068e-01
1.000000000000000000e+00
-1.062688400002896744e-01
-6.347085403419152616e-01
1.000000000000000000e+00
-1.774402209292884058e-01
-2.866615827459489951e-01
-8.317862906445564475e-01
-1.847536298715513059e-01
-6.321532277851400761e-02
4.955217839711881234e-03
-2.576369818754600111e-02
-5.711450334273135421e-02
5.942823900473483967e-01
-5.831128424622207262e-01
-3.238874983728566304e-01
-7.448365084281113324e-01
-4.539929321734849643e-01
-2.773468583258723030e-01
-4.015226359426997127e-01
-6.938823385849461622e-02
-4.263617360608746854e-01
-7.021936182332805254e-02
2.229523414479721855e-01
-1.146338428051216496e-01
8.705271538776381268e-01
3.286048739962256771e-01
-9.274976729675962206e-01
2.150670630176540754e-01
-8.885677972761689691e-01
-5.078059747738943031e-03
-1.604049232423485627e-01
1.713828933939893356e-02
-3.555336029801566683e-03
-3.091337286638412563e-01
-3.955107635095213570e-01
-3.397473155904030540e-01
-1.425021561999645359e-02
4.139138353708528006e-01
1.000000000000000000e+00
-7.333842284595089023e-01
-7.282154772774795948e-01
1.312644329716863845e-01
-1.000000000000000000e+00
3.186322958542389117e-01
1.959824324415050112e-01
-4.074167651442395233e-02
-5.025840947318540586e-01
-3.736667477848636953e-01
-1.080108684850617784e-01
1.061547955513200137e-01
3.595472533989396702e-02
-1.000000000000000000e+00
-2.479019918204621031e-01
4.970495272654206625e-02
-1.942964162244113085e-02
-3.132203426845494576e-01
-7.180769759354530546e-01
-3.159197847612849608e-01
-1.614542660609553093e-01
1.542989341956455540e-01
-3.390134336189114250e-02
7.986339358133111022e-01
6.792568580508885345e-01
3.862731442290292527e-01
3.291736234068526890e-01
-3.316804309273973378e-02
-4.865545007256975030e-01
-3.315559671906395667e-01
-4.686197506256833956e-01
2.013150437279169480e-01
5.245067761059764994e-02
2.825369255600270746e-01
7.602953982652517206e-01
2.311448301505918401e-01
1.163820611151391016e-01
3.998140433929420201e-01
8.824572891734994151e-02
6.614855349961402953e-02
-1.322201027178027469e-02
1.000000000000000000e+00
1.000000000000000000e+00
2.552639808963390600e-01
-1.000000000000000000e+00
-1.000000000000000000e+00
3.344423244110790172e-01
-1.140620826091974793e-01
-1.025104756395004424e-01
-1.047397704224808657e-01
4.930235926116106199e-02
-1.793631774521205202e-02
-1.872906962719148583e-01
-1.596544303350355409e-01
-7.370202652186675918e-01
-1.828559765812249882e-01
-2.441644224136174657e-01
-8.452307995665073181e-02
7.041912132640213429e-01
-1.064404750898604313e-01
-2.430683245761431355e-01
-2.665942191271453710e-01
-4.535793648497284947e-01
-1.561324114626621018e-01
8.137405310578442741e-01
-6.035103494257983980e-01
-1.395532401557179614e-01
2.128374566740826590e-01
7.899897982130168472e-01
-2.883447910179093299e-01
-1.940168199448921715e-03
-2.116636538429816916e-01
2.624227841530425431e-01
-9.556101316951002289e-01
6.171727333175756891e-02
-2.712724853391000335e-01
7.240001219122137455e-01
-1.509981281135055475e-01
-1.614168466645871103e-01
4.894821472835456794e-02
-1.322669233674590994e-01
2.076491562971838900e-01
9.676332799228939407e-01
-8.752930296889899209e-02
1.813397574120585720e-01
1.718614895441208934e-01
-9.338489921568793317e-01
2.171947957880570601e-01
1.957735325537074966e-01
-4.000361546048487038e-01
-1.103544601172552764e-01
4.790783553291619867e-01
-1.485234038119866984e-01
3.657158986625237418e-01
-8.292724238385720814e-02
2.034432859939687144e-01
5.718185048016821703e-01
-2.479584239011392577e-01
1.235017497554235233e-01
-8.817745726576243781e-01
7.266133620601792353e-01
2.639070956847669111e-02
1.000000000000000000e+00
-2.020087736839707576e-02
-2.270686054759729622e-01
6.452987755243713708e-02
3.589407837524460909e-01
-9.409265560166566456e-01
2.425368233742480617e-01
-1.551098244420348882e-01
-8.572356112892892677e-01
6.489269263944995314e-02
-3.899189692150847319e-01
6.519480290497768615e-02
-3.362129331811100630e-01
1.000000000000000000e+00
1.000000000000000000e+00
8.157278250449574442e-01
-2.863300265284520196e-01
-5.205568925761714372e-01
5.283656909356578835e-01
3.526031035898030686e-01
9.170563407878828954e-02
-7.183816328760008751e-01
-4.935069614144657058e-01
-2.552655925763378519e-01
4.628676634822720404e-01
1.000000000000000000e+00
1.663356655775294901e-01
-6.030517869963818445e-01
2.974441511948219818e-01
3.850114302137381816e-01
-8.991838951338400332e-02
-1.452208876198732290e-01
-2.217359114712952883e-01
-3.445747243755493683e-01
-2.802010935901883548e-01
-1.464047894840003750e-01
7.847647152916356061e-01
4.672738031485867416e-01
-3.753031576582497308e-01
-2.469179382256074529e-02
-1.000000000000000000e+00
5.740224225865745433e-01
-5.960541676428028346e-01
8.022292234274630562e-01
-1.343600096835081137e-01
6.382707078221247499e-02
-1.534322381027069387e-02
2.141620236415144596e-01
4.562534668436136753e-01
-2.829762019900381592e-02
-6.784658994718553021e-03
3.901707952204465646e-01
-6.179116424773352101e-01
8.879303265880107709e-02
-5.615309721146416466e-01
-2.539766592975605808e-01
1.061739808750352954e-01
4.642532157915230107e-01
-1.778251188085388512e-01
1.690607512097496434e-01
-1.375350451375486061e-01
4.642664790315552126e-01
-9.386913660306308582e-01
-7.277040444490689985e-01
1.219263745208410410e-01
8.526562764766856262e-01
-1.000000000000000000e+00
1.675353370931078612e-01
-4.098079452723979998e-01
1.028841753005838577e-01
4.962822762720117131e-01
3.243773995393034459e-01
7.336665311387341459e-01
5.192098387653754088e-01
-7.522714273195311163e-01
4.677620408871410035e-02
-1.000000000000000000e+00
-4.850043598798315925e-01
-6.964602600443877689e-01
-4.483769506654721737e-01
4.448867412872545835e-01
2.114034937999459407e-01
-1.000000000000000000e+00
-2.736632248462238515e-01
-1.063580013664914281e-01
3.873840586736958524e-01
9.582127204325148473e-02
-9.764039476268828732e-01
-2.207789233185618594e-01
-2.127330604539208470e-01
-1.665882763381532072e-01
8.320180701732715622e-02
9.218018936397195939e-02
2.990558878114584762e-01
4.923935169398918621e-01
9.107485757660714609e-02
1.099772321891170773e-01
5.055912693271683578e-01
-1.087180754658731707e-01
-6.476500931451982801e-01
-1.051711766575804397e-01
-4.303014367084607300e-02
-1.000000000000000000e+00
-4.757849999784843908e-02
4.025217498057022114e-01
-5.855822183327576147e-02
2.987675962373311789e-01
5.838167167957457604e-01
2.971036882566459592e-01
-1.000000000000000000e+00
-1.310931383620081714e-01
8.615684917714629965e-01
-3.105014228687286160e-02
