-1.384242077140611371e-01
1.182783730055272930e-02
-2.394723961730141348e-01
3.009630263268167072e-01
3.995646947024766860e-02
5.102428482166467827e-01
-3.865076009426735570e-01
5.803705739971511957e-01
2.679997122726555103e-01
1.996933262740511195e-01
4.768632398477658518e-01
6.250566924283171288e-02
-1.111443629386654752e-01
-1.735859387917075281e-01
3.385537123993820896e-01
-2.892275369753368741e-01
2.516465648531147625e-01
-4.175828496970602211e-01
-5.090820435181465653e-01
6.167324710325908788e-01
-1.755242191539557461e-01
4.198777536132098365e-01
7.982540133001030380e-01
-1.000000000000000000e+00
9.247487748079433745e-01
-5.889317663929236613e-01
6.715132958754068682e-01
-7.430326537314199675e-02
4.154943020173382795e-01
3.801098486788454522e-01
1.055434163732544839e-01
-3.691946892446785755e-01
2.288331468252619294e-01
-4.695066291534159553e-01
3.668182089123800393e-01
3.091316452467460230e-01
-4.405945264470384481e-03
-2.382775855012282951e-01
-5.096497171835833173e-01
-5.043889300072011972e-01
-1.889424030670117660e-01
-1.150782366462395068e-01
-1.610248250852891472e-01
1.096062708551443360e-01
-1.000000000000000000e+00
-1.000000000000000000e+00
1.157287147615533585e-01
-3.336647979285942700e-01
1.000000000000000000e+00
3.503031825722544568e-01
1.154602528659906813e-01
4.592740518454071497e-01
-8.234551919197721781e-02
4.625352686891961440e-01
-2.030768873268881114e-01
-8.941060247749733625e-01
-3.985536843276749064e-01
-2.686362797850557205e-01
-1.532264019387885590e-01
-1.400845418878585991e-01
1.705762234990677584e-01
2.114277133513847717e-01
-1.025597954098357301e-01
-3.418262504325413342e-01
-4.291456999500487535e-01
3.122906814704924650e-02
2.108285275968107553e-01
-6.117837124974393470e-01
-5.298594723435620657e-02
-1.556180158197823238e-01
1.067662338579770664e-01
3.251579641663592812e-01
4.689617075959099379e-01
-3.328974754559856919e-01
8.090424035943089009e-01
5.021498077408503846e-01
-2.847311062850854668e-03
8.748039011597980030e-02
2.456749426596609165e-01
-4.418075404641209625e-01
-5.054607523295371330e-01
-3.691314379121343747e-02
-5.768254595329334183e-02
-3.683123399023333078e-02
5.313607791126431223e-01
3.599782419011477441e-01
-1.087766111823456339e-01
-5.957428172688059576e-01
6.458265248645309042e-02
-1.673922837942884989e-01
-1.240584473092970069e-01
6.962267280249180290e-01
6.301352136740281940e-02
4.210797117018896252e-01
9.586302029447463235e-01
-1.989889106979245703e-01
3.689174014763175746e-01
1.700371894547514917e-01
8.041565198252818014e-01
5.732698348561946489e-01
3.812282939950831784e-01
-5.530363236449715725e-01
2.998936237962739337e-01
-7.592732729063566000e-01
-8.578865293226267674e-03
3.491631702314005326e-01
3.580539486777412628e-01
-7.618187015825211850e-02
-3.856380911114554166e-01
-4.555632989485033368e-01
6.587686747774773588e-01
7.464506988156617284e-01
-1.414435416119681210e-01
-5.350880754677491691e-01
-4.648012609503072157e-01
7.068984616275199029e-01
-1.000000000000000000e+00
-3.389356355437044832e-01
-2.029437442818277648e-01
1.109835975278095077e-02
-6.419497567979159935e-01
2.806482286218860978e-01
-8.741516580264427905e-01
5.816971188916801871e-01
2.098889992542198879e-01
2.923491058190286207e-02
2.456089030287219033e-01
-1.901302671727142790e-01
-4.322667187876891304e-02
2.688193659767770249e-01
-4.242415311375619114e-01
7.136575410792522778e-01
-3.164256504331262598e-01
-1.555968025500786833e-03
-8.919091716078185461e-02
-4.890250367580076252e-03
-3.657034846836970665e-01
-7.570117332641073116e-01
-2.950107083754862636e-01
-4.459174524273404328e-02
-9.758346148491525707e-02
5.316755547346295740e-01
-3.480903436809912321e-01
2.878592622651266475e-01
-5.945251718151716158e-01
-4.181233465008563077e-02
2.062930826016344255e-01
4.675733852600046925e-01
2.287383663910214360e-01
-3.308522982054897810e-01
2.344590854810077452e-02
-1.157212875453263526e-02
1.028030883644073801e-02
-9.119730005250842320e-02
3.239712258047636739e-01
2.263990809902271528e-01
6.797374712842079170e-01
1.446766586386007969e-01
-2.870927181456864874e-01
7.259812121963318821e-02
-2.229672926580355541e-01
-2.854000338378007706e-01
-1.752662820258988063e-01
-5.300821146004247586e-01
4.359160214203970929e-01
-4.317394700073374780e-01
1.050017705725034278e-02
-9.018631256373605964e-01
1.000000000000000000e+00
-3.860708821205512953e-01
-4.717370396057801729e-01
2.927528624085767861e-02
-4.103901189140880534e-01
-9.802713547016852491e-01
-6.905073459315707041e-01
-6.201138071433810045e-02
3.835979219663432915e-01
-4.128295096118406171e-02
-2.758996078183854062e-01
5.021038720627587493e-01
-1.478192071787857165e-01
-3.029996367764525300e-01
9.815673136383218367e-02
-2.269528328358230707e-01
-6.436144496783841040e-01
4.760447606578577240e-02
-3.877560008935260205e-01
5.261490294800557077e-01
2.253544042127935132e-01
3.147325780546791907e-01
8.102530575365063381e-02
5.145532974575157681e-01
6.942267377929312033e-01
-2.723120213789523292e-01
-1.391926266864884076e-01
-1.407739599165684363e-01
-4.478865723641533569e-01
-2.968744684059974048e-01
-1.807648554596823498e-01
-7.178137050248942774e-01
2.154883498075899073e-02
9.736082923652058518e-01
1.954714552019867491e-01
-1.000000000000000000e+00
-6.964335389062241422e-02
-6.625556843291655618e-01
9.611968830556010257e-01
-1.875660127923774179e-01
2.078879885935253635e-01
2.180249532742627172e-01
-3.400373742160415214e-01
7.822785489399048942e-01
9.511755978259855970e-02
7.386429820107481836e-01
7.243419509796138467e-01
2.290654132991731262e-01
9.276253639983815524e-02
-5.941102764592631758e-01
6.010937631190549357e-01
8.327342258837668876e-01
-1.197917677706754613e-01
1.000000000000000000e+00
8.946043618663501729e-02
2.898191428915858903e-01
-8.108532990770676019e-01
1.000000000000000000e+00
1.123656930796550074e-01
4.891618688687446870e-01
3.329336854576362970e-01
-3.030748303268858690e-01
1.141974886877719086e-01
-5.383666078508545505e-01
1.522874177968041032e-01
-3.658371194427834094e-01
4.564757342822262087e-02
1.685646057477696580e-01
7.860004759572232214e-01
-1.000000000000000000e+00
4.428059229186515067e-01
1.622040391051345065e-02
1.903771613671650376e-01
-8.500442672476319350e-01
2.036774678962190444e-01
6.328742004659035914e-01
2.300224757429114586e-02
-4.374054977664567634e-01
1.000000000000000000e+00
2.027936196848423855e-01
1.694712162542538758e-01
-4.995985537196272475e-01
1.000000000000000000e+00
-5.586848645989330731e-01
5.048490244187421316e-01
7.198953602786780648e-01
-4.403908346866813872e-02
-2.631842551823899701e-01
-3.321300338903945271e-01
1.816024831883132074e-01
2.592220227265949473e-01
1.542400436026474808e-01
1.602152018118254695e-01
-2.026110188873748441e-01
3.345520770482739437e-01
3.592567561317261404e-01
-7.260877950415389748e-01
