-5.075629156327490232e-01
-1.197721069787452408e-03
-1.329596538452218479e-01
3.613215089037175032e-01
-1.388438522635541961e-02
3.750946467240058868e-01
-3.136619354204595589e-01
-7.976321842085392078e-01
4.760435814630532558e-01
-5.451108000645704665e-01
-2.072576079663434601e-01
7.219437359937935783e-02
-4.872256562001640035e-01
2.243915430497659125e-01
6.205637731846275207e-02
-8.113836430006900191e-02
1.207561695792369050e-01
-1.821700593867792706e-01
-1.413877346857927986e-01
-5.599024799533123264e-01
1.000000000000000000e+00
5.451943631667843793e-03
5.173324257822986549e-01
-7.120119336637431573e-01
6.438279894360018352e-01
6.270900145938891612e-02
1.797949624263978086e-02
-8.431454544003988971e-01
-5.121408541574176132e-01
1.708155065087931246e-01
-1.000000000000000000e+00
6.080081660621070583e-01
-1.000000000000000000e+00
-9.363159026351913772e-02
5.960619514591002366e-01
-3.707318380852230311e-01
6.773069273540550661e-01
-1.558606151242954985e-01
-1.000000000000000000e+00
2.120045462443546358e-01
-1.000000000000000000e+00
2.058133502113455304e-01
2.344632244964717505e-01
-4.321047582776169071e-02
-4.278625397805337904e-01
-1.000000000000000000e+00
5.263765808442822519e-02
-2.118970274318056624e-01
-9.805772844023730173e-01
-3.865360400624354709e-01
-1.043820781246399959e-01
-3.072472054777458661e-01
5.986301758535303996e-01
1.563306434624358587e-01
-1.192346870387232805e-01
-4.196302062906683839e-01
8.080386358394514579e-01
-6.539848899078019029e-01
-4.441939477132537117e-01
-3.757823394840871800e-01
4.089010319889649359e-02
1.775341141388883659e-02
-7.176266918837816977e-01
-1.603630638417292698e-01
-4.768742190747785048e-01
4.603752779934970341e-01
4.496840444018387895e-01
1.984625199484554015e-01
8.995452683414857653e-02
-3.471213982679655086e-01
1.000000000000000000e+00
4.187261042542554657e-02
5.169643539270537547e-01
-5.487603220196126674e-01
-9.242533984020827598e-01
3.905795246344921645e-02
5.929344473869119225e-01
-3.056559570048985597e-01
-1.938007097646736177e-01
7.339893396716574703e-01
-1.000000000000000000e+00
7.146768033362320693e-01
5.497697859645845897e-01
-1.000000000000000000e+00
-3.276182359888575313e-01
3.346779291609353058e-01
-3.858552429563187891e-01
2.603274896731887500e-01
1.000000000000000000e+00
-1.000000000000000000e+00
-1.880570660230134195e-01
-2.034512766269850059e-01
-1.941574268374206269e-01
-1.909080320940060860e-01
3.223909798322279197e-01
-6.783963257825873505e-01
-1.000000000000000000e+00
-2.662323982911282694e-01
3.578845372736709773e-01
-2.835140505182954795e-01
9.903886505155309883e-02
-8.948477856659468044e-01
-3.924130616705246988e-01
1.768356438880862025e-01
-2.972743798250081504e-01
2.079119784206456822e-01
1.693832055900910682e-01
1.386235417683546189e-01
-1.000000000000000000e+00
-3.333844551613988072e-01
3.814800342149566870e-01
-6.539777481152614369e-01
-5.017340046268290443e-01
-6.964032551635203072e-01
-4.330982626855637285e-01
-1.792490749852077847e-01
7.926557731090543013e-02
2.320238278225788542e-01
-4.925254156658528393e-01
-2.075902245322464867e-01
-1.000000000000000000e+00
-8.064328580889594811e-01
9.970014013589469926e-01
7.316415051299288708e-01
5.918727595031523236e-01
3.826164748066723797e-01
3.197522605427223497e-02
-1.423959256245072719e-03
4.975520387904396880e-01
-1.179716104808945509e-01
-1.783384195773126124e-01
-1.658038771754130614e-01
-2.776826504574886889e-01
2.735684111689160591e-01
3.701811111962826084e-01
2.354132607700821223e-01
3.478784796453270878e-01
8.052690756664535043e-02
-2.777269080431506998e-01
1.000000000000000000e+00
-4.774112954531330999e-01
1.151060531535689768e-01
-4.446737402083827395e-01
3.258563429079346790e-02
4.372456713638060710e-02
-3.720759069814908448e-01
-1.000000000000000000e+00
1.546069540228336980e-01
1.856761498196269067e-01
-1.043139192931661907e-01
4.688014807142375229e-02
-5.588090000223361331e-02
2.638147644364195465e-01
5.052691168145302392e-01
-1.972564812436410353e-01
2.081032280724680050e-01
-3.907588811612886515e-01
3.216943809813931354e-01
-2.618551738557080011e-01
-3.167257962558190920e-01
-9.790483048884440764e-02
-2.354247115922049882e-01
-2.744553020910441288e-01
-6.704295445203196646e-01
-3.369648020568711821e-01
-1.000000000000000000e+00
2.463160392699847989e-02
9.459226199265595714e-01
-1.000000000000000000e+00
-3.357497467504755306e-01
1.000000000000000000e+00
4.106635270728549170e-01
-5.250752657517081534e-01
-9.360686556445063644e-02
7.517055334760461838e-01
2.447548477502327624e-01
-3.586183389663162302e-01
5.180450018608585561e-01
-3.678506489671534152e-01
3.754209861263412273e-01
3.775792586393448280e-01
-4.429754148277839088e-01
-4.177679571812473736e-01
-5.970767497181891370e-01
-3.918311426324763147e-01
1.437643479999521356e-01
5.197507001412733363e-01
-1.845160545391145990e-01
2.345433947891765458e-01
2.942372045853132723e-01
3.188690270732807974e-02
4.793964469884153257e-01
-8.298473618012447428e-01
-2.739551995265289142e-01
9.729751643584758081e-02
1.000000000000000000e+00
8.175272333300476202e-01
-2.457063639825884938e-01
-1.000000000000000000e+00
-4.814606109724627325e-01
-2.945778012790502554e-01
-2.765138048356896583e-02
3.149498534812836814e-01
3.191757076782001379e-01
8.269587831181733628e-02
5.824011914966417680e-02
-4.309344775039236630e-01
5.301975534541396584e-01
-5.468379701428872919e-02
2.857854103125121448e-01
-1.000000000000000000e+00
-2.537782326951855683e-01
7.615973141771884558e-01
4.091093203725010286e-01
1.689706653194136821e-02
-7.402738373765073432e-02
-6.229900359645155206e-01
7.185041212034163349e-01
-7.541213376054749506e-01
6.556557388700502420e-01
1.000000000000000000e+00
-1.344060764348547765e-01
3.003359695633635029e-01
4.144046094428514015e-01
-5.554820151725542443e-01
3.757612886601036095e-01
-1.000000000000000000e+00
-8.129247707538493906e-01
7.603455773682288310e-02
-1.000000000000000000e+00
-1.318029235077994299e-01
-5.409740595622061221e-01
5.409242016144555354e-01
4.434682546019117488e-01
-7.366489715080837275e-02
-2.992037450211793015e-01
-4.639199756664997287e-01
-4.126584758778950590e-01
-4.708135392297437272e-01
2.343718945227743766e-01
-1.982917683187834790e-02
1.000000000000000000e+00
1.265969533638816313e-01
9.344760703941555613e-02
3.165308931715084539e-01
-4.598448156460365616e-02
-2.377434696577794548e-02
2.964473633709200501e-02
5.442929542104588680e-01
2.159200111645498410e-01
-2.594072797680284093e-01
-1.115044390207789310e-01
-2.779399889110761301e-01
-6.190735022435542856e-01
-2.835459210127746488e-01
4.409900212157338295e-01
1.000000000000000000e+00
-3.117514230064060698e-01
4.863116032223904761e-02
-2.334406833703097373e-01
-1.523133668512905159e-01
2.467651024865712417e-01
1.832232765315502943e-01
-1.000000000000000000e+00
-4.524001524929571749e-01
