-2.412074158766386589e-01
7.207123536805514208e-01
-3.284766530007057761e-01
2.923271148837169875e-01
-4.750270962825199894e-01
6.737450252512282578e-01
-7.309625381449061376e-02
2.127461344492455331e-02
6.774783594117657071e-01
-2.596231349343831873e-02
-1.684497541202860105e-01
4.587413545821543148e-01
-3.035433074921013441e-01
4.653452161000148357e-01
1.369920746065301786e-01
7.010647167852959161e-01
2.921764708670024357e-01
1.584479392532592568e-01
-4.900870657350070991e-01
-4.682692360327099790e-01
5.660225370901059705e-01
-1.861855636801689751e-01
7.623133407694902830e-02
2.414727951614032697e-01
5.413428999012441789e-01
-1.000000000000000000e+00
1.000000000000000000e+00
-5.839312840134647242e-01
1.592279315286664054e-01
-1.868840501207200411e-01
-6.151572855999247746e-01
-2.401119494891658102e-01
3.172822342753142122e-01
1.000000000000000000e+00
-8.512873091604680198e-01
1.352084126356827287e-01
7.881044423026686285e-01
-4.740452370585238606e-01
1.276516226907143947e-01
-1.081729660316177455e-01
-3.795676788709241301e-01
1.902854150935452127e-01
2.344009013541208386e-01
1.909747401434243042e-01
4.523175475600544893e-01
5.026947324962838942e-02
-8.220737602524139653e-01
4.300673799195806613e-01
5.154540501916542450e-01
-1.582459234023018690e-01
-2.112561984221917599e-01
4.678861200015926869e-03
1.293277279868008944e-01
-5.695968367896452333e-01
-9.100562288756897100e-01
-5.162371769563988133e-01
3.920139349902596049e-03
3.358561159587521439e-01
5.419999441566416554e-01
-9.529833423626515865e-02
-6.020057185194988003e-02
-3.504474702259391949e-01
7.022876492481597843e-01
4.246214672361224851e-01
-4.548117244287470246e-02
1.378360097282988472e-01
2.120090355868553822e-01
5.276900505423591792e-01
-9.218602155090940276e-01
1.596013413832640948e-01
2.436901864878883994e-01
-5.197444959119756902e-01
-2.858744725265535136e-01
3.081642222668419251e-01
1.450112662174118661e-01
4.333255585263757759e-01
4.497657967284203751e-01
1.236305557841077540e-01
-2.635381694949327502e-01
-2.998634251929154226e-01
-6.821168176453623611e-02
1.981077586628909870e-02
2.339161772576699438e-01
2.555073565916692324e-01
-1.000000000000000000e+00
-1.035984523496383258e-02
-8.157734309772057824e-01
9.701238526750630697e-01
-6.122060194001275324e-01
-6.640795826646974653e-01
-2.635336329361696039e-01
5.277895456359942283e-01
-2.575694997431332012e-01
-1.757818290851555498e-01
4.256717717332459405e-01
2.155078073129904626e-01
-6.497265494466891722e-01
3.568022906056654842e-01
-1.293080948289704046e-01
-5.181359160009885167e-01
-4.950561844016350688e-01
-5.003984769997422699e-01
2.850050569867381145e-01
-1.884251300441862065e-01
1.137787912176154437e-01
1.839797169246845665e-02
-3.029013527688671492e-01
-4.580127537160048057e-01
2.119820478962187726e-01
3.955172805690824189e-01
-8.377987827425105172e-01
4.708631056320412567e-01
-6.285683196124383088e-01
-5.133717620797930703e-01
-1.945212892489400769e-01
1.479024123636534793e-01
1.801039567010683240e-01
4.892528809525408251e-01
4.418416432329502763e-01
4.516207582061183556e-01
-3.312546728245880923e-01
-1.894184558422379316e-02
-3.694585575084285423e-01
2.914437383620392952e-01
-1.471217255889005482e-01
2.364972656202711243e-01
-8.173005193870397367e-01
-4.390701384156320275e-01
-4.447704728513888761e-01
6.177803399024316411e-01
3.569314896536526227e-01
1.000000000000000000e+00
-3.890024032098430284e-01
-5.178811591477325837e-01
5.121904852739797009e-01
6.813880684395163811e-01
2.134527835657900816e-02
-7.630845097723915060e-02
2.336698523031591201e-02
4.298930628728511727e-01
2.473440600544107582e-01
-1.638752678239391303e-01
6.698837091469419525e-01
-3.839090055819748826e-01
-4.440976755554120747e-01
-2.971120662504126986e-01
-7.104961207749577179e-01
2.775632727744692385e-01
-2.938006270047169854e-01
-4.167702266571383929e-02
2.278778081155078128e-01
1.920407645748324621e-02
4.202074728653026892e-01
-4.852496517972722939e-02
1.000000000000000000e+00
-1.000000000000000000e+00
-3.596065314470096586e-01
-8.507021595544701498e-01
9.934364054443207970e-02
3.518898839895710784e-02
-3.309363702515364936e-01
-1.000000000000000000e+00
-2.960877633147773746e-01
6.481763983723988209e-01
3.540478214416049874e-02
-5.716180573612329452e-01
-1.240147143244424432e-01
2.734165125539143870e-02
5.995453721780618084e-01
1.000000000000000000e+00
-5.496005162996377147e-02
-1.000000000000000000e+00
-1.294367450774356887e-01
4.696558927224723790e-01
-1.000000000000000000e+00
5.479168168866548339e-01
-4.805324306227591880e-01
-3.681334278763219170e-01
3.251791854969562912e-01
5.855759205421573466e-01
1.772813809577270805e-01
3.990218036822464343e-01
-1.820299230345956976e-01
-5.503545294915184183e-01
-6.607051620180542928e-02
-8.786328051082348267e-01
2.994703648420651843e-02
-3.216389624301174144e-01
-3.263100252532901702e-01
-6.822075748601622580e-01
-4.521650561561282866e-01
-1.565715728905878179e-01
-3.399822886991066273e-02
-2.459445546193909926e-01
-3.305518661846035267e-01
-6.103899927385187940e-01
4.978954455232897230e-02
-1.724851788676604325e-01
-7.469810998582665507e-01
-3.688543364090763332e-01
4.119251411910522798e-01
8.966151980977736802e-01
5.341592284683415182e-01
-7.053796355529812212e-02
-7.306972862001560876e-02
-6.500709057548505199e-02
1.617816669551359887e-02
2.159058795384304896e-01
-6.768206314617544184e-01
3.797058576218619030e-02
-5.076708969770453717e-01
-1.512597378698510575e-01
1.711182077163245219e-01
1.745561470184834041e-01
-3.112020764682691953e-01
-2.929591155641531608e-01
1.361921091905052283e-01
5.440437293221104254e-01
2.669412609560465333e-01
-8.646081014637405082e-02
8.252091928590303826e-01
-3.703551530911856904e-02
6.971029138732887098e-01
-7.231695169004306867e-03
3.215454181620316376e-01
1.559110666074914608e-01
-1.000000000000000000e+00
-5.850345255928590671e-01
3.784826270999899211e-01
-4.898235642120676858e-03
-2.803720799757029036e-01
2.470171825882906957e-01
3.395254666817745237e-01
-9.132332843736679084e-02
3.708028045374425763e-01
-4.816257125601353661e-01
5.345780330966790617e-01
-1.807977860516428448e-01
5.896816135077829202e-01
-3.730960195320600081e-01
-4.308397178596890531e-01
-5.326016428377482459e-01
1.674546063630034665e-01
1.928138867744463858e-01
-1.000000000000000000e+00
-8.260912927077922185e-02
5.478023379899386036e-01
4.454851131068056080e-01
4.288571939724531434e-01
1.000000000000000000e+00
-1.760250342363396114e-01
2.070789832281205722e-01
-1.145699270154920540e-01
-3.576577395297568795e-01
-3.083070658387425111e-01
1.148887735427334689e-01
7.822463176244065508e-02
-2.781418913016802108e-01
3.925086973672729518e-01
-4.873604950768676281e-01
-3.156775667761936854e-01
1.976335450126484039e-01
-7.482461218343143539e-02
-5.168093223455735297e-01
-2.195883381363507858e-01
