-1.949016071938022843e-01
-5.813003278859364409e-01
6.456404672238834630e-01
5.677487580141968859e-01
2.030540476492348201e-01
4.758040695156690592e-01
-6.856369902824334117e-01
-2.387494160134154275e-01
1.000000000000000000e+00
1.786857595776635832e-01
8.675448574691286829e-01
4.838695519302518844e-01
4.147315410350020382e-01
-9.178493188187072938e-03
1.000000000000000000e+00
4.055081563250019783e-01
-1.000000000000000000e+00
5.230134635908039176e-01
-2.881337378136974436e-01
-8.983739187121859981e-02
-1.000000000000000000e+00
-5.611164801026168325e-01
-7.300982153390296325e-01
7.845305433744258483e-01
-3.971179970324942854e-01
-7.507060457182221924e-01
3.206175047090911723e-01
-8.285067187364267838e-01
7.151925856014192950e-01
-1.000000000000000000e+00
1.937533814411598332e-01
-4.234748864758844933e-01
-9.049395060491638443e-01
7.995532598295214122e-01
2.420090229056756914e-01
4.612045859449013796e-01
4.230403191775113925e-01
1.573155545402230016e-01
-2.438959969144964268e-01
1.794873061289471439e-01
9.462671465920863278e-01
-4.079813671440427059e-01
7.550487059829819048e-01
-3.710491517376665049e-01
9.410848919325101591e-02
-8.436594926689031659e-01
-4.721150333854314818e-01
9.348427584693295156e-01
6.633458566802062917e-01
-2.344390452228395372e-02
-2.763003073928789743e-01
-3.114105082407355729e-01
7.946388117356251168e-02
5.877444494508355932e-01
3.817118042559189961e-01
4.459044866412456010e-01
4.546107562013274594e-01
3.175817712572502893e-01
-4.038455039863750318e-01
6.086022997263447198e-01
1.438987826391731062e-01
-9.129367711480840253e-02
-1.799172517259418624e-01
2.101923386319546616e-01
-4.610157182071009663e-01
4.864521596292603611e-01
3.807584145254670482e-01
-3.238796974486308211e-01
2.720875245752747418e-01
8.445229253429138438e-01
1.000000000000000000e+00
3.317796774781002211e-01
-7.619791118192053014e-01
7.385282543991700255e-01
5.752091516958697248e-01
-3.496321097129560518e-01
-9.014763586747794877e-01
8.653477805504177223e-01
-3.805290642406190110e-02
-1.107561977778825923e-01
-7.986271141694334386e-01
-3.400309435134497016e-01
8.598977703190957556e-01
-9.116474108698496837e-01
8.379245275132360948e-01
-7.061794138040853319e-01
3.233903406865864527e-01
1.000000000000000000e+00
-3.359875334158923810e-02
5.631580974891363667e-01
1.894895536915503775e-01
-1.909498148205686918e-01
-5.899407563287184519e-01
4.171003334557940034e-01
-4.214375482939244910e-02
1.383562889414448327e-01
-5.399895399189260647e-01
-5.786933048773088561e-01
-7.817992705462343261e-01
4.848492320105944886e-01
1.464006953020880950e-02
-4.332134275578859439e-01
-4.087064666314720318e-01
8.038379441848472196e-01
-5.391144113993264764e-01
2.342173058272805919e-01
-2.788957983546063168e-01
-1.078937518868321732e-01
7.400264897144714915e-01
8.654188794270207818e-01
5.005754342106762955e-01
-4.839428182300994918e-01
-6.371057314519652515e-01
-5.777799196499655565e-01
1.000000000000000000e+00
4.757232861864267304e-01
8.246259981803177874e-01
-4.294433230133295476e-01
8.437687011891590316e-01
-7.328000640878207239e-01
2.769886266587825441e-01
2.177638118214067775e-01
3.466036815918777658e-01
8.015550939349068704e-01
7.153211522182216786e-01
-1.000000000000000000e+00
-3.966836431864859125e-01
6.228932411248935264e-01
-9.044871823651915443e-01
-5.869946852929622816e-01
-2.956256368786152611e-01
2.534485851899600517e-01
-3.905076230873912868e-01
-2.901197750854918600e-01
5.676476829241129396e-01
3.797783344767579616e-01
3.113240063305006827e-02
-1.000000000000000000e+00
-6.459204375660669850e-01
1.133086666077502414e-01
-5.078897956941570424e-01
-5.233375423743102939e-01
6.202728071876691951e-01
3.186399905747558936e-01
-1.221743242081161918e-01
6.411602378886176457e-01
2.670952408026646685e-01
-1.022267710884863096e-01
-7.437065007623419044e-01
7.760662025594098345e-01
-1.000000000000000000e+00
-8.109946084693308022e-01
-7.171581950949443840e-01
-9.173458147514620964e-03
-6.304529128161211193e-02
-1.000000000000000000e+00
1.148102641831993953e-01
-1.115321154660251918e-01
7.964037262497348779e-01
-4.520027268155684119e-01
-1.158155847238444280e-02
4.170418909334374091e-01
8.316807264028159841e-01
3.139270144460380441e-01
-3.731476237997953804e-01
1.000000000000000000e+00
1.000000000000000000e+00
1.158620193587262398e-01
-1.865285471560450270e-01
-1.482301503217031413e-01
-1.998898009045209367e-01
7.706731830847339815e-01
-1.763256197948906978e-01
3.994342613086798721e-02
-4.455719476357732911e-01
7.417352191429810171e-01
-4.406865042586232128e-01
6.431988498870617743e-01
-4.375980725879559663e-01
-6.456023343246610757e-01
-2.405392711306997833e-01
3.373363374124829228e-01
-7.675921198868516093e-01
7.243416940512937829e-01
1.872278228318444843e-02
6.141044308871413948e-01
-1.000000000000000000e+00
5.811863647707271596e-01
-5.917687814295070625e-01
3.235872752540110975e-01
1.000000000000000000e+00
-6.797710778795003073e-01
-9.941657398566496884e-01
-1.002441576042941568e-01
4.612631232596081654e-02
5.361620913551103929e-01
2.835532842490927630e-01
4.526830496169109153e-01
3.417491517942031209e-02
8.476935355202018796e-01
5.809926932680261613e-01
-4.229594336050230274e-01
1.041819370748841150e-01
-7.595286899563149507e-01
-7.261724390147707986e-01
-8.100892851791556826e-01
-8.384582810883400850e-01
-6.688917731235751729e-01
5.327290683149128458e-01
2.003879255245870628e-01
5.620455641959478665e-01
-2.467759495962801863e-01
3.647646604926570446e-01
5.840788352829494601e-01
9.409629285030154389e-01
-4.433299871125417901e-01
-4.627026475988335608e-01
-8.716512034928359798e-01
-3.165518994340002501e-01
-1.000000000000000000e+00
-3.134473452777584157e-01
2.797101618168813530e-01
-8.802515860399128256e-01
2.270639761766614084e-01
3.122681960897475961e-01
-8.700111770483537343e-01
-7.154259335424825172e-01
-2.837993465975807011e-03
-2.192201942298357409e-01
-2.562367071884701364e-01
8.324727375623427461e-01
6.981874753263717093e-01
1.000000000000000000e+00
-5.433027958691090120e-01
1.564398436233102596e-01
-8.041506143735268619e-01
7.981979822147391435e-01
5.441147596990486557e-01
-3.835855633782343510e-01
6.566818598688146658e-01
-7.930492036049761051e-01
-1.000000000000000000e+00
-3.564354908266704203e-01
5.935350498351594783e-01
-1.000000000000000000e+00
-2.291267747675154454e-01
-3.826076466916116803e-01
-1.455045682843262300e-01
-6.947476509799641597e-01
7.928802713329879959e-02
-4.794113063849817502e-01
2.741282388159632100e-01
-4.949179540505245223e-01
7.170069053322573049e-01
-5.833189701483717515e-01
-7.065509146181828681e-01
-4.625412163209760563e-03
4.331342218181193915e-01
7.503842702537304454e-01
1.910616235072177538e-01
-1.598603100948316758e-01
-1.428681251661710616e-01
-1.151363992093124705e-01
2.048095634152105049e-01
-1.337137162097251641e-01
