3.609397387764509135e-01
-7.791338436047160476e-01
2.090231072072223917e-01
-3.352919477934876435e-01
-1.149862775916897506e-02
5.026709495243633086e-01
-5.179038560823112647e-01
6.805118067247153402e-01
2.546727478981187787e-01
8.249601706419297242e-01
2.190078782621525666e-01
6.506354372817370058e-01
-1.117596355248255957e-01
-1.000000000000000000e+00
2.055591390124741069e-01
1.000000000000000000e+00
-2.140106658332596723e-01
4.439647985366682592e-01
-3.429477884703016066e-01
-8.436275458281276007e-01
1.000000000000000000e+00
-2.041468414577718438e-02
8.527286345908280385e-01
1.000000000000000000e+00
-3.361978993746739253e-01
-2.335362088867645736e-02
-1.583775662400043194e-01
4.240134335764924045e-01
8.406039871687924769e-01
7.220903891685019615e-02
4.790516042549613496e-01
-4.123526820527279035e-01
5.256306462480717645e-01
2.096922715106695201e-01
1.000000000000000000e+00
4.751994186736283599e-01
6.870166016414315235e-01
9.090773140175781308e-02
4.203881856566114572e-01
8.643430180364028992e-01
6.298409756236621471e-01
6.928342648646442781e-01
1.996247223630115419e-01
-3.335834226225858901e-01
-6.204996989383986250e-01
4.719143627614037495e-01
3.034226610445259209e-01
3.345285843046296170e-01
1.365281676531121535e-02
-7.269421382359315675e-01
6.296476185761121780e-01
-6.458640567287370349e-01
3.819080566270622312e-01
-5.457436891676181734e-01
-1.766235423885891553e-01
1.000000000000000000e+00
2.612509388266982535e-01
-4.737857984407817247e-03
-1.000000000000000000e+00
4.889488242607546997e-01
6.276893206272855519e-01
1.923448684343109227e-01
1.000000000000000000e+00
1.321538590838364224e-01
-7.035896944156351251e-01
7.351195711699476387e-01
-6.935392842566848737e-01
-5.940424754159198129e-01
-5.892109708004372726e-01
1.132424558439412560e-01
-5.467731901006783746e-01
9.150789583914729075e-01
-2.450681238735739620e-01
4.703722100714755605e-01
-8.943474312299706241e-01
-8.291702891742395165e-01
-1.000000000000000000e+00
8.329655578115850723e-02
3.324986606535749178e-01
5.068864780952186955e-01
-7.078971213812913499e-01
-4.126694357797831003e-01
4.561285103053778212e-01
1.888455781600641981e-01
8.154328934798960038e-01
-7.744917352458738913e-01
7.902796222848821328e-01
-2.831825633443325191e-02
-3.442425244246314353e-01
2.728854586596036746e-01
1.514819314446468612e-01
-7.009073461559895968e-01
-5.060090479106438277e-01
-8.123109709302697157e-01
5.269939593989577675e-01
2.451488239298080241e-01
-7.939993108446149472e-01
4.535158386369193551e-01
4.211676189389993441e-01
-2.889231758402768246e-01
-9.185767545837880688e-02
-3.975308772717954797e-01
4.017830884694639226e-01
-1.000000000000000000e+00
-1.113820272856576726e-01
5.145738341844546121e-02
9.250769314651077213e-01
4.876055036982654411e-02
9.540294865049327999e-01
-7.255071263786386226e-02
-1.000000000000000000e+00
-7.080651616172007889e-01
1.346444632363471283e-01
-8.901054547363501657e-01
-3.344231944830011183e-01
2.369333634978911807e-01
3.593608056588823430e-02
6.564683644996810452e-01
-3.498335357036727600e-01
2.307801211533879737e-01
2.587398589737630594e-01
-8.488436833586587849e-01
-1.717981824870758178e-01
-7.203095409731331555e-01
-3.894813123579479175e-01
-1.322211824601110808e-01
-6.009589007701146568e-02
6.631579563365181951e-01
1.629178780603880994e-01
6.095672721946727712e-01
1.824457859872333498e-01
9.553915476047063482e-01
-3.643547062292028516e-01
1.629915978993788372e-01
-1.018483135931609052e-01
7.600420546833472901e-01
-3.957262351840513670e-01
-9.807212642430880589e-02
-6.257758861661850691e-01
6.146648786568381650e-01
7.478086447829431771e-01
-5.770005051120348227e-01
-1.000000000000000000e+00
-3.291103257601660226e-01
-1.262971086670385823e-01
8.243644943485538557e-01
-8.457890472570499529e-01
7.997295461826199325e-01
8.747296284348112794e-01
-3.888007781081818104e-01
-5.461674987225080269e-01
-2.725887276280644089e-01
6.932707243981544032e-01
2.761465177894893985e-01
-1.047949019727755782e-01
-9.112981582245074375e-01
-9.653403910833886492e-01
7.709131583977688607e-01
-8.889695871775528113e-01
-2.839536459845044825e-02
5.817269712015036287e-01
-3.294514236328803802e-01
-8.133085536583029018e-02
-2.289585899728992513e-01
7.320543292108220301e-01
-4.192310918543268317e-01
8.531413632181548135e-01
-1.569326265713892887e-01
2.730272989236954828e-01
-7.192608465986800870e-02
3.513395050513382634e-01
-7.747257500680396758e-01
7.397072256176630001e-01
8.070377774388672876e-01
-3.980583884391267202e-01
9.204359350807269635e-01
-3.431299895040507836e-02
-8.070785659205422791e-01
4.951707566318510820e-03
-7.937518225525680426e-01
4.000984204921208265e-02
-8.467973443264017464e-01
-4.333586857240991908e-01
6.790248231764334230e-02
5.603264903922063889e-01
-1.777020746921544880e-01
-5.778266859021920221e-02
-2.521065748484577762e-01
8.342959300129859646e-01
-3.649499402349398736e-01
-5.020735954850447103e-01
-1.609846893790056743e-01
-7.997212596307730070e-01
5.537553856972991101e-02
1.875357305162564936e-01
-5.856544488144471705e-01
-2.877982478562288726e-01
1.023620005282797063e-01
8.357191394115623950e-01
-1.000000000000000000e+00
-1.293362831909690702e-01
4.484651174781018601e-01
-3.893476054795525498e-01
1.000000000000000000e+00
-3.263242881132563666e-02
-3.671113189316975167e-01
7.344143635309833273e-01
8.930685429879555715e-01
-6.508134376913126129e-01
-2.099770066449306860e-01
1.930954388480198292e-01
7.413095832005726082e-01
-9.527912127676584075e-02
-6.633958134323452160e-01
7.950992857045472428e-01
-1.926228068579373398e-01
-4.866556775990038552e-02
5.034705082243784435e-01
-1.272373254461519609e-01
-7.097973042735811200e-02
1.000000000000000000e+00
-4.278758333564413041e-01
-6.754755012708111295e-01
-2.029557285245542353e-02
5.997982148518823386e-01
-2.722789682796078470e-01
-7.233993448955913785e-02
6.481772589701471077e-01
3.153926661723277514e-01
-3.646874612644891989e-01
2.026282626007568088e-01
1.665621112309220719e-02
4.465461221281505355e-01
-6.095915954921625746e-01
-5.774620638162480946e-01
-8.729134003258539609e-01
1.126200073540438162e-01
9.972040180722469005e-02
3.154589426370575933e-01
2.881114122778363068e-02
-7.640012014809030583e-02
-4.789365619633066395e-01
3.968946652087742555e-01
6.855815923605542705e-01
-8.886742023206963825e-01
7.183900002080880753e-01
5.340141044441293339e-01
4.176745118217942143e-01
4.486255516131464338e-01
-3.278909808600469766e-01
7.733115219058602774e-01
-3.855939998489412712e-01
7.121273788324563592e-01
2.644966752424096623e-01
-7.679431573150697909e-01
-8.775724695097318895e-01
-5.363531204284177623e-01
-8.863831490274363123e-01
6.820307089389405775e-01
4.361531191252795425e-01
-1.965603726395967199e-01
5.291026786374276591e-01
-5.431830732041023069e-01
-1.000000000000000000e+00
-3.474854735715442178e-02
