
0 48.194865 -1.480145 9.178463 1.0
1 85.433913 1.948986 12.780767 0.0
2 56.208779 3.24542 10.484173 0.0
3 83.42034 6.848113 12.389422 25.6
4 88.833283 9.949867 17.778723 26.2
5 88.757367 11.56835 16.510888 46.6
6 88.833283 12.637536 17.427662 29.2
7 85.433913 11.171729 15.226935 25.6
8 88.757367 10.330566 15.286135 37.6
9 87.414582 11.871738 16.36501 56.2
10 84.08034 12.601402 14.829155 35.8
11 85.87124 12.589096 16.191833 11.2
12 85.87124 12.888339 16.207169 0.0
13 88.833283 12.687512 16.288588 0.0
14 85.87124 12.45773 15.771879 34.6
15 74.245396 10.186118 15.430017 56.2
16 84.742486 11.177054 15.269321 56.2
17 74.245396 12.443636 15.194283 26.2
18 39.330119 10.418403 11.56119 56.2
19 47.23727 10.679141 12.112437 46.6