
0 30.624722 -1.345795 7.958632 0.0
1 30.394198 0.558868 7.187871 0.0
2 39.234809 2.704964 8.018391 0.0
3 39.070411 5.512514 8.26339 0.0
4 39.330119 5.390548 9.707719 20.8
5 39.409013 7.135269 10.047 0.0
6 64.907426 8.414009 12.35662 20.8
7 84.938755 10.641524 14.327423 0.0
8 64.907426 10.287122 12.641263 20.8
9 48.194865 10.573108 12.293856 0.0
10 48.194865 11.650334 12.367216 0.0
11 65.246562 11.568753 14.543871 0.0
12 56.170206 10.943406 14.121714 0.0
13 57.016064 12.044012 13.70577 0.0
14 65.246562 11.953137 14.700015 0.0
15 57.016064 12.359855 13.967501 0.0
16 84.08034 12.23644 16.943879 33.4
17 48.171054 11.957656 13.892582 0.0
18 65.246562 11.324437 14.059295 11.2
19 48.194865 12.484987 13.634467 0.0