
0 30.386872 -3.196473 7.080402 0.0
1 30.454823 0.602866 9.048293 0.0
2 47.7814 3.791067 10.109596 0.0
3 48.089203 5.40441 11.201769 0.0
4 56.019924 7.465588 11.118342 0.0
5 46.950745 7.74512 10.323884 0.0
6 48.028738 9.154354 12.428885 0.0
7 56.840905 10.722436 11.743219 0.0
8 48.044163 10.725784 11.995387 0.0
9 30.696695 9.018475 12.082233 0.0
10 56.983843 11.263617 13.375068 0.0
11 84.007575 12.560401 17.242848 11.8
12 86.221503 13.328562 18.39143 0.0
13 74.523028 12.928369 14.915171 0.0
14 57.013548 13.198765 14.051981 0.0
15 56.983843 12.622531 13.50488 0.0
16 74.523028 13.092303 15.415178 0.0
17 57.016064 13.750651 13.892361 0.0
18 48.094638 11.23398 13.016497 0.0
19 85.605587 13.655218 16.571231 25.0