
0 21.344008 -2.770688 5.636632 0.0
1 21.494668 -0.133947 6.899945 0.0
2 47.192065 3.296516 9.348683 0.0
3 85.052316 6.368653 14.307993 0.0
4 86.16515 11.254615 16.979964 0.0
5 86.168255 10.094522 15.808278 0.0
6 86.258574 10.882315 14.39575 23.8
7 65.54953 11.864032 14.297218 19.0
8 74.117563 11.764244 14.472257 0.0
9 74.117563 12.460598 14.060555 0.0
10 85.624768 12.506808 14.196863 0.0
11 56.783394 11.898603 13.780585 7.0
12 65.664946 11.527056 13.789925 29.8
13 84.08034 13.725348 17.09149 14.2
14 85.704642 12.253571 16.412974 14.2
15 86.258574 14.579341 18.891508 20.2
16 84.08034 12.412608 16.665089 25.0
17 85.624768 10.489518 15.642066 20.2
18 84.493424 14.468414 16.293988 19.0
19 85.038289 13.967259 17.483833 22.6