-5.474412908259983501e-01
4.435559247373052072e-01
-4.066557082974506243e-01
2.148613092328409135e-01
3.663378167359217508e-01
6.088859834390862869e-01
-1.915117306697802779e-01
-3.096234308186055495e-01
-1.000000000000000000e+00
-1.674614065227111037e-01
-2.876740797664766314e-01
5.870665345107068944e-01
1.812408187172060425e-01
-8.754638368124269265e-02
-2.496172856567325238e-01
-4.768220579301709616e-01
-1.000000000000000000e+00
-1.325207889013517437e-01
6.335442064804316376e-01
-2.912309671690197499e-01
8.881146896158680359e-01
-7.172545520503490479e-01
-1.051764616299999955e-01
-3.569262608698324235e-01
1.911615852384865866e-01
-7.729190169600593796e-01
9.226359057929437446e-01
8.770820698501999857e-01
-2.547541806115551921e-01
-1.758988280025516326e-01
-3.504860487339914177e-01
1.075457119396406869e-01
2.180257473185871209e-01
2.658137930861186327e-01
2.112086064027566823e-01
-1.367508874943202668e-01
-1.000000000000000000e+00
-4.786534587734137536e-01
6.871715516402916446e-01
1.000000000000000000e+00
-6.790545616033294429e-01
-6.241153478815104627e-01
-5.343043307430992428e-01
-6.882033523509853978e-01
-6.987669968217373739e-01
-7.034808578327812478e-01
4.474722674875922235e-01
4.343581642243816154e-01
1.052249644793940564e-01
4.780083268564018217e-01
-8.853655009832087086e-02
3.694792486546155663e-01
-3.179433156379929404e-01
-3.404214787325571950e-02
8.440961050403958943e-01
6.152974206709974636e-01
-6.513042552639094485e-01
-2.573269176598286245e-01
9.099445755729284047e-01
-4.617589643074260231e-01
-1.000000000000000000e+00
-3.551543469128175534e-01
-4.211645758595670697e-01
-5.136271136725857334e-01
1.286468561467754013e-01
-3.798991623368763171e-01
8.583786107775762675e-01
-1.012340542958806433e-01
6.939191735361396329e-01
3.836596563235096791e-01
1.897831547471598435e-02
-4.593782795707779809e-01
-8.424044119375408979e-01
-6.745982357894003689e-01
1.016079869102048117e-01
6.793418541004764277e-01
3.431872245681299449e-01
-3.324457132453522146e-01
3.834429823546854355e-01
6.833855832975574973e-01
4.730673555759304927e-01
6.019390628564922352e-01
4.229316725941166810e-01
8.388078748956117048e-01
1.169551356078839255e-02
2.215586631779637439e-01
1.000000000000000000e+00
7.076260584761739914e-01
-3.428014904604010371e-01
-1.161920098507827070e-01
7.833141168713867453e-01
-1.000000000000000000e+00
4.582276453677870953e-01
-1.418113471609951104e-01
-8.622395737798749238e-02
3.100893137287499823e-01
-3.117069923480420696e-02
7.354702605702378992e-01
8.976627707972756332e-01
2.115953801617489749e-01
-1.008219908259293668e-01
-5.681878674493037185e-01
-1.000000000000000000e+00
4.957778751522985694e-02
-6.218726984752483977e-01
-1.453193876389431982e-01
-7.525858652911916469e-01
2.316896002719637249e-01
-1.559302018493935460e-02
1.731974052134985231e-02
-1.000000000000000000e+00
3.467848875604241932e-01
-6.661826537905505274e-01
-3.714668297645024042e-01
8.376102325234275892e-01
-1.000000000000000000e+00
-1.169443732826414006e-01
-3.281968877413585783e-01
-6.945697474400418514e-01
1.858981153604843950e-01
-7.281748708705869655e-01
-3.671884614987235285e-01
-3.193408488710280935e-01
-3.444672226165647055e-01
1.294425674991112607e-01
7.824028615501651407e-01
2.383853030756095948e-02
-5.394991144898545476e-01
-4.923821697452471224e-02
-1.414978172471167278e-02
2.040530901927598839e-01
5.396112665108181439e-01
-7.315333163551071549e-02
-4.483895517588477597e-01
5.794485126655577467e-01
-1.336209250897473222e-01
1.185024194709392853e-01
5.426541018703665564e-01
8.233848980866317335e-01
-5.807996666260968333e-01
-1.845664741326771829e-01
2.187919493856858022e-01
6.150055002766989798e-01
1.915192090664353808e-01
4.133440984270185248e-01
8.652199062285682862e-02
-7.927869677706476104e-01
-1.443743786088430014e-01
4.206500077203356724e-01
8.122606263562501816e-01
3.911660009058496312e-01
-3.166591062386073241e-01
-2.618871520410129827e-01
2.333090173873392792e-01
-7.433814206743191710e-02
-3.151116238067129816e-01
-8.375141507301885335e-01
-6.571759769592725453e-01
2.356559592253948399e-04
1.699751387169897709e-01
1.573142851706176293e-01
-5.651101401814162539e-01
2.969252593481126468e-01
8.655572495843579794e-01
9.919744693818211001e-02
-2.210957082482020719e-02
6.106721077798697994e-01
-5.827731447819447380e-03
3.647186117999458022e-01
-2.365417371083386108e-02
-7.102733022715252975e-01
-1.022819496101535497e-01
1.000000000000000000e+00
-2.916892133391184583e-01
1.538578577725673024e-01
3.912766410480931212e-01
7.549442833318513735e-01
-9.048427440431879853e-01
2.122426413574756976e-01
-6.093630874573864320e-01
-5.406534530665176863e-01
-1.280954456352472182e-01
-8.837465407312347643e-02
-1.858497317165715979e-01
-1.971314559292667579e-01
-9.638860459714166939e-01
-3.994123917650720390e-01
4.294260709701958612e-01
-2.721137566301167765e-01
-9.269892415110064787e-02
-2.626262247985800546e-01
5.479884067539506631e-01
-6.054101585938143071e-01
-3.351205276142962264e-01
-7.692580061836959970e-01
-8.687999662162846359e-01
6.434071711676968286e-02
-7.025585756870716958e-01
-1.938723416657489595e-03
-9.430865333686841989e-01
2.738776884687436630e-01
-3.520083153511834040e-02
1.831857303265848058e-01
-6.752186472034533704e-01
7.223267540806433962e-01
-4.902835297772604184e-01
-1.601000632418249359e-01
-6.620092099648908768e-01
3.278598866395560085e-01
-1.483873397548504947e-01
8.437018914285598914e-02
3.418176823156659355e-02
-9.055441923043894281e-01
3.134973459192925693e-01
-5.889894328383715738e-01
-1.000000000000000000e+00
1.000000000000000000e+00
7.237651514432017485e-01
-3.091470987552812910e-01
2.388244553865690456e-01
2.013854125637100645e-01
5.237019471998174969e-02
3.762941693538209287e-01
-2.555017108514042734e-01
3.305751518092052144e-01
3.000344560009460260e-01
-5.622447456996729764e-01
3.140962387654013255e-01
3.982632415045559426e-01
2.701856837931953526e-01
1.083833952332436956e-01
4.558513263110161584e-01
5.019533886979438142e-01
3.457641936041795927e-01
2.310835010420265734e-01
-5.938648669883328512e-01
1.470347792109674145e-01
1.171070124741310503e-01
5.612937479456845402e-01
1.751384291690702699e-01
4.440271042689076797e-01
-6.808721696668407208e-02
-7.432488275508443154e-01
2.358128764970938429e-01
4.400743134216598129e-01
-4.637639481291653265e-01
-1.766858303026917210e-01
-4.944422897460155619e-01
6.796899077000875256e-01
1.481243176357578684e-01
8.913241900232379833e-02
-2.088674072173508922e-01
-9.304216899304187383e-01
1.000000000000000000e+00
1.000000000000000000e+00
-6.740640304107275993e-01
-2.992218809521646206e-01
7.816161174885223328e-01
5.265144022710824823e-01
-5.051224175042484665e-01
1.000000000000000000e+00
-1.027513568953139500e-01
-3.176465506391709659e-01
7.085075788698724786e-01
1.802762413560462518e-01
