4.899065546248211334e-01
8.109341211904579350e-01
7.728182249428955375e-01
2.576934232119287849e-01
7.033808436524264796e-01
6.690136813561905482e-01
-2.479007321135588415e-01
-1.000000000000000000e+00
-7.190701049440844095e-01
-5.005650308318078112e-01
-6.372338744504568719e-01
7.475970212654449443e-02
6.794727909754367801e-01
-2.685908978819087078e-01
-1.000000000000000000e+00
-8.053146400713102615e-01
-4.290619282118783295e-01
-6.459389739472033432e-01
-5.081992449692286362e-01
-1.719794067144609362e-01
9.678447840466426477e-01
-7.987182706298572299e-01
-2.950137604506546385e-01
-4.367639274042203201e-01
-6.403091731135454046e-01
-7.400804410531804933e-01
7.107925449189733680e-01
8.910436610658993839e-01
-1.000000000000000000e+00
5.152992247765642020e-01
-7.475031213238904071e-01
1.781328445358787149e-01
4.475340910637369829e-01
1.000000000000000000e+00
3.670710380579464971e-01
-1.634424334737208384e-02
4.836124082596581220e-01
3.417918770825489894e-01
5.460534677837609596e-01
-1.402404883203828279e-02
4.826463590517068858e-02
3.016030625730260067e-02
-4.373450712283042385e-01
-6.628016634898854509e-01
8.899227191201556364e-01
8.396356190713849532e-02
1.149471081086039792e-03
4.241014919806632699e-01
-2.231397860571606440e-01
4.831556817875174992e-01
1.000000000000000000e+00
1.277305243752616115e-01
3.523577443582875390e-01
-4.255944948229445357e-01
-2.883234806775265002e-01
1.000000000000000000e+00
8.367322369680076921e-01
-9.032064550636795808e-01
6.382258094050556885e-01
-7.144526373357901194e-01
7.020525983104792811e-01
-1.920160011121012644e-01
-2.591353506305046350e-01
-1.000000000000000000e+00
5.702927356386123803e-01
7.986911610377428472e-02
6.703658569120606314e-01
1.000000000000000000e+00
8.439449029570726957e-01
-2.359567939321901564e-01
-6.018384634058864258e-01
-1.000000000000000000e+00
-4.453720918696444930e-01
-5.371745883331807692e-01
-5.748545502109122518e-01
3.020152121924409294e-01
-1.876089656046510679e-01
6.674730333018662476e-01
4.528735949080561207e-01
2.186999004992803142e-01
4.886124045412079675e-01
4.182542330417962639e-01
5.822952746095725329e-01
1.828030677369033297e-01
-1.388356639448369845e-01
1.732369086636224298e-01
3.299036746369194972e-01
6.145039120491931905e-01
8.722462018774589099e-02
1.000000000000000000e+00
9.775902941288746595e-01
-3.551670682152059388e-01
-1.329159088809301614e-01
-4.922852457824496430e-01
-6.792188887089545268e-01
7.270086684952389300e-01
4.742025416877455601e-01
6.214051209157637201e-01
1.000000000000000000e+00
2.750347192810856378e-01
1.140130405185848517e-01
3.283865418536023872e-01
7.819616555134716318e-01
1.909587704692761179e-01
6.605162837745593984e-01
5.621599005031080454e-01
-4.104243111526466037e-01
-1.666266762945175506e-01
-6.434454394714234082e-01
-3.188863740545353487e-01
-3.224845990105359439e-01
-9.039436003740658476e-03
5.718511154166152494e-02
1.000000000000000000e+00
4.593138675515822111e-01
1.000000000000000000e+00
-4.945367762470277706e-02
-4.538167192523819837e-01
5.437987815896759836e-01
-3.001214102266749340e-01
-1.000000000000000000e+00
-7.218195572571506347e-01
-1.000000000000000000e+00
1.478960894077518406e-01
4.730723579865711015e-01
-8.129903618613248950e-01
7.207252993036454836e-01
-4.554452846437060387e-01
3.039735558306124186e-01
-2.705659402405753422e-01
6.428082670978864099e-01
-5.256904066706019618e-01
1.655677786694901843e-01
-2.117001124226600139e-01
2.694925798394010585e-01
-2.045486363295285215e-01
1.033421013297737834e-01
5.762320552350398417e-01
2.619621173605387043e-01
-3.672081477261797122e-01
-6.414696990592588799e-02
3.788886189268915738e-01
6.518688586021925691e-01
2.386045338757410983e-01
7.448150723320143274e-02
1.720588676204842793e-02
7.724039226807133396e-01
3.433681161021893136e-01
3.245497692635775921e-01
7.115398946226496324e-02
6.973274967711031724e-01
-6.715849070623909345e-01
4.924795530922004283e-01
1.315631532238941137e-01
-4.887337192659528540e-02
-7.559750680624853780e-01
-2.676811081107441925e-01
3.755564980772933548e-01
3.932778429453548386e-01
4.873502955163572931e-02
-2.377455929644680666e-01
4.328872087746760133e-02
7.923576231922296875e-02
-8.231573251808618763e-02
-4.494103035958111336e-01
1.000000000000000000e+00
3.826298506259150911e-01
1.000000000000000000e+00
-7.917077252640897234e-02
1.000000000000000000e+00
6.685079292776715532e-01
4.969875277459959717e-01
-6.478585230002598117e-01
2.607925036583641498e-02
3.175810061418917751e-01
-7.738736879567345017e-01
2.570822030338271169e-02
-1.000000000000000000e+00
4.341307009598108779e-01
9.815126128442215325e-01
-8.237912273782416195e-02
-6.986082355881477746e-01
-1.000000000000000000e+00
-9.927532195151977934e-02
-4.858881047481296567e-01
-4.257257421162741196e-01
-5.506275525043234920e-01
-2.811207395321227431e-01
-5.371945195184989474e-01
-9.463432398041400351e-01
7.193659274230101985e-01
-8.508555906635213439e-01
5.844987213305923301e-01
6.798412916369780956e-02
2.450254815527992680e-01
-7.292288103049936465e-01
3.816474101536496133e-01
-1.417426555370975005e-02
8.886595428478765157e-01
-8.367053215460684701e-01
-7.570878231903310773e-01
4.801626279067388037e-01
9.357404664639643599e-01
-1.496180742554039378e-01
-4.752655834150862901e-01
-4.561077210481128130e-01
1.762127779684742324e-01
-7.007451636993065058e-01
-3.961118931056297199e-01
-5.965200037999821570e-01
7.736849914828101971e-02
-3.833385177200808180e-01
-4.395231647499726613e-01
8.469851679111137788e-01
-5.464683941172265857e-02
-4.069857295291252619e-01
6.517876878021446885e-01
-5.323008688222613527e-01
-6.485429049506425958e-01
-3.125505566167188221e-01
7.226199016535281849e-01
1.000000000000000000e+00
1.000000000000000000e+00
-5.484349864212172410e-01
-3.857394232208466445e-02
-4.662615626015668147e-01
1.829202623937699335e-01
-1.322786830472703033e-02
-2.607907411556344979e-01
5.685058336401987988e-01
2.346917170397943564e-01
6.394244500712575885e-01
6.589216432431170833e-01
2.434214862838706139e-01
1.390902442404431949e-03
-4.650581529790139834e-01
1.496778947353626377e-01
3.467659828730954574e-01
1.000000000000000000e+00
2.963246635158239273e-01
6.391831371585344757e-01
-4.156149989548674206e-02
-5.463490382964395486e-01
-2.236011165476485263e-01
5.905232456558189291e-01
-7.796321106453816263e-01
-7.502069643704081803e-02
2.430975021920442347e-01
4.622753497290454927e-01
9.036542972974528354e-01
6.868759022808704762e-01
-2.375771331992229674e-01
-8.768066420288628260e-01
-6.480452506074436680e-01
8.206976448193074036e-01
3.319758899203273939e-01
-7.258517977194582915e-01
1.066981668512262948e-01
5.164058026235428533e-01
-7.267765261128652510e-01
1.993034056187242276e-01
3.066990407283342046e-01
4.255099047747157304e-01
6.420946436709822347e-01
1.000000000000000000e+00
