-2.447907291677652586e-01
-2.864883584652981874e-01
-5.638566539278575540e-01
-1.334584801813599175e-01
-5.895950297207903645e-01
-8.503705870061797345e-01
-1.000000000000000000e+00
4.526706311470796162e-01
-7.416471081384830299e-02
1.582595743658288256e-02
-1.669925561296201066e-01
-4.330747844998564244e-01
-1.000000000000000000e+00
5.572413649710213912e-01
1.559322458476158357e-01
7.653012755114951826e-01
-6.957701427582722031e-01
-5.757684790042914003e-01
1.066967871837890408e-01
-2.375804689099454969e-01
-1.042823585402694563e-02
-5.876631617747607450e-01
-2.772489648255784811e-01
7.040614915595726497e-01
5.549368591117984639e-01
-6.900331623855361363e-01
7.135310958844252038e-01
3.701764804675367060e-01
-4.887663154104147090e-01
-1.082861748039063154e-01
1.257953790494218405e-01
-2.361349313836068609e-01
-4.129591068108953156e-01
-5.891907633666404465e-01
-4.549406209709323523e-01
-4.615546786438980975e-01
-2.545866922707709090e-01
-1.948731837632747821e-01
-4.692939516052441196e-02
-2.565853910544347305e-01
-3.779960472278559025e-01
-1.256334652380984296e-01
-2.189042141113671791e-01
-6.856404412429546458e-01
9.544505188768970250e-02
2.956597521362072101e-01
9.258850371002025348e-01
-5.028196097280915877e-01
-3.777041456380260120e-01
-1.905024419198886876e-01
-2.509689348295197076e-01
-5.097430364614304876e-01
-5.277007466705303518e-01
-5.512412872067264935e-01
3.611482343044645771e-01
-6.505341544927982778e-01
-1.753161099655426158e-01
-1.656933549395274707e-01
1.119900008896149435e-01
-2.181115872374018161e-01
-1.000000000000000000e+00
-4.748643770194831415e-01
-4.715336481738974239e-01
-2.790606158748988319e-01
2.348544077540482000e-01
3.738437746786348326e-01
3.568561648257955188e-01
3.228448768168390437e-01
1.000000000000000000e+00
-7.345185430350618105e-01
-1.943105711089251897e-02
-6.643314076370725463e-01
4.712474088340013606e-02
-2.026210400795869226e-02
-6.051685221494923494e-01
4.983522252125355823e-01
-5.541377324671143967e-01
9.906597012846257710e-02
1.946346875680470268e-01
5.303681037488754413e-01
-5.891711516084565670e-01
-4.194614572569727584e-01
2.944112267906344171e-01
1.013390876015252545e-01
-2.617643615306960991e-01
6.318724965670717841e-01
7.836194101218874053e-02
3.627206589693243166e-01
-1.885361951842285111e-01
-5.865989228435566361e-01
3.291065387574304557e-01
-1.321322914680073679e-01
-4.776606257816264911e-01
1.855460680431050280e-01
5.851737393338929394e-01
-5.060936298063415384e-01
2.799454226290252201e-01
-8.737992359560144973e-01
2.406846101795369064e-01
-1.694157544392548842e-01
-6.579197848751296984e-01
8.928009433723238519e-02
3.061313535973050892e-01
-1.193549044397473613e-01
-6.355816591622233114e-01
-1.448359516499179156e-01
-6.524673221455709604e-02
8.700949999482722463e-02
-3.643767628708112771e-01
4.564702181168976414e-01
-2.875892193420686027e-01
-4.510427820237062901e-01
1.185523026166065558e-01
1.097858021930136485e-01
1.361865576338602835e-01
3.051402661464881483e-01
-1.936861319319953534e-01
4.901944348503011750e-01
1.266552095276501366e-01
-1.000000000000000000e+00
1.515237194009179111e-01
-3.446702265883894722e-01
-2.454040908469035664e-01
7.724124042393440415e-02
2.252193032716285348e-01
3.951075788112420883e-03
-1.561593928779733687e-02
-5.257975547917191905e-01
-4.357428003317156406e-01
2.664924391628446521e-01
-2.105740734131222314e-01
1.207707859051810328e-01
-2.175599321230359817e-01
4.350030411531262131e-01
7.386131559816702108e-01
-1.000000000000000000e+00
9.586625222928998324e-01
3.270055870852753843e-01
-5.683042507654160191e-01
-1.740242780823626212e-01
-1.919714964647873390e-01
-3.209613370102627483e-01
-1.000000000000000000e+00
-7.382743995997500530e-01
-9.871729406460372225e-02
4.810634625826296085e-01
-4.141099614299452725e-01
2.860423317000898580e-03
-3.762446208042625195e-01
1.000000000000000000e+00
6.718208859631880081e-02
-3.678242993864994093e-01
-1.473264326270198876e-01
-5.423115436523224808e-01
2.773146245272942179e-02
-2.188476043133588400e-01
6.335026837815358469e-01
-4.374996453969229870e-01
-6.850349740828356460e-01
4.671245854435820410e-01
-2.456337599539620831e-01
-2.687826275382359520e-01
2.059431833952093949e-01
-1.652099086546860995e-01
8.276916652500380944e-02
-5.664224724304689484e-01
-3.978169748332391897e-01
-6.286152762063146326e-01
3.248716284476138583e-01
1.626751365229028579e-01
-3.178866612794106761e-02
-9.778580342934534153e-02
1.000000000000000000e+00
6.224505076825918026e-01
3.494991724944139788e-01
-1.000000000000000000e+00
4.064296452265209192e-01
-2.752555630919782947e-01
2.609955122113731818e-01
-6.308431550918432995e-01
-3.367449659326474110e-01
3.819858529277541104e-01
3.200451276322510141e-01
1.749259552647923766e-01
-3.057494107168299280e-01
-1.000000000000000000e+00
5.751736137444674046e-01
-4.226923218026279461e-01
8.275054030890411916e-01
1.654444669498505438e-01
5.060436638169746315e-01
5.074134588529836121e-01
4.798409092267225812e-02
1.000000000000000000e+00
-7.086375363614823009e-01
-2.656911457171430291e-01
-3.757451468837541553e-01
1.933363873483519013e-01
3.693179252585030437e-01
-1.858005027661671915e-01
-4.003283748312105317e-01
2.271207758201041205e-01
3.462681929553703131e-01
-6.592803062578507234e-01
-2.328688341789688920e-01
-1.156183305009031576e-01
4.169968227440357111e-01
-2.041381900252836890e-01
-9.847799528925447188e-01
-3.694046580284809922e-01
-5.698367823354649059e-02
4.159131639645323730e-01
6.220148577954893732e-01
8.927528672121057829e-01
1.967423415171061230e-01
-7.869692609368046654e-02
1.861317336146229018e-01
-1.946707514290309249e-02
2.903313173749184073e-01
3.340891627630148131e-01
1.027925043532920135e-01
3.796000913602290971e-01
6.674460119535957636e-03
6.016596791682358170e-01
3.820875532801726315e-01
5.474053611558796217e-02
-5.345025154191316297e-01
6.315817446752480802e-01
4.919061248286403787e-01
7.172559033110946503e-02
-1.594760198156288666e-01
1.863900292835747874e-01
-1.146067102894905987e-01
3.147168909230912970e-01
-7.524292452690889421e-01
-1.535267020135516747e-02
-2.664425855839962498e-01
5.493828963982788638e-01
-3.097086112304188732e-01
2.487202809137243065e-01
6.303410808537234233e-01
9.680477282175359299e-02
-1.903237507121788297e-01
2.469167214701872837e-01
8.356501371922475663e-01
-7.001030682411424344e-01
-1.000000000000000000e+00
2.489243590649890814e-02
8.771528576023471246e-02
1.550443080269165441e-01
7.331928422764770470e-02
8.727382152916427493e-01
1.277129017302885972e-01
1.285567678658580959e-01
1.109047813681499350e-01
-2.683571550631441149e-01
3.277490976927475153e-01
9.448808003022751700e-02
-4.522835172943651116e-02
-1.275378473818936098e-02
2.755999094487215917e-01
-1.446119183470960246e-01
-4.129205152916418653e-01
-1.000000000000000000e+00
1.119920673473477762e-01
