-1.000000000000000000e+00
-3.575618070542456173e-01
-8.985807283844633453e-01
-4.437588051330906280e-01
-6.189161044936078993e-01
9.540736755946569447e-01
-4.642117538247158004e-01
-2.531280574522818405e-01
-7.451319923227222031e-01
-1.200184480535740339e-01
-6.762384086875271594e-01
-4.294380361114155664e-01
4.374005204708200645e-02
-3.792493868723162409e-01
-1.728961582866424609e-02
4.626210577735279106e-01
5.328320942131548055e-01
2.405268882261326624e-01
-1.504477273772111268e-01
-6.013361154362765193e-01
7.070193160883677663e-01
7.963384507354355213e-01
-9.181215982254030683e-01
-3.936892786910717312e-01
-9.588172233805969391e-01
-3.711802249816317789e-01
4.551026960480297201e-01
-2.231354134682381474e-01
5.335526696248893419e-01
-1.611317019119411498e-01
1.000000000000000000e+00
5.309470705122406597e-01
7.506971406492505272e-01
2.090902142854011436e-01
-5.480164443106294581e-01
5.685542487348359542e-01
-5.620033128362811325e-01
-4.753077962908707765e-01
1.729455929448451001e-01
1.676924549094620798e-01
2.039809720487621991e-01
1.776346498109984129e-01
7.679928782262186449e-01
1.843174930615406881e-01
1.000000000000000000e+00
-3.180602846820755614e-02
-5.707918357910928275e-01
3.789783443616593916e-01
-6.412864096460689500e-02
-2.022902885249102112e-01
-9.271331022048021619e-01
-2.475132240329881439e-01
2.416786907523907624e-01
-4.965620802147635571e-01
-1.859825030417593950e-01
-2.276666840648690626e-01
3.824036362667190825e-01
8.100816521858863473e-01
1.000000000000000000e+00
3.573425316186320533e-01
3.927957209061234134e-01
-9.187598540894457155e-01
-9.823709007663382620e-01
-7.418070273408911008e-01
1.000000000000000000e+00
-3.970859425109592444e-01
-3.081100935755872183e-01
-3.739051694235254186e-01
1.908410212656274085e-01
5.457038176764874571e-01
-2.604767042621673467e-01
9.100361846735638416e-01
6.864906284066796260e-01
-3.386449165008253992e-02
2.108088020235062143e-01
9.228637868718027326e-02
-2.203926468524174953e-01
2.053864798058642749e-01
1.781360148112199615e-01
-3.982381978548435453e-01
-1.000000000000000000e+00
-3.480541932375625924e-01
-4.216200366258826548e-01
-1.162383374001939584e-01
-6.853233502452457659e-02
-1.000000000000000000e+00
-6.409868602067151366e-01
3.359147687708302632e-01
-1.352135994380613826e-01
-3.705906809346299902e-01
4.995771967698049432e-01
-2.800735350839745896e-01
-6.155894716401807409e-01
-4.132737295330554117e-01
6.623358562325876164e-01
6.870056792753375108e-01
-2.336096211259172106e-01
-3.121443725370074973e-01
3.640251530781412614e-01
-4.669224141891861191e-01
-4.810507208726469974e-01
-2.343922230658164463e-01
-8.364248875075730449e-01
-4.463139859224012351e-01
9.378077699976359316e-01
4.117344466927931879e-01
-3.989018948631160022e-01
-1.154050429038864511e-01
-3.312413642752123355e-01
-6.847519514984291567e-01
-1.032637116061535659e-01
-4.781016960477595112e-02
5.235080051884394292e-01
-8.566803840449064289e-01
-3.575515717705007868e-01
-8.067981867067863799e-01
-7.948760890096301379e-02
-9.657798435086388522e-02
6.997830675724756588e-01
1.025451674579068578e-01
2.331419614233763982e-01
-3.042083734411197282e-01
-2.441785301092435634e-01
-1.171242639500742616e-01
8.728961863270739974e-01
4.357511183793686405e-01
-3.295875954737804703e-01
4.052351947112223240e-01
-4.268526535376225839e-01
-4.948255119510205913e-02
-2.364618224205842778e-01
4.789611336245971351e-01
7.344739952155010521e-02
3.765490403240354667e-01
-7.338682640294789117e-01
-1.952956538510663698e-01
-6.857581852976004644e-01
2.270329006191897647e-01
2.736333318087343924e-01
-6.139620394557819827e-01
1.000000000000000000e+00
-4.676633925561936023e-01
-3.625162200872112939e-01
1.101927516106511740e-01
-6.395852936654313758e-01
-2.350024689985895365e-01
6.278997148930076655e-01
-6.021238581237164933e-01
3.698953623743626573e-01
1.193110866712643325e-02
-1.000000000000000000e+00
-5.076979548290146971e-01
8.398169986467514114e-01
6.251959777517321903e-01
-8.830794203459231273e-01
1.449944448506697570e-01
-7.343043075100272876e-01
-6.879309622032602212e-01
8.863057496955069059e-01
-2.340745338927001651e-01
-1.431387255687898707e-01
3.397594897487570265e-01
-9.647447491555671828e-01
-1.000000000000000000e+00
-4.547054033857358957e-01
2.415980185379364986e-01
7.767033693368673164e-02
4.365517304757965400e-01
-7.955985659453279624e-01
4.632533125898622567e-02
4.094566634096659385e-02
5.444346853841566247e-01
-3.107188348994530808e-02
4.246464066393000336e-01
-7.437410367399407973e-02
-7.763516363842205836e-02
-3.861133477542328940e-01
4.533205293744636544e-01
-7.452202963501971533e-01
6.108652846069561049e-01
5.300551944993261433e-01
5.942211558944904271e-01
-2.987137371210612513e-01
-4.981194124434255854e-03
3.237368589165378063e-01
-1.000000000000000000e+00
-4.904844187216356732e-01
2.417416859543831675e-01
5.891233969849227758e-01
9.215717794506712579e-01
-6.540962365803729694e-01
-4.253558821614597529e-01
5.951468939713003836e-01
-4.902873028703812197e-02
-6.719647038955485208e-01
-1.000000000000000000e+00
-2.868769639343784345e-02
3.663022182310891606e-01
1.530953917294463063e-01
1.793258270816089350e-02
9.394698707361863466e-02
1.605119038091118444e-01
2.605514242200398511e-01
-8.885090667628421368e-01
-2.146767783017691222e-01
6.017734829011709419e-01
4.685622131761810194e-01
7.640458456070062798e-01
1.251475463801526578e-01
1.000000000000000000e+00
-3.824446885544180996e-01
-2.943038943693205289e-01
4.693502057692838236e-01
2.866110435147528612e-02
7.546272109401576111e-01
2.503819431343246027e-01
-2.536987203048965966e-01
4.941269694461786210e-01
-6.636391726097728982e-01
7.041652200604325840e-01
-7.020956042109267603e-01
1.000000000000000000e+00
1.269784884259769486e-01
9.110686111737173465e-02
2.538999659877216875e-01
1.790021735193453312e-01
2.473511682859477756e-01
1.000000000000000000e+00
4.052864386281767040e-01
-4.912479682396698744e-01
8.269372586333223474e-01
3.850765758277892026e-01
2.215721062963028065e-01
8.307363618168205066e-02
6.973502791930273892e-01
7.455147790484616399e-01
6.372067561105989597e-01
1.444640642186084123e-01
7.700816287686341743e-01
-7.830284365012925019e-01
9.779151964224972460e-01
-5.516757217222611337e-02
-5.356677414297941198e-01
1.360206517295947104e-01
3.261113566119480667e-01
-8.405661441972850367e-01
3.649758873333235343e-01
5.755528508983108471e-03
2.820941440097819441e-01
1.000000000000000000e+00
-1.190763564156986296e-02
-5.258072214665164557e-02
3.089341735317368554e-01
-3.135043631248933538e-02
-7.506503750719774049e-01
-5.108805150275841367e-01
-1.000000000000000000e+00
7.284741538281581663e-01
9.637548787132342865e-01
6.020314042272750799e-01
-3.720585793524655016e-01
3.251686001131584014e-01
7.984060491458443154e-02
3.151824473357371370e-01
-9.495016636705578827e-01
