8.770459747416088359e-01
-1.494924967461560006e-01
7.441274197909734101e-01
1.414572729989527211e-01
1.538105622058673905e-01
-7.922694369559601935e-01
1.000000000000000000e+00
5.770656940499525878e-02
2.570646168080755745e-01
-7.838219169018021404e-01
-8.528587541311547504e-01
-3.796653967163430843e-01
-1.591309981557535447e-01
1.000000000000000000e+00
-3.657539571219866059e-01
2.042136125394128643e-01
-1.000000000000000000e+00
7.813439122967489325e-01
-5.527599911551799305e-01
8.718147400282733051e-01
-3.170481938240249375e-01
1.164479856955804443e-02
-6.086327658848650346e-01
4.366531830547493720e-01
6.339858974971895877e-01
2.696818109583076772e-01
-5.341441301262922492e-01
-6.038018621868057600e-02
-3.468205724337942719e-01
-1.000000000000000000e+00
7.827507436337219349e-02
5.116271679954184082e-01
-6.839246414158556275e-02
8.538786244196877595e-02
-1.000000000000000000e+00
6.214592232079282352e-01
-7.528064606307413031e-01
9.177193893505167233e-02
2.264619069114590100e-01
-6.238814956066400796e-01
-1.443978640835080207e-01
-1.000000000000000000e+00
-8.661854819995322696e-01
1.178138246120099680e-01
1.000000000000000000e+00
-1.346674812276383304e-01
1.000000000000000000e+00
9.087019097631439113e-01
1.723622665497815676e-01
-6.811225106598450818e-01
1.000000000000000000e+00
1.000000000000000000e+00
-2.375283752296167838e-01
1.000000000000000000e+00
-8.237895870612924054e-03
1.391405873646270330e-01
3.824309359760134086e-01
-3.173747986566933244e-01
-6.045480272966402557e-01
-2.462408285639234029e-01
-2.100947661365432373e-01
1.000000000000000000e+00
-1.000000000000000000e+00
1.350372826842304586e-01
1.760356755308423449e-01
6.240783001385050155e-02
1.735481593949366186e-01
-8.475772379610925222e-01
-8.934695679364077492e-01
-2.849868863406206793e-02
-4.795939123987895680e-01
8.826933233885753127e-02
3.288089145974867900e-02
-8.224309189853673541e-03
-5.943934286513183896e-01
-7.980908480401281979e-01
-7.610798823047644490e-02
-1.045255375301654827e-01
8.476498505389901128e-01
1.780928981381283971e-01
-2.966618177662301847e-01
-2.021008995339015624e-01
5.103773617657784978e-02
3.756414052191625053e-01
2.177763150877378706e-01
-5.609220661980117706e-01
-3.659778236029763154e-01
-4.983028540156360653e-01
7.588931131042675471e-01
3.010223974353787302e-01
8.401127766877383718e-02
2.844547343764735614e-01
6.924466737782062342e-01
1.400687915447605680e-01
-7.782159392698226874e-01
2.381002865823333980e-01
-8.643747363325477995e-01
6.692984009839745285e-01
-1.909687301087991951e-01
-5.897618603869815290e-01
-9.408949510546971151e-01
4.572262258778593824e-01
3.734985005080097009e-01
6.251584498384883670e-02
4.237495573328905474e-01
-2.439309267937321002e-01
3.013556344280830523e-01
2.820572847369771652e-01
5.240348892607001874e-01
2.261460429141579076e-01
-2.067340209549566044e-01
-1.549006155133381413e-01
-2.965175521896939448e-01
-2.594331498360382127e-01
6.692694823186025044e-01
4.919634712712225855e-01
3.407349802843004372e-02
-5.529186452240918426e-01
-3.676712918242110439e-01
-6.579964863862151070e-01
5.848727193945759684e-01
-1.876259616651846929e-01
-2.963976107681501881e-01
-2.773907360550093570e-01
7.213831738545473105e-02
-1.418232826731264939e-01
-2.322908446572180541e-02
9.382262039268118858e-01
-3.430641724480398835e-01
-6.596824280309941946e-01
-9.250342735715374465e-01
-6.430794112572243981e-02
-8.632645683930804115e-01
6.576215290700981875e-01
-1.291803673728366686e-01
-3.568648805902233656e-01
-5.787333852423545144e-01
1.000000000000000000e+00
-5.971053227923990292e-01
-2.552236426249731571e-01
-8.664505518427260133e-01
8.079419466933097649e-01
1.052916129857372901e-01
2.072488454340433162e-01
9.277812964279252839e-01
-4.249446993997599842e-01
-1.102314281312465338e-01
1.000000000000000000e+00
-1.830039192188757657e-01
-2.322579077483704901e-01
-3.978339017028586500e-01
-4.581131960567534356e-01
-9.668890900771548447e-01
-1.296815236219632239e-01
2.654204564303151992e-01
1.657874646163632615e-01
-4.141417706917938091e-01
3.839578867334616508e-01
8.121102324478978174e-01
2.482453787592094618e-01
-3.627047703630406628e-02
-1.449426718493149469e-01
-5.518010571716053247e-02
4.249190680780025042e-01
-3.956031060635797347e-01
-3.464588432331601742e-01
-5.752634021174533041e-01
-4.892604664586481800e-01
2.234688169602119800e-01
3.547547329982311815e-02
-1.297398743913064090e-01
5.517865399872823318e-01
1.124353583094803016e-01
-3.324497229554596034e-01
4.927136327047695330e-01
4.438191386241162606e-01
9.565266787935782222e-01
-2.132076238836786986e-01
6.203299444924099265e-02
-5.480793010144449084e-01
5.987249751682043319e-01
-8.798351265287661649e-01
1.500155836813387711e-01
5.309295624886356535e-03
-2.223465155711821795e-01
6.671033929242949911e-01
-2.182965833988502746e-01
1.637233720836236139e-01
-7.997604672582880880e-01
-6.104509597261054132e-03
-2.432685574144387020e-01
-1.000000000000000000e+00
7.363127333233430161e-01
8.159439309786605810e-01
-5.729425496818584679e-02
-9.830770265725072288e-02
-3.853554330806585604e-01
1.174694988781863902e-01
-6.917322647044138462e-02
2.088056794800188520e-01
2.759827162218488339e-01
2.115975683166325672e-01
-4.534360016742866595e-01
3.123167010065652782e-01
-5.638077487043542668e-02
-6.353496479379990014e-02
-3.515667914248712389e-01
2.394610333810256730e-01
7.388130592567270123e-03
-8.882399994672015575e-01
-5.589395001067009039e-01
3.372732933929035171e-01
-2.642791362100194164e-01
5.905773540917691466e-01
-1.125900320392979603e-01
2.453997177727981760e-02
4.745718487040699873e-01
-3.621323315929109166e-02
3.101764665406696320e-02
1.081047813449636380e-01
1.204156136520933285e-01
-2.701193455471935234e-01
-1.839134343024868556e-01
-1.000000000000000000e+00
-1.128574957113850641e-01
9.578120303531741930e-01
9.130507164234595574e-02
2.537784017128080771e-01
6.153084176295521221e-03
-1.000000000000000000e+00
-4.723639759076080358e-01
-2.088467493155242091e-02
-3.661715832276140614e-01
6.076132088802380649e-01
5.224979773034950092e-01
-3.021677978040920309e-01
-4.485624736969591742e-01
-6.627935622150693540e-03
9.120423760332910801e-01
2.299718291820745386e-01
-3.146401552674273905e-01
2.433564410226118635e-01
1.255624273034716964e-01
1.170018324390346143e-01
-6.149051052167944231e-01
6.864450444014771335e-01
-1.141733980820212602e-01
-1.422825595152908337e-02
-1.329235117495205509e-01
-4.014472117646734617e-01
-5.653478601073622101e-02
1.032457108966065851e-02
1.000000000000000000e+00
6.287788118804406023e-01
6.425362065373634302e-01
9.388394680265921277e-02
-1.492117676733541523e-02
2.233077119825402357e-02
-1.470163508619956871e-01
9.224357014455411008e-01
2.277209908724184828e-01
4.749836465595494994e-01
-5.033729520853025968e-02
-1.628197352219491745e-01
4.669978590785343053e-01
