-1.081990101066565430e-01
-4.259403578811950530e-01
3.559111001461746221e-02
-8.467673471288509335e-01
3.309741758208765150e-01
-1.805728627548076615e-01
-1.000000000000000000e+00
-9.559904681858594211e-02
8.326428024973202557e-01
-1.586075660178937197e-01
-6.820537371053388975e-01
5.549374827892489259e-01
7.211844354343642793e-01
-5.146947537418970070e-02
-3.321630788381436106e-01
9.556203997749745938e-02
1.000000000000000000e+00
5.002050043025938475e-01
-2.140483065054713530e-01
9.006521443982931086e-01
-1.000000000000000000e+00
1.000000000000000000e+00
-3.908680877289213429e-01
1.984621342734490534e-01
-5.340296504691891544e-01
1.074619224666075040e-01
2.717616332455305428e-01
-4.284887035363121877e-02
-3.235194646066130719e-01
-8.316633066161631671e-01
-2.050317203098654950e-01
-3.784279707877762911e-01
1.000000000000000000e+00
-3.626975845599702541e-01
2.644470355707738696e-01
9.860735116088863439e-01
-5.810023573809812714e-01
3.896831266165761143e-01
1.497768855798470855e-01
-3.232937804286379335e-01
-4.461074715442239769e-01
3.012646497253859135e-01
8.296456615442093785e-02
3.622480276010006106e-01
8.024354107621651799e-01
4.379361873356900081e-01
9.098370175067623800e-01
-7.755932774848198208e-02
6.421123041963451294e-01
2.113943094183630966e-01
-1.790932116236919613e-01
-3.768648759754588684e-01
-1.000000000000000000e+00
7.613401374675460298e-02
4.179834654735065103e-01
-5.095843758076876173e-02
-9.627264246206135301e-01
4.520624468064322055e-01
9.230078802630252433e-02
-1.000000000000000000e+00
-6.751428357739890085e-02
-3.110971021853405905e-01
3.392977019183091025e-01
-2.641662568393643440e-01
-4.768853250071495298e-01
7.369570264192802922e-01
-5.105523468216537353e-01
5.771438291646807661e-01
8.809346818562271419e-01
-1.451671785558570626e-01
-8.320204539927620324e-01
-5.119120221384922953e-01
1.808457026387119693e-02
6.163242271405208195e-01
-4.059972201571866446e-01
2.080265674489874539e-01
-7.855706899072230354e-02
1.491564443989434885e-02
-6.289375043841795021e-01
6.670222715140365910e-01
6.612352542783935805e-01
2.888932378386805944e-01
9.085757620623935438e-02
-2.048192855833397830e-01
1.000000000000000000e+00
-1.000000000000000000e+00
-3.092759190306567096e-01
-2.440127893860440933e-01
-4.310431641965923322e-01
1.000000000000000000e+00
1.751512364900416341e-01
6.160630203608017386e-01
9.596005648017340572e-01
-3.681281550732193875e-01
-8.669790132866619370e-01
7.625673177792979818e-01
6.519555936131454787e-01
-2.061563128008211954e-01
1.914567904751500460e-01
-4.921504786482863714e-01
1.000000000000000000e+00
-3.031462488862567417e-01
-8.337008141785913207e-01
-3.363210015275509557e-01
-1.141529928575076847e-01
-5.602221630688691834e-01
-7.205241644187378169e-02
-8.658401698500871324e-02
-5.102635305450669012e-01
-1.080142061762066757e-01
3.436127296997347758e-01
1.326147573300525406e-01
8.907561468915786707e-02
1.582660543914452822e-01
9.247142647111491476e-01
2.133206735185827208e-01
-5.046686124466096546e-01
-3.981369777602783433e-01
-5.922257706031119895e-02
-4.565430982411537442e-01
-3.447381421888215947e-01
8.616999726046233876e-01
4.467999038059422001e-01
-2.368072905363387548e-01
-4.482347974534257179e-02
-6.342655519203669323e-01
1.854268852006989710e-01
-5.622868139661894027e-01
6.412713287885164759e-02
5.706765714437463943e-01
5.265724071258866268e-02
7.546212851236773211e-01
-3.075933624329539318e-01
1.151323609149580152e-01
5.831684013856469617e-01
-1.000000000000000000e+00
-3.787040174716287400e-01
-2.973069938532144629e-01
-3.791380304964175885e-02
-7.129980629189748564e-02
8.522190123914571425e-01
6.729159113772115175e-01
3.666901176596119027e-01
6.264810140152063944e-01
3.488895184082177470e-02
7.221641747802767242e-01
-3.131228132897074801e-01
-8.277686936900304771e-01
1.622668841946842133e-01
-9.252172709944381790e-01
4.372280914307961897e-02
4.383896336521326265e-01
-6.016475753279288963e-01
-3.203554552929623322e-01
8.370002046010583951e-01
1.728826448139926808e-01
-8.315042872432060195e-01
-1.000000000000000000e+00
2.166519134766202448e-02
-7.357035661784037117e-01
-2.131708580440272727e-01
-2.323807062534043455e-01
5.946209173994746466e-01
4.492770367721867220e-01
1.441675715294665483e-01
2.944140021443146515e-02
-2.903786088374391561e-01
-9.437826723871992618e-01
-1.062465712330938200e-01
-5.554224869537167653e-01
-4.897994284946680654e-01
3.996312180036060147e-01
-8.210480918366268588e-01
-2.747703655094899666e-01
-3.510064803642305442e-01
-3.732987145713402843e-01
1.626439279607691801e-01
7.191102760761854118e-02
-2.062823914013758309e-01
-2.142751479789506419e-01
2.963380226442755561e-01
-8.276696161932092233e-01
6.034738735478291094e-01
-6.613652605434588994e-01
2.035099346508241203e-01
-8.911848741707323329e-01
-2.584282262718453627e-01
2.198544580367784440e-01
-5.459295378693778122e-01
-6.265192535453553146e-01
4.481300318273073735e-01
2.351018351101546999e-01
3.614392072992561045e-01
-6.718730672095052370e-01
7.096201005410094353e-01
5.458841212464936588e-01
-4.813391802319906543e-02
5.959441073479396778e-01
3.280265902800877376e-01
7.480655762620069815e-01
-3.214495154920986031e-01
-2.579434468908894940e-01
-1.074689614428225859e-01
-1.304832143496718611e-01
-8.314045871178281644e-01
1.576287203547304949e-01
1.369234805897101004e-01
5.792244328914071261e-01
8.655367834107822178e-01
-2.759526388063810454e-01
3.618716378735827854e-01
2.381411960819946050e-01
2.045148509980187490e-01
1.000000000000000000e+00
-1.267766782935340064e-01
-8.135631238518187258e-01
-4.352589100855097648e-01
-1.243668082620552062e-01
3.448591487575873304e-01
5.402989050232731572e-01
-4.241044917409285686e-01
4.215045321931319006e-02
5.270803735679797652e-01
4.280095643865130528e-01
-6.641965103516465907e-02
9.824663200342680369e-01
1.996574039311917181e-01
4.347791769342627677e-01
2.728081978818756026e-01
6.757930943019087033e-01
3.947721818387840420e-01
5.508356653140256132e-01
3.564048813627017642e-01
5.775223057252227843e-01
-7.259790066584020929e-02
-9.819678750143152612e-01
-5.318947242934581876e-01
5.425823686178430361e-01
1.810858120180863229e-01
5.311125402401671858e-01
-3.148441201473458073e-01
5.126020040910171938e-01
5.120373852605646370e-01
8.393111854136975358e-02
8.170549601677079554e-01
-1.851416686703112324e-01
2.932517131735774552e-01
3.479338379223977928e-01
-1.000634282312742457e-01
-7.612651940582785270e-01
6.777707845065995829e-02
3.454426668972526149e-01
2.541258800898003045e-01
5.430370045110566313e-01
9.073928749979888186e-01
-6.104140535502116105e-01
-3.542950357159034835e-01
1.201155839751846671e-01
3.393889136006071894e-01
-2.399976523599633427e-01
6.272730406916114942e-01
9.421339841205509380e-01
-1.000000000000000000e+00
6.993843334320332117e-01
1.410442443219121489e-01
