-1.271356684368151468e-01
-6.286249665552224863e-01
-4.789267371755918656e-01
-1.000000000000000000e+00
-2.602711651787618097e-01
-3.151784216049710596e-01
2.671228311609193384e-01
1.000000000000000000e+00
1.514470228627789739e-01
-5.337439132233343098e-02
-2.080897287904877047e-01
-1.348588685409061183e-01
1.000000000000000000e+00
-7.575524883632833717e-03
-4.435553033582985138e-01
8.114451459988559767e-01
4.585578142430652981e-01
-4.777184705763953820e-01
9.632408967898705709e-01
1.001940872884017203e-01
-8.599572089715543655e-01
4.601670399876509054e-02
-2.887647037668508720e-01
-1.768677618397523632e-01
1.000000000000000000e+00
-5.692659088573375215e-01
7.741834313694874181e-01
5.556323069646643686e-01
-7.213995374197201826e-01
-7.748535732337141768e-01
-1.247496090844364830e-01
-9.540299281548489940e-01
9.251963860971857967e-01
-6.043928205813828836e-01
-1.256452941345400642e-01
-2.164389692761209405e-01
-1.000000000000000000e+00
8.705818949323651523e-01
-6.447691007835524291e-01
1.061589496018203321e-01
-4.239866456952530727e-01
-3.807374402120029810e-02
6.014658700888788623e-01
1.000000000000000000e+00
-2.798081693871756204e-01
-3.584003474052782634e-02
-2.031112588583278492e-02
-1.353159543247116070e-01
3.081088629923318667e-01
1.000000000000000000e+00
1.000000000000000000e+00
-5.469433177521195732e-01
-2.437261200820126650e-01
1.339680301200802948e-01
2.047754866974658139e-01
-8.501358194537260715e-01
-4.335006696193274278e-01
5.242190729699348628e-01
-8.048150271614976092e-02
8.704449411371452047e-03
3.271574920897700189e-01
1.063570866489727818e-01
2.680993566335380107e-01
4.271846974108870487e-01
4.756428493710292416e-01
-5.224396084873634827e-01
-8.395288084397458661e-01
4.161135834682466172e-01
-8.546633799007173904e-01
-1.000000000000000000e+00
-9.899539327505284536e-01
-4.366532344012554745e-01
3.799112807518510992e-01
1.309064076950570144e-01
8.593825051559603745e-01
-4.332121830409734198e-01
-3.414547947934424843e-01
-2.982957913439779341e-01
-5.090302596618210274e-01
-9.943233714262569301e-01
-6.664942433021288082e-01
1.000000000000000000e+00
-1.000000000000000000e+00
-8.062497298572947058e-01
2.867625003650352555e-01
7.603582921129610206e-01
3.320024990711192281e-01
1.034292613576566766e-01
6.517502860343402649e-01
-4.487673183661774479e-01
1.000000000000000000e+00
8.269638917510434561e-01
-8.419756062256189555e-01
2.170314049038839233e-01
2.193076823241761619e-01
8.391776353514310838e-01
4.172931364011238653e-01
-8.347627428257056170e-01
-1.215807969404904681e-01
2.152701831507165542e-01
-1.000000000000000000e+00
-1.000000000000000000e+00
-1.358006073485593102e-01
4.739521204718686320e-01
-5.786569458159884077e-02
-2.619455951350910250e-01
-2.323597305855120143e-01
-3.121265596294500039e-02
-4.109318418458545175e-01
3.989808478719688578e-01
-8.310610964337369344e-01
9.884164890132820513e-01
-6.574802519311936932e-02
-1.760605060499497165e-01
7.195818066474527486e-01
-4.024876806217176917e-01
8.416561890327539652e-01
-1.000000000000000000e+00
-1.000000000000000000e+00
8.795281298767129163e-01
5.979837345936103166e-01
-1.308397953538140424e-01
-2.386270755979549296e-01
-4.633772376657919745e-01
-4.307450161760273399e-01
-1.374590429774052436e-01
2.993883209090160147e-01
-6.288736935521656302e-02
-3.133874705089156193e-02
-2.600437198404599304e-01
-2.626069853613456906e-01
-5.017098938753912218e-01
3.836470187167349000e-01
1.000000000000000000e+00
-3.382876856934363685e-03
-3.311019701183941233e-02
-2.526025618920578197e-01
7.860136216841479007e-02
-1.000000000000000000e+00
-6.800139174694713740e-02
-8.808465046791889852e-02
5.238181573213777087e-01
-3.241912400658819582e-01
-1.624541227593301329e-01
8.774477121173385186e-01
2.111222131008160530e-01
3.954844558522332965e-01
-2.149176749042978896e-01
-2.471716401984755118e-01
6.706900475955527297e-01
-8.511076837574718112e-01
-1.264468088988827954e-02
-1.922522420266283838e-01
2.720366613955912949e-01
2.368820537592139230e-01
2.783277995253871651e-01
-1.000000000000000000e+00
-6.795181203830763517e-02
-4.162441593440500687e-01
8.618948064006610732e-01
-6.277100922089776103e-02
2.497023124819842677e-01
1.457394688863312138e-01
-3.621398937674532026e-01
7.208302882543988765e-01
1.154123118328029274e-01
-7.104862009546916157e-01
1.000000000000000000e+00
3.075068337224510784e-01
-8.431984971426449704e-02
-9.741774031486227781e-02
-1.616800502924699845e-01
-1.766470950692394237e-01
-6.892922775318612860e-01
7.927714285146970630e-01
-1.204741394049750475e-01
-8.770239714625409633e-01
-4.132293196532849655e-01
2.138045547310835071e-01
-7.965633389313565571e-01
1.438541819360390772e-02
-8.929056078562802590e-01
3.232940295752501081e-01
2.691729622930345567e-01
-6.116875952508016301e-02
-6.226375398877346395e-02
-2.079352094517785132e-01
9.208998138414359325e-01
9.520793087870225158e-01
-1.103567774077538338e-01
-7.753724739717627878e-01
4.709620681867052738e-01
-9.643719281572104007e-01
3.579997006892929323e-01
-2.241514965409013016e-01
5.540780196918159151e-01
-1.000000000000000000e+00
5.535101257971303257e-01
3.449512332039926799e-01
-2.716150007402103328e-01
-7.365290230788623660e-01
4.428681363950337513e-01
6.859525903784041700e-01
-1.358154941050001563e-01
-2.871914783253037284e-01
4.622413211119970056e-01
-2.185525121117480596e-02
-7.692762456062391951e-01
-2.222313918859860904e-01
-4.761158964352132927e-01
-1.695162736324066222e-01
5.853302306007278633e-01
8.853100741129246165e-01
5.348381681433611590e-01
-5.666874198912174032e-01
4.480203330721037602e-01
-3.617450395467000090e-01
5.250164739670897252e-01
6.977158858866920610e-02
-4.423749104680649302e-01
-2.542509318498948345e-01
-3.123742192333551215e-01
2.433022044685948237e-01
3.755222543690883708e-01
6.143762965809896892e-01
4.531514107548406667e-01
1.000000000000000000e+00
8.404709601654019036e-01
1.088547392337742281e-01
1.000000000000000000e+00
-8.479959605255713573e-01
-5.953191568767975950e-01
4.727809345156577803e-01
7.710918741811905175e-01
4.499969441975785744e-01
6.525992299858190959e-02
-2.185800115450211023e-01
1.000000000000000000e+00
-3.425160813306089846e-02
7.433860333851108337e-02
7.931937450948988166e-01
-5.333200709339713796e-01
-1.417567650323712236e-01
6.568008665098404864e-01
7.994842203797907221e-01
3.659406585421504099e-01
9.501600056646672954e-01
-9.224627680930551632e-01
8.867378878306853007e-02
3.070160273663292694e-01
-2.585870748259648799e-01
-2.686383565055994183e-02
1.360548693300281942e-01
1.785535622601324701e-01
-1.240689578749660099e-01
-3.736843283637335533e-01
-3.306072904643277965e-01
7.847058849688685056e-01
-2.640789077829236442e-01
7.567525983262438638e-01
-2.405200402263676929e-02
-1.000000000000000000e+00
7.479108576119982699e-01
1.000000000000000000e+00
1.375557992740899793e-01
