
0 66.597323 4.834293 20.099113 -10.0
1 87.915203 49.963323 19.167479 5.2
2 91.318336 54.927219 27.201643 51.4
3 91.318336 57.904475 18.673061 45.4
4 91.036695 57.662119 19.229273 55.6
5 90.726278 56.366439 18.713158 55.6
6 90.070654 60.797973 17.224813 64.6
7 90.726278 61.892362 19.263524 79.6
8 92.956054 59.690205 22.548935 68.2
9 91.714253 64.355576 19.736558 63.4
10 90.960103 66.323119 21.240564 68.2
11 91.714253 71.739149 18.225313 70.6
12 90.808142 71.676599 17.919247 67.0
13 91.334024 71.977832 18.181719 69.4
14 91.714253 75.938911 17.620953 69.4
15 91.714253 74.881503 17.869281 70.0
16 91.578708 75.7981 17.384088 69.4
17 91.292892 75.211604 17.813174 69.4
18 91.654253 79.287095 14.334433 67.0
19 91.528142 66.451146 33.901359 69.4