8.061755014384230922e-01
7.698162817194191543e-02
4.573064612059412060e-01
3.564237370191205567e-01
4.363284377564842775e-01
-1.000000000000000000e+00
1.000000000000000000e+00
-2.092676215947282814e-01
3.920977328643771020e-02
4.221305824228405168e-01
9.599852328858571315e-03
-9.263946665518235646e-01
6.149368302663109631e-01
-2.469136218692221385e-01
1.000000000000000000e+00
4.518275322831570850e-01
-9.030056941488723288e-02
-1.000000000000000000e+00
-5.918965798924957777e-01
-6.873684246505600282e-01
-5.148810967054562315e-01
-3.301300111032169360e-01
4.738756923127102061e-02
-2.287383216145880416e-01
-4.942356282841702253e-01
-2.014461931412198648e-01
-8.343304341920457223e-02
-8.643010772030538247e-01
2.783638001957430830e-02
-5.770680382860170488e-01
3.126688060821359860e-01
7.074141564812470862e-02
1.000000000000000000e+00
-1.000000000000000000e+00
3.963877942478022387e-01
-1.000000000000000000e+00
-2.390426151784669911e-02
-1.000000000000000000e+00
4.115393596330573223e-01
1.823135754972720346e-01
4.380797538220216336e-01
6.044366097204316446e-02
4.665480556230185982e-01
5.201010800415930557e-01
2.941364851881425602e-01
-1.000000000000000000e+00
7.400402906183967122e-02
9.259459618191896446e-01
1.000000000000000000e+00
4.572103308797218491e-01
3.096837061983226391e-01
-4.206194020486303531e-02
-3.421877861185340652e-01
-1.000000000000000000e+00
9.889268829945074835e-02
5.376797101312278393e-01
-5.403334615808337293e-01
1.000000000000000000e+00
2.501688123833734068e-02
-5.137318312165450873e-01
-5.980922224943551191e-01
1.000000000000000000e+00
-2.388846858296670983e-01
-1.000000000000000000e+00
1.194603283693386475e-01
4.720150155837383177e-01
-7.447042219144095476e-01
-8.889455246011342959e-01
-5.388672156375401423e-01
-5.350423620038839978e-01
1.161348267367192100e-01
1.000000000000000000e+00
2.957729670531710209e-01
-5.221831626630474288e-01
-1.651322487358345970e-01
3.825872444443492171e-01
-3.551560858911321228e-01
4.324731678817888003e-01
3.005094518430109773e-01
9.500340764472641197e-01
-7.011580403305256448e-02
4.484043316762158504e-01
-3.025299520018164823e-01
-5.329562498391621217e-01
6.147441742228283434e-01
-6.052044853665440316e-01
-1.056163784978382536e-01
-1.000000000000000000e+00
-3.219515110193637564e-01
1.305836495176515566e-02
-1.946603544672322328e-01
-1.181263852298711781e-01
-1.000000000000000000e+00
9.146725017072921959e-01
3.108662445157084342e-01
7.505205214107238954e-01
4.750240601062142853e-01
5.414750670540423583e-01
1.374401236339737875e-01
9.643988105463585647e-02
-6.078458644723964133e-01
-4.073026392033295418e-01
2.785932861064972510e-01
1.998146328465952859e-01
-1.522247031333852363e-01
1.002143433613676415e-01
-4.447446499740024817e-01
2.645979855773975542e-01
3.453666788572123392e-01
-5.758120311446714990e-01
-1.000000000000000000e+00
2.447997350404953198e-01
-5.553250004972848375e-01
-6.496351483003840466e-01
-3.511704603492335486e-01
-3.380475519348471458e-01
5.442057877500936502e-01
7.700133234742860822e-01
-2.809261512110516890e-02
-4.941189408839790076e-01
-2.639727337213482183e-01
-1.628975444508804216e-01
6.421920322753431609e-01
5.458351090369297776e-01
4.442961687603231846e-01
6.014321224853902415e-01
2.513317739076453838e-02
3.134961313566641400e-02
1.000000000000000000e+00
4.828662367543682943e-01
1.967719828184888442e-03
-3.549920230749939454e-01
-2.445709874526463268e-01
-2.019082585242122641e-02
-1.106609097692520249e-01
-4.879782034016180714e-01
-5.068121991240825963e-01
-3.366078121840636317e-02
-3.975941324685543510e-01
-1.941738224742552144e-01
-4.457905036371034857e-02
-8.444546641579245283e-03
3.997305171848919425e-01
4.994901515645264189e-02
-6.060087868516037535e-01
4.021078289918055271e-01
4.460441800277675228e-01
-4.461384138496647944e-01
1.000000000000000000e+00
-6.116776941603503381e-01
-1.874118120406390586e-01
2.254112303021125197e-01
1.000000000000000000e+00
2.221469666284484057e-02
-6.743422770870555194e-02
4.593419254154309517e-01
-8.529976388706254076e-01
-6.023580283747284048e-01
2.669617810127206115e-01
3.009353500790235003e-02
-1.000000000000000000e+00
1.348226321824245177e-01
-5.959696747685930829e-01
9.522457316217383672e-03
-4.905293303475438682e-01
1.000000000000000000e+00
1.000000000000000000e+00
-1.982786686846269020e-01
2.878223344679584073e-02
5.053961304256369136e-01
-1.367300288813545206e-01
-7.961195433232255703e-02
-1.384036675492741897e-01
-1.907433566051593143e-01
5.235953220564570909e-01
-2.340701366967022357e-01
-4.392892150755333125e-01
-4.071258848961115118e-01
-3.970454942597874681e-01
-2.094377490330081582e-01
4.066032062809609160e-01
-6.484247135442336996e-01
-4.771224847623278809e-02
6.157857197172049712e-01
-1.802366315160099375e-01
4.779555582889798426e-01
-7.247156013101740957e-02
1.000000000000000000e+00
-6.462939822942005419e-01
-9.269442575992432598e-01
4.486291294649460415e-01
1.000000000000000000e+00
6.175454230654457977e-01
-2.937969481032699504e-01
8.145046061447414054e-01
-9.786694771773399304e-02
-3.046247197286264252e-01
2.455721983102027439e-01
4.944913636731797513e-01
-1.984532714272029263e-01
-6.628761451999378718e-01
-1.028943837117115567e-01
-1.000000000000000000e+00
2.520460163323996472e-01
-1.647385370355836445e-02
2.464431723701036858e-01
7.224654219378885689e-02
-4.655002439203725362e-01
-1.000000000000000000e+00
-6.520225762283966553e-01
-5.884104407408992099e-01
-8.061669895029355271e-01
1.000000000000000000e+00
4.354542589559070032e-01
-1.000000000000000000e+00
-1.193219097069096041e-02
7.462189666345272476e-01
2.201151238711782088e-01
-2.298528113009158935e-01
3.137599971238839158e-01
-3.709804648700181229e-01
4.874984599843698030e-01
2.509765970884378916e-01
-2.823662377115486177e-01
-1.000000000000000000e+00
1.730526322678717643e-01
-9.024547807224947427e-03
4.705724513623758543e-01
5.959936549370298264e-02
-3.541630867785158093e-02
-1.186413818705361368e-02
-3.126541707251418445e-01
-4.512544806625953253e-01
-5.383611284715514866e-01
-6.675755958743250229e-01
-1.048492395671771077e-01
8.984563479282980936e-02
-3.583264667386809044e-01
5.754387156055672525e-01
-2.919144783294843615e-01
-3.907994018355386290e-01
-3.689871594433079549e-01
-2.218473246695785717e-01
3.836038673992504533e-01
-3.955283390913261199e-01
7.399922029655375821e-01
-4.760088903322784448e-02
5.141813941413726080e-02
2.747342423283031798e-01
-1.587250963240078860e-01
3.154716366335312827e-01
-1.464585990556807604e-01
3.350974031453095581e-01
6.066173633044313895e-01
-5.646234076072291774e-01
2.829982881347833379e-01
2.663736620884799566e-01
3.405367094271151696e-01
8.199748755496977237e-01
1.000000000000000000e+00
2.225737573360121457e-01
1.000000000000000000e+00
1.000000000000000000e+00
2.324015436937321155e-01
-5.002840787473548101e-01
