-1.788628265036963927e-01
-3.330763151639575259e-01
-1.000000000000000000e+00
6.596752892417939718e-02
1.000000000000000000e+00
1.100809482543293749e-01
-6.425145088883996713e-01
4.903391680590794000e-01
6.025268373901639940e-01
-1.000000000000000000e+00
3.226667737955168924e-02
-5.948411768255628118e-01
5.091910887925604756e-01
5.759646703474252671e-02
1.000000000000000000e+00
4.079944449970637210e-01
6.501161234585562942e-01
-1.518457833747365315e-01
4.839787279982205037e-01
-8.299218046035578000e-02
3.348554204452666161e-01
-3.699066250007682077e-02
3.609360005932797932e-01
5.647198842670838603e-01
9.244932960569438030e-02
1.321279843134188711e-02
6.255771193879378078e-03
-1.034392204699920714e-01
-6.111647025892581464e-01
7.192425670880904232e-01
5.411624567881261338e-01
2.333414287172142498e-01
-6.437536036695686859e-01
1.632362547065806246e-01
3.043226271568691965e-01
1.000000000000000000e+00
7.442801491767599975e-01
4.074455105830502299e-01
3.804657501158777988e-01
-6.848612618713164624e-01
4.149031927321707447e-01
-3.985456170806230269e-01
-1.543276821114901720e-01
-3.593773305785318839e-01
3.949374359139466995e-01
-1.000000000000000000e+00
1.670134389289562038e-01
-5.742817859982655149e-01
3.552623697526289259e-01
4.166950479272631958e-01
-5.698397097458889338e-01
-3.209773593445333639e-02
1.936701918711627723e-01
-8.803845607299096709e-01
3.873859748665932634e-01
4.307345634465518103e-01
6.902435916101598012e-01
5.172329879709262196e-02
-1.000000000000000000e+00
2.326288507650947079e-01
1.000000000000000000e+00
3.079305602635550032e-02
-5.084595699661306201e-01
5.745038840997856999e-02
5.127559877133566757e-02
-7.302288473882272424e-01
1.326096533998841198e-01
1.000000000000000000e+00
4.032433742212598315e-01
3.765419701966110089e-01
6.001485421357570793e-01
3.008095666839433191e-01
-2.457662775146064391e-02
-7.115588371445636939e-01
4.581773300260872928e-01
8.142039939512494273e-01
3.164243982451563908e-01
2.228563887621633488e-01
-1.398675282735104275e-01
-5.475948827620245041e-01
-1.560824430169070465e-01
8.955093788518573295e-01
2.522238340477750418e-01
3.559646021767733370e-01
-8.535978770436664087e-02
6.393544802767991975e-02
-4.536382753818030689e-01
-9.740115056552407502e-01
-1.000000000000000000e+00
-1.916790060880532165e-01
3.156758694066868487e-01
3.082010554031918703e-01
-1.215503530614581162e-01
1.054300990308571634e-01
6.569644297452388315e-01
-3.499364095108851158e-01
3.884380334841544546e-02
5.691833169954739757e-01
-1.787027323490288921e-01
1.733123547472223969e-01
2.091075233614499151e-02
-2.068926561498182215e-01
-4.279893036601222778e-01
-3.743492982869724983e-01
4.140229452218385786e-01
-1.000000000000000000e+00
8.873315388913315116e-02
3.132590524967983070e-01
-6.928436455737481126e-01
1.000000000000000000e+00
-1.000000000000000000e+00
1.854674363937057202e-01
-3.026932651814139286e-01
-1.554180819759753140e-01
-2.666563205887981236e-02
3.214382545233621657e-01
-3.229460356198047416e-02
4.846652836318787738e-01
4.989876624674134398e-01
2.937611460833481347e-01
-3.125158220387562746e-01
-1.000000000000000000e+00
-1.789445370219413245e-01
-2.054921079366950898e-01
1.959628508881555708e-01
-4.079110161482281394e-02
-7.976182931657034292e-01
1.000000000000000000e+00
-4.583761947557686289e-01
-2.611506195389766416e-02
5.349376157758223282e-01
-6.513214501858992644e-01
6.356989556538912289e-01
-1.934467248171951870e-02
6.491606845156996930e-02
3.691221060457773318e-01
1.544436555965766344e-01
-1.269569858629642500e-01
-2.059351176673354933e-01
7.919134989156915994e-02
3.859595393805227981e-01
-3.707123460440405749e-01
3.294016511974894312e-01
1.929494583488325365e-02
4.730114003820455326e-01
-8.413976164788637691e-02
-3.396488637840707203e-01
3.430667386965158272e-01
-2.789343741744259447e-02
-7.068685028463241871e-01
-3.698461484828608481e-01
-8.212113370582586613e-01
1.000000000000000000e+00
-3.259927319998823236e-02
-3.407647460752104007e-01
6.305651892078335541e-01
3.130474382322745441e-01
7.557679433783742740e-03
-1.398010272024685918e-01
6.375794738122743111e-01
1.000000000000000000e+00
-5.959198246059795867e-01
-5.854296594050041325e-01
3.194623449696277762e-01
5.135554953458096872e-01
2.114268316965926264e-01
2.418186250642174739e-01
1.000000000000000000e+00
-7.319899020906672771e-01
-6.902118249785077486e-01
4.512942898347208631e-01
2.284618391548962624e-01
-3.983703374435627609e-01
1.000000000000000000e+00
-1.000000000000000000e+00
-2.018592824340523229e-01
3.745419249623330171e-01
-4.057811269641566909e-01
5.117856950283644624e-01
7.370821403813740957e-01
-6.556077935450647098e-01
3.311811717284085521e-01
2.151349777871991720e-01
2.249072842110164672e-01
-2.643121294277014366e-01
6.276850090817925887e-01
4.288972243660579831e-03
5.376365701406477654e-02
-3.082749467320342607e-01
-1.402432586770028244e-01
-7.321799002094114828e-02
8.083487408440795385e-02
8.207052028692274348e-01
-4.037012313367496774e-02
9.539430199925114096e-01
-1.959102907795842174e-01
1.000000000000000000e+00
7.731016886784687625e-02
-2.824449925973782083e-01
9.950040465386031374e-02
3.528812249447259575e-01
4.448699347971994955e-01
-3.672199070046711089e-02
-3.162276325686420031e-01
9.050952267564597864e-02
-6.159448032158589825e-01
2.141408109178488672e-01
-3.331583754764511074e-02
-1.752601547872089383e-01
5.911466499839117539e-01
-6.860771919199266933e-03
-3.918729180903752773e-01
4.019776895474554412e-01
1.158081010642654229e-01
-5.507039092220566978e-02
3.132116950785995280e-01
6.573977334559756580e-02
4.733718776161869868e-01
9.365843015496150281e-01
-3.955747885964353006e-01
3.892332861072805295e-01
-8.662558668898355796e-01
-1.000000000000000000e+00
5.736352834186285721e-01
8.374535791022963416e-02
-1.446886076710873770e-02
7.748909900095790615e-01
5.304284016315373718e-01
6.521689567669411991e-01
-4.152373835389093770e-01
-2.125554617361503640e-01
-7.279231736927312957e-01
2.539199677602634320e-01
2.029530713323436375e-01
-2.328732313778927310e-01
2.766996115159356950e-01
1.006520579376272567e-01
-6.669047605097166986e-02
8.954845072153474472e-01
1.999934211221335856e-01
2.425633116061364225e-01
1.468656045651079989e-01
8.640548108891170642e-01
-8.483822274568503241e-01
4.310962653847579817e-01
-3.662562743050051806e-02
-5.588123203091452940e-01
-3.815990064945727345e-01
4.750948098858366331e-01
-7.787633617691309684e-01
-4.303157120763667631e-01
-6.275982916057017968e-01
4.223313047411711985e-01
-4.753750815469793833e-01
-7.726817916262096464e-01
5.638042466183692536e-01
1.000000000000000000e+00
-3.028199771308434096e-01
4.589117440197050812e-01
-5.177339424756135511e-01
-7.832883776970267498e-01
1.000000000000000000e+00
6.762136897602766261e-01
1.000000000000000000e+00
-2.038933175840288714e-01
