6.281644438672381869e-02
3.816410719628130499e-01
1.000000000000000000e+00
1.557908310949015773e-01
-5.691474966211946818e-01
-2.412929398567827122e-01
-4.699237061399329507e-01
3.738471891834077021e-01
1.365645346816167227e-01
-9.842473149410788658e-01
4.942674877839027259e-01
1.608985314386657262e-01
1.699526561458326313e-01
1.562101623283897456e-01
6.816737222462762591e-02
-6.557818822615438803e-01
-9.474531951938733876e-01
2.283395349604271096e-02
-4.990220064440799019e-01
-3.747843175547532213e-01
-1.324872857090466094e-01
-1.000000000000000000e+00
4.631079296777343979e-01
7.806624157142202369e-01
-2.903939918534652609e-01
-7.288061330041040176e-01
1.646327223012409857e-01
-4.063789683429827049e-01
-4.168722757895216846e-01
4.590084253431113703e-01
3.536613718024732012e-01
-4.452371879020236567e-01
3.114659672662965506e-01
-4.340592980517812838e-02
2.580007682555578441e-01
4.135034964473323638e-01
3.080214840606882443e-01
-6.001079337960511795e-02
2.334608313970863991e-01
-1.513356629319380642e-01
2.207510194168608997e-01
-2.475235405227540764e-01
1.998808457166209307e-01
3.004782034777901956e-01
-1.000000000000000000e+00
-3.923964527428410731e-01
3.887772725133575857e-02
2.929433745827165203e-01
-1.307090266787266364e-01
2.300543015917881073e-01
-2.567291308546908457e-01
-1.501950557630009897e-01
3.063986284228765733e-01
1.458652232097036316e-01
-3.295445933254263493e-01
2.614852357903361679e-01
-5.420504650584117012e-01
-1.959483633776656353e-01
2.616848379241256128e-01
-8.668638063655328962e-02
-2.878182797946039484e-01
7.580814974921737392e-02
4.857284457059365401e-01
-1.550379234414960838e-01
4.332528103058272406e-02
5.369410362582631713e-01
1.799468179786198330e-03
-2.077287064335264777e-02
4.765543565924845737e-03
-2.371400594357954139e-01
-7.243341883855080043e-01
3.997496244257330855e-01
-3.639066732683942096e-01
-6.679715018330005805e-01
4.609258435881071758e-01
1.548977058658908001e-01
7.743689390972213760e-02
-7.163398994281697796e-01
-5.805337603843802041e-01
3.273726068057366545e-01
3.449126907115107610e-01
2.379620371688473957e-01
-7.455713311808501720e-01
-1.419957998122023946e-01
2.941138061383150593e-01
6.470127358650626381e-02
2.512453092258055687e-01
4.740215160197982502e-01
-8.949838978651579735e-01
-1.000000000000000000e+00
-1.034828221813704208e-01
4.965733250288534295e-01
-2.584462829105913517e-01
1.000000000000000000e+00
-1.000000000000000000e+00
2.011627466828182775e-01
5.345083481761725430e-01
1.000000000000000000e+00
1.000000000000000000e+00
3.206437054181938695e-01
7.637206744434172911e-01
1.000000000000000000e+00
3.405488602854130908e-01
-5.782713009862445741e-01
-5.194829619976670115e-02
1.976260270109475026e-01
-2.525555513832134641e-02
3.236839936573561172e-01
-3.188123296181953892e-01
1.185227843528069841e-01
7.176655637780484653e-01
6.721663814033704831e-01
6.489254201478509287e-01
5.294095142186147074e-01
2.432659762218740973e-01
1.145444375963784178e-01
-1.942732654362816780e-01
-4.852829440585043619e-03
-3.132399910967839096e-01
4.002136157152272333e-02
1.267563314712488731e-02
-1.671688772326979655e-01
-5.599132647139670738e-01
7.561351948938582757e-01
-6.202297672086996005e-01
1.640015226793355707e-01
-4.508716563581985359e-01
2.020961603063280432e-01
-9.283406897072993269e-02
4.129725440922948909e-01
-2.841754178650454654e-01
-3.841433116861997510e-01
-6.274948737819323608e-01
1.404930233878652901e-01
1.373936843754301751e-01
7.402167838293029212e-02
-4.361473648517105728e-01
8.093576784067926799e-02
2.211758670212730926e-01
-2.416143828999444687e-01
5.436577474328399551e-02
-2.530571945446364879e-01
-3.955796907927378037e-01
1.425335763978934078e-02
2.933095217259830134e-01
5.783730771720292374e-01
4.281083151520148622e-03
-7.275107627057263437e-01
3.706368652947108489e-01
4.024311199185550691e-01
2.284905602499733845e-01
-1.824050229444914017e-01
-1.466807668322483993e-01
-4.412080966008631866e-01
-9.477419523325469886e-02
-2.242912259597869551e-01
-2.708559296989379028e-01
-9.941478847440037014e-02
-5.305171123246843479e-01
2.664133619012367671e-01
3.864675113846872678e-01
-3.139194786106608293e-02
7.439130790263528969e-02
3.769802424286944342e-01
-1.124402277780488929e-02
1.543604523749527446e-01
5.675124096505707039e-02
-2.857322900504092322e-01
2.964738909458295435e-01
-5.583206630570891615e-01
-1.000000000000000000e+00
6.042283386445409521e-01
2.576225313473510803e-01
6.258021942445972652e-01
1.073330887138547463e-01
1.119528818364930595e-01
-9.388998054252920555e-01
-3.841300375607902828e-01
2.913619112670238209e-01
-2.571532198516267020e-01
-8.764390620322327630e-01
-1.163125530486794346e-01
-6.095092245394648778e-01
-7.355539130690389449e-01
-1.000000000000000000e+00
-4.056426647577892064e-01
-3.459834018749142759e-01
-6.781613936638049012e-01
2.867588454397717590e-01
3.791110142713299824e-02
-2.284326875890966280e-01
-1.632431463991199094e-01
-4.393090771260199645e-01
-1.045253712900496013e-01
5.748899128545155168e-01
1.000000000000000000e+00
1.197212575092004155e-02
-9.171530119418809246e-01
-2.250512091592729025e-01
-4.071447795788846191e-01
3.482654241130271888e-01
1.000000000000000000e+00
-1.000000000000000000e+00
-7.660071107051921180e-01
-1.345906205185928850e-01
-8.060358644628642932e-02
8.425105327780661735e-02
3.826088181567356972e-01
-5.559465991166310239e-01
2.785701087622465821e-01
2.468913752485786539e-01
-1.863899599051079825e-01
4.135151036236290323e-01
7.341456735648403953e-01
-4.896199281576393281e-01
1.695070084987813641e-01
5.553983596357711106e-01
-7.288136008067722660e-01
1.607357566195821152e-01
-6.865156182552933917e-01
8.481472696102196340e-02
1.703092489424660461e-01
2.694065348604819388e-01
2.331115177642836822e-01
-1.517417935659934602e-01
4.583188609484420972e-01
3.268541292971205992e-01
3.281544002293094731e-01
5.958816713615439076e-01
1.709755554952734069e-01
-6.082010953045907664e-01
-2.173058263389589240e-01
-1.201654005759519722e-01
-2.106454111023631504e-01
-1.450887229755434271e-01
-3.551918794590811501e-01
-4.481240830087079852e-01
5.246956349269588094e-02
2.634820912263146075e-01
-3.283507344143603290e-02
-9.853385274321564413e-01
-1.000000000000000000e+00
4.958279990476164856e-01
-5.386488013832233523e-01
-1.000000000000000000e+00
-5.510243790374697026e-01
-2.011178600353909496e-01
1.073074812180201260e-01
7.559326815246620868e-01
-9.720015679213396542e-02
-2.337742981106048223e-01
-3.191523337237597291e-01
4.485642897013845110e-01
-2.898892138932604445e-02
-1.000000000000000000e+00
-2.593117685792710736e-01
1.000000000000000000e+00
-6.467655977569599646e-01
-5.981193783871172065e-03
9.523738698994865803e-03
-1.000000000000000000e+00
-4.413460843012139700e-01
1.000000000000000000e+00
-1.157458677488175519e-01
2.401481909893573297e-01
