-1.000000000000000000e+00
1.000000000000000000e+00
1.408918743423472064e-02
-2.294021136295052998e-01
5.858347818993672046e-02
1.000000000000000000e+00
-1.542031807153004808e-01
-1.082625298373430800e-01
4.003615614072156270e-01
-4.533030169180773394e-01
-5.752641991336404637e-01
-9.957168642417200954e-02
-1.000000000000000000e+00
-3.382456809458632419e-02
-8.741128185994655186e-02
-3.676146179979549178e-01
3.892067603063316117e-01
7.813948821315455651e-02
-1.000000000000000000e+00
-2.419367247515474550e-01
-8.573641752487558276e-02
-1.770053264812758431e-01
-1.858557536975915525e-01
2.904936026028304696e-01
-6.978631511529322928e-01
8.455003952370701015e-01
-3.168711166402374269e-01
-1.000000000000000000e+00
2.665697184070884851e-01
-8.527099326363074550e-01
-8.367273674932881322e-01
6.364370397098047250e-02
7.384225313205727836e-01
5.678135604665320857e-01
-2.848066290338732154e-01
6.163163849605734351e-02
-4.628160068946968742e-01
-2.330219778656888313e-02
-2.864458576868089135e-01
6.042154418525810256e-01
5.301724000956131722e-01
1.000000000000000000e+00
1.880161841433444780e-02
-5.263936060221601210e-01
-5.832025594276488145e-02
1.225054149773046053e-01
3.709713597119445039e-01
-2.062725272147704625e-01
1.287611401269174727e-01
-3.896585742563414834e-01
6.722518625983471274e-01
3.329100886019256689e-02
1.285273425719233864e-01
3.798044392779160172e-01
-1.638949681889895205e-01
-6.934695427756610853e-01
1.538957772017507108e-01
1.528284067571482607e-01
-5.844892113718554993e-01
-4.018222263155117879e-01
3.913054946193177119e-02
8.293347527854491585e-02
8.568038847005059466e-01
7.385511099566613447e-02
-1.877098295538861539e-01
1.075204031564303553e-01
6.164032524959338621e-01
-3.452012281270876448e-01
-3.635364530701842289e-01
5.487674973281408963e-01
-8.054378340830214977e-02
4.695762163298123348e-01
-3.211857540257181953e-01
5.697318199779602965e-01
3.640955757395116787e-01
-1.000000000000000000e+00
1.861738222729798775e-01
2.492081893722708219e-01
2.122725097403903305e-02
1.000000000000000000e+00
6.076486630022455149e-01
-3.596135921095663934e-01
-4.160772653558972856e-01
-1.000000000000000000e+00
2.685850049546142926e-01
-9.370728660415535149e-02
4.543361524280922770e-02
-1.425892191515811258e-01
-4.596242781703777647e-01
-1.960449978907860547e-02
1.275809098853352697e-01
2.374564045273481194e-01
5.096855806877749195e-01
1.000000000000000000e+00
5.883266684649738343e-01
4.635489318384181656e-01
-3.330995599987678357e-01
-1.000000000000000000e+00
-1.789987573653291086e-01
1.663265636294894434e-01
5.759393167190429708e-01
-7.055449413331447983e-02
-1.000000000000000000e+00
-1.000000000000000000e+00
5.944843040069647255e-04
-5.335132608860082559e-01
-7.520646786860767374e-01
-7.142740013506606589e-01
-2.721940150020604743e-01
6.266360950102223271e-02
3.190814484617942037e-01
7.291330464525619393e-01
8.108215834644425524e-01
-1.188498171436814382e-01
1.171437046419018246e-01
3.158017215371466957e-02
5.290728303177499869e-01
-1.225302496545797037e-01
-2.313697364647684662e-01
-1.000000000000000000e+00
-2.297164106901763148e-01
2.181452957022994577e-01
-2.720870134314416489e-01
-7.845464748139759081e-02
2.262460087325295910e-01
-8.579486796770305346e-02
-1.000000000000000000e+00
1.892628252140806933e-01
-2.467587117542527353e-02
5.754794719908414846e-01
2.769980173128590573e-01
6.246524262782586767e-01
9.977545876685720017e-02
2.842977122600107709e-01
5.015507605399378149e-02
-6.492736016458242054e-02
1.529228513595449757e-01
-2.680054490837077141e-01
-8.342939713173359861e-02
-1.720141179942583365e-01
1.156551439775156120e-01
8.183248963903395623e-01
8.928477660091684864e-01
2.702037410314669930e-01
2.393357552346733752e-01
-9.930228162327706665e-01
-1.073812420660950617e-01
4.085767713621298869e-01
2.040110636389555754e-01
-2.166467254226095984e-01
5.172716242586573587e-01
-3.190996133724258166e-01
-2.637713179478737291e-01
-3.424073129903829060e-02
1.588558520755530001e-01
1.430271655030963540e-01
5.382251185893606182e-01
-4.375561110568115253e-01
-6.931337058518242944e-02
5.865613112045680033e-01
-1.667059101718056657e-01
-3.893694123185134637e-02
-1.566877588586778614e-01
-5.446842676530749827e-01
-7.597162399534018729e-01
5.245379016179402276e-01
-4.912470337051191849e-01
7.256160882197013606e-01
1.000000000000000000e+00
3.095823981309577810e-01
-5.361942088443094612e-01
-1.000000000000000000e+00
2.085715406523299675e-01
7.657775720587661761e-02
6.756467203807650646e-02
-5.094028517972377657e-01
1.000000000000000000e+00
4.139420783626879263e-02
4.997694863534921095e-03
-4.641066437330940708e-01
-9.641423425946753500e-01
-4.107218599446949003e-01
1.677661172381723631e-01
2.286171247799920481e-01
-3.611538112367866926e-01
2.567261420571718689e-01
-7.698845302594616857e-01
-1.363586875030758372e-01
-9.776725084638260288e-02
1.000000000000000000e+00
6.857092661956411261e-02
4.711961088603278669e-01
-4.603645556354817314e-01
-3.252002359198212789e-01
-3.312549324059274602e-01
-3.346991923255538542e-02
-8.476538323950488785e-01
-2.113621628633789440e-01
-1.205969101673825400e-01
2.850178901978319690e-01
1.000000000000000000e+00
-9.362467705306987131e-02
-6.157267535765560407e-01
1.000000000000000000e+00
-7.851385693231274776e-02
-1.504594327836100698e-01
-3.092778897330769605e-02
2.062249484100546204e-01
3.050706620068854291e-01
-1.658591290159243670e-01
-3.998655699441625577e-01
-3.622975685215818475e-01
9.139311798717528745e-01
-3.294705365191942792e-01
1.790347461774401960e-01
-1.132079331111222470e-01
-1.681119810022888572e-01
-6.785719391570466108e-04
6.056711049453535889e-01
-4.113535331119070881e-01
-5.040690669950994574e-01
3.309649893153597255e-01
4.669028604919123193e-01
-5.600464281650924248e-01
-1.000000000000000000e+00
-2.675355317352076101e-01
-3.470559653787330112e-01
5.051797244175866286e-01
2.826786757856976362e-02
1.793158236086587753e-01
3.081691056701696962e-01
-3.701417938113134576e-01
4.147632038489036943e-01
1.632963909526693180e-01
1.760808700113417058e-01
-6.414596998598197652e-01
1.589904123636074265e-02
-2.927610224144312490e-01
1.051214602865801206e-01
-2.552500577486728761e-01
-6.555400846518976143e-01
3.345632178144902769e-01
3.770030885635078932e-01
2.133313824167070716e-01
-4.010969297059323035e-01
-8.584202438853684169e-01
-2.323413663441017407e-01
2.795370404334190928e-01
-3.068216416548019687e-02
-3.105446803008654055e-01
-4.701551237149322882e-01
5.841943440282618694e-01
-5.054056628029139908e-01
6.638513483830730255e-01
-9.656357073166510485e-01
-8.415285793424168714e-01
2.893963671869057563e-01
-9.669869118299480315e-02
6.840519650986236211e-02
-1.915214973062186188e-01
-9.290850877325947943e-01
-5.701759059567920729e-03
2.160753350578988596e-01
6.553456046283180347e-01
-5.775584909045153870e-01
