6.188654917701155722e-02
1.000000000000000000e+00
-4.497757833009618511e-01
-3.545642156582411442e-01
2.149931824667934976e-01
-7.027807174342141083e-01
-1.037955455855199272e-01
-5.644881918805541021e-01
-3.624191077331814781e-01
-3.455910509850669832e-01
-2.058021499410090938e-01
-3.277940531893588361e-01
-3.206043315785095382e-01
-9.148718961483731649e-02
-2.126572218434658046e-02
5.484927902340345218e-01
-7.284382288654448478e-01
1.000000000000000000e+00
3.764470142923831975e-01
1.301221921294821171e-01
-7.738479450591322084e-02
-7.090341268475242043e-03
-6.981718910097739483e-02
-1.949665918521725771e-01
-1.643141966298116985e-01
-2.240221309457003651e-02
-6.317909346079170207e-01
3.330296667637934194e-01
-1.210302998831578603e-01
-2.864509214581688057e-01
-1.000000000000000000e+00
-9.978754344562323908e-02
-4.144937545340994234e-01
1.813111424535845673e-01
1.000000000000000000e+00
-2.106993435997591702e-01
-1.265850019724023001e-01
-2.164770225715326527e-03
-1.633068130013380082e-01
4.016032951121646932e-01
5.521206929903421656e-01
3.036662182958698164e-01
5.697397384494202743e-01
-1.220857514017483214e-01
-5.423811364537750590e-02
-1.570609499643977891e-01
-7.505599776592078998e-01
-3.416215132832761125e-01
2.101611273959820836e-01
1.276934786778921305e-01
-6.515530630665895551e-01
3.677595468255415168e-01
2.704183525002507582e-01
4.429076249707077917e-01
-9.539104201270406924e-02
-1.989875654383067294e-01
6.658951870776936843e-01
1.000000000000000000e+00
7.544605780859369171e-01
1.964329505401692377e-01
3.912365604870148839e-01
1.000000000000000000e+00
-3.868021594676313013e-02
2.647362703717029420e-02
-8.353008401392990334e-03
8.480520006684325041e-02
-8.481902686612314834e-01
-1.534946015444768608e-01
-8.104060830408776200e-04
-1.000000000000000000e+00
-1.148484592903951940e-02
6.601198500446052442e-02
-4.390276837756272310e-01
-1.402229557490130563e-01
-3.194536432301651185e-01
3.257173137064658941e-01
2.337102744790570119e-01
7.374365413822719928e-03
-3.128163125591804095e-03
5.409008951333285076e-01
-7.269463049727260540e-01
-2.731233513051992690e-01
-2.384988462362312434e-01
-4.127694643117119644e-01
3.118298836845626032e-03
1.420140284012915977e-01
1.106057437833940782e-01
6.798002896036176024e-01
-5.214809242089299968e-01
-3.569126593413359805e-01
-2.333601343695755337e-01
-2.532309631685434326e-01
2.998233694393091509e-01
1.878836058134968900e-01
-1.000000000000000000e+00
2.028127439476903882e-01
2.146569504093138736e-01
3.944561310821465688e-02
4.215937977080480570e-01
-9.810949377295682949e-02
1.243185220776481248e-03
-2.744111764576975809e-01
9.900533971004249478e-01
-2.438645503932074243e-01
-8.829015249373121099e-01
-5.255819362349830604e-01
8.078013932270999842e-01
1.401976047758140553e-01
-7.238346074582595602e-01
-5.642518239899146915e-01
2.466919807203267756e-01
6.238909528199039489e-02
9.895617412376719879e-02
1.844918882454604780e-01
1.061872962677623267e-01
-3.833133474539076047e-01
-1.571633511634452640e-01
3.092858729526292705e-01
4.139842906006874212e-01
4.594604919892487233e-02
2.840445809079743256e-02
-3.077677204596693250e-02
5.226024724275279976e-02
5.366543723471185467e-01
4.508167843962466170e-01
3.789476593021320894e-01
-6.565839162027788944e-01
1.121715679395860338e-01
-6.972286960654422439e-01
2.796101923802151168e-01
2.889054923375511397e-02
1.000000000000000000e+00
3.306043010123620868e-02
-5.552698663809284285e-02
9.047852508755813150e-02
2.354022669138882418e-01
3.054780183677883176e-01
-2.525600456387464554e-01
-5.123369956413541537e-01
-8.396047785483234938e-02
3.024865155212558832e-01
1.000000000000000000e+00
2.711486766610883281e-01
9.246543110062732662e-04
6.757337402180548791e-01
-6.718138330219858290e-01
-3.926549013270534960e-01
1.622067806886231256e-01
-1.024063407156619032e-01
-9.379118805660113800e-03
1.947323436490411286e-02
3.242280365689585997e-01
3.097750711187979844e-02
3.749071836803638536e-01
1.109951765376060301e-01
1.954792088115114568e-01
2.793695797507814715e-01
3.892676902084353796e-01
-1.069469714976856514e-02
-4.312105570358129580e-01
-3.084029345499265939e-02
1.072392101494472894e-01
-3.227892689988016151e-01
-3.046439171373213073e-01
-4.685237974545425899e-01
5.866293521526170229e-01
5.366322091600783661e-02
-8.104253717397244539e-02
2.122554425868993649e-02
1.548682086109955669e-01
-5.258570322727701418e-01
6.137261380211902484e-01
7.774246660322492453e-02
6.189155221350034486e-01
2.145179840935035054e-01
2.042912205182776386e-01
1.809736353222990146e-01
-2.453639676703927852e-01
2.486557635978803305e-01
-4.507354162894523508e-01
-4.134290592423097710e-01
-1.778778580576345358e-01
6.321140292360482027e-01
2.617419409614543668e-01
-3.886509125376511053e-02
1.732140354380291153e-02
-5.300765710960823052e-01
1.000000000000000000e+00
5.083640362021488723e-01
-1.000000000000000000e+00
-3.613916467247973996e-01
2.101608401340346877e-01
1.520139550005965012e-01
1.460551510758648086e-02
-1.523578110754490456e-01
1.688652441010690675e-01
2.759971227490397028e-01
-1.000000000000000000e+00
-1.681019851933396037e-01
1.002806499610950225e-01
2.312364566256523979e-01
-3.277085243230522527e-01
1.643485978672274972e-01
5.000286893228416130e-01
-3.777725434886793354e-01
-1.000000000000000000e+00
-1.313072632856345512e-01
-2.378132536788888085e-01
2.819047366716023184e-01
-3.630337277245826444e-01
-8.631183238503802313e-01
-4.456912497826259756e-01
9.074574613828028102e-01
1.000000000000000000e+00
-5.526307658724984861e-01
1.000000000000000000e+00
-1.459141952183115598e-02
1.922151596954866926e-01
-1.000000000000000000e+00
-5.462215636185571155e-01
-1.855785491826454359e-01
1.173135764611245857e-01
5.044884229142909682e-02
-3.233773368684619842e-02
-4.242428196973158094e-01
-4.813478580827553754e-01
-1.929489019817509088e-01
-3.189464861646190696e-01
7.766309332523978204e-02
-6.571348286696835350e-01
-3.150891600072638910e-02
-7.309777461580054814e-01
3.372910383171472959e-01
5.990607466610851084e-01
-6.057221010364864933e-01
-1.000000000000000000e+00
-6.387645276664783989e-01
8.655044850364936870e-01
-1.000000000000000000e+00
-5.436149814582671436e-01
5.508331206815433312e-01
-2.806727538166703950e-01
1.867605206102371240e-01
-1.755413132800354159e-02
-7.199238906823154371e-01
-2.735360490383238474e-01
-2.103406425589497974e-01
-1.978345050037434716e-02
-4.265540648651000022e-01
-1.762113290928996046e-02
5.119176523303539672e-02
-5.142241076680238443e-01
-1.000000000000000000e+00
-3.045709088588094415e-01
-4.327960457370928493e-01
-1.000000000000000000e+00
9.445175682445712262e-01
-3.239386427648153211e-01
-1.426388522013143367e-01
-8.433458079094471316e-01
-3.193064638629563440e-02
2.309129461512026416e-01
6.731992408569447139e-01
2.953046114061584348e-01
5.475890018500224610e-01
