-4.405016308838209937e-01
-1.692040564802032021e-01
2.466430873359677922e-01
-6.763697728228341699e-01
5.734394375000481103e-01
7.143711252461782957e-01
4.501619040267852978e-01
9.727237645095365703e-02
5.914668401837503975e-01
1.550832312117303782e-02
2.721554641546938269e-01
3.186322654592059767e-01
6.855596662851166645e-01
-2.137926884575754860e-01
3.092871909375380923e-01
-1.112208165979856056e-01
8.668545008551820086e-01
9.814250703778510942e-01
1.843828383366701296e-01
-8.283091431015949802e-01
-1.000000000000000000e+00
5.512393441387054560e-01
-3.477587914341251918e-01
-7.522407590620194817e-02
4.721845110433202097e-01
-4.663755150865322302e-02
4.107604728390420457e-01
8.424743939120715730e-01
9.617414204341714346e-01
-5.002683961908322985e-01
-2.867925374244104653e-01
3.363405557942066859e-01
1.714601985131420370e-01
2.420466200105509669e-01
2.868912944054165526e-01
3.895636372396707459e-02
-2.474614237251042681e-01
-2.611473640923001605e-01
-1.710822990450223402e-01
1.995445287177566307e-01
1.044813792212257592e-01
-5.893077165936148193e-02
-3.321985659241579736e-01
2.266834570663937287e-01
1.000000000000000000e+00
-5.633349125721285322e-01
4.863324869944367634e-01
7.802972269364560898e-02
-5.755866960469643301e-01
7.954209488026904307e-01
-1.141072061301059426e-01
4.154406122808777801e-02
-3.447108528246316528e-01
3.801815893070012997e-01
2.513590247439700387e-01
2.889469784767632055e-01
1.423484275476366578e-01
-3.011104466351646747e-02
8.647042949865255679e-01
-1.000000000000000000e+00
-2.436482598340009020e-01
1.833298967255261036e-01
-4.849912255820859608e-01
-5.747933552640271948e-02
2.151732225591015957e-02
5.971265300091497252e-01
-4.421070033890955875e-01
1.521428194744460227e-01
-4.201840757400626680e-01
1.098672718846730595e-01
-2.787472333465956797e-02
-2.633806605215006647e-01
4.018937943908829080e-02
-2.601244431913154465e-01
2.663504789268257289e-01
-2.574195846261432830e-01
1.000000000000000000e+00
1.918966356580507071e-01
-5.897260286115817429e-01
4.688135225962846153e-01
4.672196327221493362e-01
5.186112947327201628e-01
-1.000000000000000000e+00
7.502646560976549139e-01
2.951627086493793795e-01
3.696987488581578440e-01
5.733567727564760075e-01
6.502728376300685731e-02
-2.976781785221831178e-02
2.482182187156083686e-01
-3.397448605862122273e-01
-9.036163322456017277e-02
-4.822421874886486659e-01
-5.424820388695598128e-01
-1.554607299078841487e-01
3.482928881290124901e-01
-1.270866312941312248e-01
-7.353378017255778054e-02
7.255531031372290940e-01
-2.111386679036783565e-02
6.998396763389153064e-01
2.966615409694618455e-01
-4.414427019227814553e-01
-4.717759330545756580e-01
5.968179786732864534e-01
-3.576423961816915797e-01
-4.369325190634598122e-01
-3.780512629724578355e-01
-1.000000000000000000e+00
5.352367149991952289e-01
4.075397853350555266e-01
2.566208241321533690e-01
4.364009983750177790e-02
-1.000000000000000000e+00
-3.205685890757515866e-01
-8.388692275923420594e-01
-1.404950075359165662e-01
-4.806542496825151334e-01
-2.424188833583836855e-01
3.984244059723806575e-01
2.808575909336909482e-01
-5.962728484301238474e-02
9.947414420979186489e-02
5.129710609737818394e-02
-1.000000000000000000e+00
5.425317734027386429e-02
3.282478729515466709e-01
3.091064310268929263e-02
3.803195419770096786e-01
-1.000000000000000000e+00
2.550294438150054188e-01
-1.019578143895925187e-01
3.565266016595436405e-01
2.253893143641355346e-01
3.312702453516243040e-01
-4.922687423716770594e-01
2.983752308566170464e-02
-7.339055169716631744e-01
1.633260663853551564e-02
-2.197075265989461290e-01
-5.644541856320884898e-01
2.779775749976547417e-01
1.703541395958266813e-01
4.284737942551099521e-01
-1.331247805504062187e-01
-6.265970621228185156e-01
-1.658710265796315975e-01
-9.856582760857893200e-02
3.069604090639819205e-01
-1.000000000000000000e+00
-7.543264733403655109e-01
2.020641432716610564e-02
7.892175897576252097e-02
1.000000000000000000e+00
-5.755966571128098286e-01
-3.555181796781464176e-01
1.493186620314689850e-01
3.762064510750784407e-01
1.993827865238526065e-01
2.965231990551176616e-02
-3.417711652919333543e-01
-2.015571937886325160e-01
-5.857619352823683484e-02
-5.250188551530114989e-01
-2.007537817020377535e-01
-2.729463815094285706e-01
-4.806589560144344242e-01
9.623234032522634540e-02
-3.254030046103026375e-01
5.979913599430405347e-01
4.811791749621241454e-01
1.000000000000000000e+00
-6.637082667986189677e-02
2.053921255080431996e-01
-2.792553843321470275e-01
3.124709069767024894e-01
2.716522491591809585e-01
1.000000000000000000e+00
-1.000000000000000000e+00
5.503564037645516382e-01
5.325280020848084661e-02
-2.357267507084918057e-01
3.059689936527363319e-01
-3.645424252591987768e-01
-5.310048905321016616e-02
3.046902806546675779e-01
5.881635746416198351e-01
4.386493801324258257e-01
7.499853599278599736e-01
1.912818309274951778e-01
-1.000000000000000000e+00
-1.000000000000000000e+00
-3.476119274747421772e-01
7.429417328078995186e-02
5.663749960437171049e-01
6.184964825503186381e-01
2.455720867479481706e-01
-4.562594749755290169e-02
-2.819877625658750997e-01
-4.768071952003266056e-01
-8.137002227690779410e-01
4.302958312869112900e-01
4.575376222953293492e-01
6.069491320220797570e-02
-4.478810306843552386e-02
-1.000000000000000000e+00
-1.777856842515941893e-01
-1.395625553279599695e-01
-2.098092182745184830e-01
-1.046138071274196890e-02
-1.000000000000000000e+00
-8.243421779131995253e-01
3.567963154980435814e-01
6.057628627796647347e-01
6.125813033600594620e-02
-2.979129821430523406e-01
-5.500330075117145778e-01
8.484559645533056027e-02
6.410469983894699908e-01
8.058367730994925315e-01
-2.644458421261307590e-01
4.187234503570188004e-01
2.687744331393041586e-01
4.738477571182412307e-01
-2.579371621739164344e-01
-3.895793143650281287e-01
-8.215567288562317105e-02
-6.568883338838915620e-01
-2.302617164567769825e-01
-5.449399736362302571e-01
2.317707476984522397e-01
-1.509554607009769289e-01
1.823756767411635060e-01
-1.000000000000000000e+00
8.727510585867623849e-01
1.241183849366422343e-01
-1.000000000000000000e+00
4.407240390412018316e-01
4.990974482712378091e-01
5.730005101553703462e-02
-2.502636296777485114e-01
1.000000000000000000e+00
-3.665688413177382032e-01
6.435498656546008167e-01
-6.910987816616034340e-01
-1.264672918446480276e-01
-6.404479762083594707e-01
6.691288844270262270e-01
-3.529336856273093126e-01
-2.647780733899396735e-03
2.401064131953906666e-01
7.554840734317518347e-01
6.632324208084298123e-01
5.431689543553703814e-01
1.779267315869192123e-01
-2.866817724153766234e-01
-4.186981443148558579e-01
1.000000000000000000e+00
-1.000000000000000000e+00
1.642235018690529069e-01
-1.511770476375241534e-01
-7.957902880168830073e-01
-1.691865780321283319e-02
7.227345174143974260e-01
-5.368261625200370091e-01
