
0 30.53194 1.104716 10.341962 -52.8
1 87.448815 28.148115 11.688431 13.6
2 86.333109 39.285736 28.420369 34.6
3 87.793588 47.5129 24.623634 45.4
4 86.797173 67.559385 28.293217 34.6
5 88.126344 71.991715 25.617304 61.6
6 89.961486 69.288195 26.96906 71.2
7 89.108144 65.88671 28.904157 71.2
8 88.298704 67.138292 28.32991 62.2
9 89.092306 65.138385 29.561441 64.6
10 88.072798 67.840687 28.347973 62.2
11 88.072798 66.704885 28.783586 62.2
12 89.092306 67.489074 28.509142 55.6
13 88.882265 71.617636 26.439604 60.4
14 88.882265 63.247571 30.045679 56.2
15 88.882265 68.813448 28.091701 60.4
16 88.882265 64.409071 29.960734 52.6
17 88.882265 66.003903 35.368962 62.8
18 89.334949 71.328105 26.073452 62.8
19 88.134949 68.652476 27.821151 62.8