-2.865768878712696699e-01
-4.878814020653380878e-01
2.262232316029750834e-01
-1.000000000000000000e+00
1.000000000000000000e+00
-5.572466605509395210e-01
7.512453241411461979e-01
2.977435609271957828e-01
-2.581124041092435761e-01
1.364138043590904792e-01
-1.464637151493413669e-01
-1.000000000000000000e+00
9.816166060033396090e-02
3.505320682019480438e-01
-2.527304366904790101e-01
2.457356184191093751e-02
1.130486477065411610e-01
1.956897158447299945e-01
-2.141109343278000399e-01
-1.954507814333324989e-01
-5.902650353725946708e-02
-2.276330993637410982e-01
-7.867526770129111835e-01
3.202022890571413205e-01
-5.780707584028600410e-01
-1.458271776752846915e-01
5.475039307596689664e-01
5.378714931543657901e-02
2.432684236299564318e-01
-1.000000000000000000e+00
5.924536181611128605e-02
1.550792781287721189e-01
-5.165880011385860504e-01
-1.809880049626084730e-01
-1.618418575736008669e-01
-4.374234344124388052e-01
-1.000000000000000000e+00
4.549904560799811204e-01
-3.671537150367555347e-01
1.290441604940149589e-01
2.312782567935049716e-01
-4.525642523018487684e-01
-5.526054830514295357e-01
-4.401710677625433332e-01
-1.232143918799775972e-02
-4.116692437152827400e-01
2.372164026246142976e-01
-3.796329704543002781e-02
3.509464542651366536e-02
2.164150893924156049e-01
5.861715350203449137e-01
9.675566452623307612e-02
4.034229707639063189e-01
-9.734384905118381726e-03
4.421545918337016490e-01
6.560089901888842556e-01
-1.000000000000000000e+00
-2.583043189445836108e-01
4.226267204713267389e-02
4.130891520380671200e-01
-6.815351929583879365e-02
4.193364589296724176e-01
1.535748257148069063e-01
3.421817529613447872e-01
-5.045329302406456051e-01
-1.189662008419930667e-01
1.613214999670224692e-02
-7.699247313914814317e-02
2.801020854904087698e-01
-3.848916667586628204e-01
3.792685277401309785e-01
1.851584380850079259e-01
1.000000000000000000e+00
1.058598797053246499e-02
-1.719988592710143538e-01
-5.354429010402907974e-01
-2.840702459575490946e-01
1.000000000000000000e+00
4.893995742474865907e-01
2.247892044300550951e-01
-4.766410705437904571e-01
-9.075220981081041360e-01
1.670586290250170025e-01
-2.052174994223677496e-01
-2.803891333087877302e-01
7.081355959796469257e-01
5.291285643002514583e-01
-5.540198091909442901e-01
2.562692243639334011e-01
2.240792083666831302e-01
4.062887485008025434e-01
-1.222021343420033324e-01
4.848641642180198663e-02
3.978297289865384556e-01
7.790436488156828876e-01
-4.408538450222462268e-01
-1.000000000000000000e+00
-1.872739007452963178e-01
4.724610567955905838e-01
7.612575686148014276e-01
-1.000000000000000000e+00
4.064030594897244386e-01
1.000000000000000000e+00
3.120500272463827551e-01
-5.472257548216588052e-01
8.189760025342995853e-01
2.483061219505993400e-01
-1.000000000000000000e+00
-2.870323684681237997e-01
4.322450057130248768e-01
2.869730634337726016e-01
6.695626232155749147e-01
8.445914252995793126e-01
3.360227099210555957e-01
7.502772131849834159e-01
-4.836179850235297617e-01
-8.059438091735608989e-01
4.524339747880723461e-01
-7.545101823423494558e-02
-1.000000000000000000e+00
2.834090825114393697e-01
-1.000000000000000000e+00
-1.000000000000000000e+00
-3.788544777819338738e-01
3.540107084902230916e-01
-1.620471700839187790e-02
1.819414471756250484e-02
-2.960220165118546132e-02
9.182047687452374318e-02
1.005714743498030694e-01
2.164802461183168436e-01
-5.246093435264506111e-01
1.000000000000000000e+00
1.239951936549363865e-01
2.161322314190243510e-01
-2.491126504214538351e-01
1.311876886739631876e-01
3.454539270456826183e-01
-3.973785365377142942e-02
-2.323742644841834265e-02
4.053236080696342447e-01
3.235638961700508520e-02
4.753702406059725494e-01
1.448600656769187534e-01
-2.220684866808012026e-01
-4.131643212595092346e-02
2.816650561758400340e-01
4.727869267256273877e-01
-1.426417630990563234e-01
-1.000000000000000000e+00
-1.000000000000000000e+00
-4.861320773309488197e-01
-1.680914970341033376e-01
-9.149869971701063420e-01
1.000000000000000000e+00
4.002728537311944779e-01
2.460475973625219637e-01
2.736133412204296289e-01
7.709743370416061170e-01
2.015154846972083136e-01
-2.786854571273689740e-01
-2.681306401435253339e-01
-1.000000000000000000e+00
1.000000000000000000e+00
1.751780757859706106e-01
4.442765897054722912e-01
8.074005817741269908e-02
8.362973470886281291e-01
-2.438297525809740574e-01
-1.000000000000000000e+00
-2.314773311016898039e-01
1.422685629519283013e-01
-4.025700037470058001e-01
1.000000000000000000e+00
2.913551867241154225e-02
2.828902100404029341e-01
-2.023686111171405511e-01
-1.090276184737651172e-01
-1.894315169684651079e-01
1.000000000000000000e+00
1.854480645047797416e-01
-4.360088381836569327e-01
-1.189250069954440325e-01
1.034787621500124488e-02
-4.576713870438067766e-01
-1.000000000000000000e+00
-9.526501049477864580e-01
7.845730386594340633e-01
8.171039466417278074e-01
1.972029446742752101e-01
-1.000000000000000000e+00
6.688089616517997049e-01
-1.000000000000000000e+00
3.479359075351053376e-01
8.115479666148457671e-02
8.783007396100105391e-01
1.000000000000000000e+00
-4.238795799568350064e-01
-1.018145417506151063e-01
4.281706423144138185e-01
-3.505500177672392081e-01
5.785063039857545331e-01
-4.136284943235598588e-01
7.899948307160853389e-01
8.462366177212707896e-01
4.020439094904097732e-02
7.580031311569765395e-02
-5.116324983884792399e-01
-4.320314980634169799e-02
9.884228212306045425e-02
-2.413838286283897724e-02
5.876764681236553711e-01
2.353747473518053024e-01
1.461364589200392014e-02
3.499841794372290926e-01
4.723625289157272200e-01
3.563501254869363977e-01
-6.484530140545778920e-01
6.561784958295500958e-02
-8.011514242349957460e-01
1.386726849261503761e-02
5.260399246948017637e-01
-6.078833352630858000e-01
4.353797361766970075e-01
1.195375773861869495e-01
5.760410981300119193e-01
5.187550611846855064e-01
7.003411590599878389e-01
1.000000000000000000e+00
1.874445473405326190e-01
-2.651576072536836470e-01
-1.000000000000000000e+00
-1.342004864064459402e-01
6.296633271963929523e-01
3.123624513525296575e-01
1.204515783617452346e-01
-9.187967197198768088e-02
-4.357721146328291106e-01
6.012213593188234229e-02
6.558313387538134975e-01
-2.079692323028751455e-01
1.464938292863222080e-01
3.661901091471027048e-01
4.450281823925894553e-01
8.434227099763136337e-02
-4.693568440211408621e-01
-1.000000000000000000e+00
-6.929432542288921359e-02
-3.369953626580843298e-02
1.140026581652113791e-01
-3.418385502179017710e-01
-1.844117357146862479e-01
-1.996262298382704969e-01
7.741319911884089744e-02
-1.580913797017214906e-01
-2.146558396743124819e-01
3.578624877237317481e-01
3.458828529291576026e-01
3.852017660356636952e-01
4.044014457486144742e-03
1.239564175584944722e-01
5.623481576875362098e-01
6.535306644171440249e-01
4.487968324172679213e-01
-1.865416620627573241e-01
