1.454500448545975599e-01
2.417060918311871587e-01
5.621384093152937966e-01
-7.751803053619102379e-02
-6.744029180383062649e-02
-1.000000000000000000e+00
4.757830486785989965e-01
-2.917863399262035085e-01
-7.309470162481403188e-02
8.049669186792668407e-01
5.097721884604299314e-01
-5.189357662863449683e-01
6.377443135018137088e-01
-6.074673592545288825e-01
-4.562695380784567711e-02
-9.963975621930672988e-01
4.295700964458207260e-01
-4.294294431872238138e-01
5.853035785747012776e-01
4.185027839404049654e-01
-9.744542235283576437e-02
5.625708176978058139e-01
-6.805210197111967174e-01
-5.124566931226958166e-01
-1.685265334203114307e-01
2.572476570530916051e-01
-3.756753699334867136e-01
2.424278806055299440e-01
6.567602124512547657e-02
-7.731197812065784269e-01
7.492067609139572149e-01
-5.100319229733055737e-01
-1.806528762901307011e-02
-2.983231551328581477e-02
-3.607553181570132272e-01
-2.811013504856458844e-01
-7.098552319380971865e-01
6.773150030810710653e-01
2.042937332509257020e-01
-6.278513655523385584e-01
-4.425326498436719658e-01
2.992496490787701635e-01
-3.740171865937924611e-01
3.671342094697572223e-01
-6.929910913908085002e-01
-4.724168735210255710e-01
-1.664625362762039984e-02
6.036598500453594918e-01
1.414685949701846579e-01
-4.233300446726213639e-01
3.657540644913278016e-01
8.185053894578586675e-01
6.145861031134099983e-01
9.169411153336722020e-02
-1.696157836194164270e-01
-2.385686300823478823e-01
-1.000000000000000000e+00
-9.928133598067782062e-01
-7.417982245913753436e-01
5.924718098097385699e-01
4.432247736374272939e-01
-6.651881152293853683e-02
1.292548507808855551e-01
-2.956268248880948857e-01
6.044557423400004348e-02
-2.544967421967806454e-01
-7.186400398259791267e-01
9.213321949222537111e-01
-4.255215123366820618e-02
3.795257309330974937e-01
-1.707694069027028139e-01
-6.162575596671330258e-01
6.841633791712755652e-01
7.939225029881173956e-01
-3.549785742703916447e-01
1.000000000000000000e+00
8.790424718195989362e-01
-1.000000000000000000e+00
-5.431066140310912838e-01
-1.923789973381913321e-01
-2.703447670069636377e-02
-2.401548558337361083e-01
-2.585174636623712163e-01
-7.596256069099396324e-01
-5.833915093191247569e-01
1.136759171684001146e-01
-6.924542441390515446e-01
7.059130438529093166e-01
-3.377784449123535371e-01
8.963103661317556314e-03
-3.613825379977729790e-01
9.715190253039908130e-01
-2.386623938923609911e-01
2.291472707581574397e-01
-2.576686626562685323e-03
4.063345065381637200e-01
-1.564386181926517294e-01
2.016971770633385619e-01
-5.650778750905668391e-01
-2.958065195731747754e-01
-8.811647223262725204e-02
3.161088010025652206e-01
-3.645587931496312439e-01
-6.580319814460999783e-01
-8.995543662044537259e-01
-1.817126903000095273e-01
-7.982740678730853023e-01
4.870015146723057908e-01
2.014747574247603978e-01
-5.595118434022431364e-01
-4.796615898229875663e-01
-8.823059493100202655e-01
9.000809004723502316e-01
-5.942289979222268315e-01
-8.700627286770074020e-01
1.866011060405092792e-01
1.431152328950810459e-01
1.206973272609363629e-01
-4.878083054197739354e-01
-6.638814056216297832e-01
2.622894304780780672e-01
1.763538138981490533e-01
3.989549116156199809e-02
1.009286628163654498e-01
7.477327541830227631e-01
5.242619031954592890e-02
2.116427775342119566e-01
-5.852072764968021534e-01
1.000000000000000000e+00
-8.042008232455495342e-01
-5.405820928507580614e-02
-5.093561258732052233e-01
7.599524116057554401e-02
-8.604116114131027393e-01
1.000000000000000000e+00
2.459282058322685427e-01
5.504809031103155004e-01
5.327576925550432385e-01
-2.747994782025123262e-01
4.804610346575831636e-01
-2.272870320458734161e-01
-7.230446155708742939e-01
-3.706074861742095217e-01
2.239010115346534158e-01
5.907135180389074813e-01
7.365720856252422344e-02
-5.318157661461133667e-01
8.311443864988662944e-02
-8.817713155833754868e-02
2.454625599125963564e-01
6.074683896466246402e-01
-6.666782009639093953e-01
2.416267606633546450e-01
3.671708715398383505e-01
7.182124131279339352e-01
4.828845962115611568e-01
2.817767918548669259e-01
-6.527958912844047390e-01
-3.928374403516755597e-01
3.569973253347604736e-01
-2.416397948176402521e-01
4.487012690261840686e-01
-1.159787975802183541e-01
-1.000000000000000000e+00
-2.707949147835075343e-01
-4.258321688533959759e-01
-5.170055044501942199e-02
1.814970486589639331e-01
-1.350135687390154882e-01
-1.000000000000000000e+00
-3.182898757500607356e-02
-1.257929342296829067e-01
-7.070335714320388210e-01
-5.038055925731967921e-01
8.150326703580819399e-02
-5.970132650456172474e-01
5.292463658626636036e-01
-3.227806906823165733e-01
6.516112785794203610e-01
2.450836357288305178e-01
3.334349121599436971e-01
-1.060309301280507599e-01
9.173372211769890150e-01
2.609856146825972889e-02
8.145667748886767923e-01
1.221265963521343118e-01
2.797997260127976782e-01
2.223815522749230111e-01
8.567764854795706375e-02
9.423512743307946860e-01
3.535459094443498262e-01
-3.037873887664781225e-02
-5.722588239688835010e-01
9.237926960942852705e-01
9.533080182108328859e-01
3.795917053810509145e-01
6.545138139134003552e-01
7.513097275017759369e-01
-5.261265452428370848e-02
6.698867046704762851e-01
1.781369145857458203e-01
-8.859108149333144722e-02
6.648363404762105411e-01
3.143718620388392671e-01
9.273554116820095228e-01
7.691560778232393591e-01
-1.900953994517518009e-01
-4.299334027535978153e-01
-2.759801206007289065e-01
-6.079696407169614403e-02
-4.407319674946301169e-01
1.204736403559082403e-01
-3.569305687883815859e-01
6.347859048304256568e-02
4.594870049628880238e-01
-6.369345424029382308e-01
-2.226205812535523854e-01
2.168458477205669477e-01
3.572613886666574368e-02
1.000000000000000000e+00
-3.903471886334847762e-01
5.721852230611915724e-01
7.203755823553248394e-01
-4.450293339890823430e-01
8.562055107582795532e-01
8.051644715920505124e-01
1.000000000000000000e+00
4.135453479341092420e-01
2.966408471843751116e-01
5.427003834830345097e-01
3.311066914373329562e-01
-1.003606561761563043e-01
-7.994643208134255552e-02
-5.547437517389393058e-01
-3.434887410149457532e-01
-5.015714478580770574e-01
-1.000000000000000000e+00
3.871747503627281928e-02
-2.155083125239059816e-01
-2.530447453659839807e-01
-9.003903254447432891e-01
1.076957344768507269e-01
9.652917385618370316e-01
1.000000000000000000e+00
1.070399121047052177e-01
6.334309734501073486e-01
5.126331310747956893e-01
1.966761681008210583e-01
6.447477401221239912e-01
5.077914732822607080e-01
-8.806875297519827228e-01
-6.581263348737975694e-01
-3.778336764194270558e-03
5.257932011759162139e-01
2.116273867905642259e-01
4.313318363031903857e-01
-5.704331906992929357e-02
-5.658700978563845352e-01
2.542639407115052652e-01
6.707122227694480854e-01
4.840522880656000226e-01
5.111979053725985711e-01
-3.019279043334093249e-01
6.578070510447255881e-01
-5.485840984933703091e-01
