1.028492770849320920e-01
4.389034532338612626e-01
-4.482253525203185873e-01
6.116056066046844375e-01
-4.428682051207293857e-01
-3.319055775066747094e-01
-6.191673405455031531e-01
5.594191939254615775e-01
-1.670714587888262326e-01
-3.563247849864326078e-01
1.555120231240529616e-01
-3.733830510601859887e-01
3.558768862883129325e-01
-3.035763098285389483e-01
2.728349742694500812e-01
-7.753388194574792336e-02
8.688759994324867231e-01
-1.230022812420691614e-01
7.253421959668495678e-01
-9.530076833759754118e-03
1.077487635221413692e-01
-2.095155976789719321e-01
2.904361574776276878e-01
-2.854644627898702547e-01
2.275908014433127291e-01
5.667490724473617236e-02
2.934864743258617237e-01
5.863398050956475371e-02
-8.673851334908095900e-01
6.147797921411994881e-01
-8.977421649719817820e-01
2.333340374729312439e-01
-2.086020656934896300e-01
-3.834081697441749093e-01
-4.167419842419778364e-01
-1.000000000000000000e+00
-5.298513626075864735e-01
-2.039788556115741947e-01
4.476556351784738430e-01
9.804069818335870989e-01
7.912582245902890499e-01
-4.759774386074508978e-01
-6.815953599171917787e-01
-5.676456807559870921e-01
2.736469704005997650e-02
-5.545953626621902277e-01
-4.797284095244487845e-01
-2.612168460079893340e-01
4.584995962003735048e-03
-5.225884306116765909e-01
6.128289182191809514e-02
-7.486937163348578173e-01
-1.637965475991924602e-02
5.537494781304306279e-01
2.861589404155036043e-01
-7.494054654433714158e-02
2.921513616397508617e-01
-5.065769971620877055e-01
-3.918441945694168815e-01
-3.434579310513180550e-01
4.716282935150951094e-01
-2.305583098218361160e-02
1.000000000000000000e+00
-8.099361933025268634e-01
2.724294824231945356e-01
-4.931501091604521547e-01
-8.120748512669964669e-02
-1.446484897032933314e-01
7.753483211396915153e-02
-1.000000000000000000e+00
2.875941634201740760e-01
-1.100568299376523118e-01
2.864746316244501378e-02
1.000000000000000000e+00
-3.626595661364191425e-01
-3.966689915986900683e-01
-2.997715182453438709e-01
-4.241019992181339904e-02
-1.787797253804603859e-01
-6.696574439031222070e-02
-7.700429174643239061e-02
-2.748543763376453120e-01
-6.078523234717825297e-02
-2.579350818124320766e-01
2.764652382415145881e-01
-2.565478295905941897e-01
-5.279423653010777429e-01
-3.522602566949181169e-01
-1.777467693264214998e-01
-4.113645115405453190e-01
-8.360559083395084912e-01
2.180610924340244949e-01
3.860659396106211894e-01
9.247431750840819920e-01
1.771135990134497518e-01
-5.802249859845911573e-01
2.430441474966034687e-01
1.019812612513851108e-01
3.988609506082338996e-01
6.572131017548706877e-01
-5.541603618044392832e-01
9.531465628382301825e-02
6.010708198843109917e-01
-8.034039364997939137e-01
4.491793033685906322e-01
-5.004032236919047083e-01
3.207230768710556817e-02
7.299292291223544726e-01
8.455678273032928294e-01
3.675934808855758629e-01
-4.443202369961050113e-01
4.599476437180393118e-01
-4.266773533095141180e-01
5.703783313020064361e-01
-7.881222675189055726e-01
1.000000000000000000e+00
2.334785112179267319e-01
-5.560821090774210607e-01
-7.729884479125581631e-02
-4.665579604666997282e-01
1.817265230610233540e-02
-2.582413946069679334e-01
3.361066017685989671e-01
8.549440390993994221e-01
7.669828471656336966e-01
-4.961783536340980683e-01
1.000000000000000000e+00
2.759664222191136607e-01
-3.309556166486778417e-01
1.000000000000000000e+00
-1.000000000000000000e+00
2.726564028084410216e-02
-7.508591849299146581e-01
1.280411981832311752e-01
5.169321483518535265e-02
2.042458028423694560e-01
-2.606785397423779238e-01
-9.381356202053143800e-01
-3.854708268403357341e-01
-4.019570031846386171e-01
-2.437107091119929680e-01
-6.675514786693845792e-01
-1.049782977874628709e-01
3.090990334112808102e-01
-2.096693794970900804e-01
9.458216392907098369e-02
-2.139898934401198993e-01
2.091618913008676806e-01
6.185358005525367631e-01
5.305158992393752548e-01
-1.924993660922891814e-01
-1.492536094021860299e-02
4.855703368614716076e-01
5.201790786580637871e-01
4.679443879108226012e-01
-4.505965165168982489e-01
-1.159772491139001854e-01
1.000000000000000000e+00
6.019479313279830768e-01
-4.160262091635029136e-01
4.441479697800769233e-01
-8.875003202025252280e-01
5.152486267518148200e-01
-2.870408200154732081e-01
3.750352082076177096e-01
1.000000000000000000e+00
-3.592504567601897958e-01
6.425985121778033937e-01
1.000000000000000000e+00
8.824992457035256699e-01
1.052652486343317734e-01
-4.839300589328228153e-01
-1.933832559495873848e-02
4.470841681351886976e-01
-7.869765916275155426e-01
-3.694160795019219012e-02
-6.912672553741433523e-01
3.668636451977670687e-02
1.068339486833824320e-01
5.780754863169746960e-01
-1.205881308967394483e-01
2.394153902680834500e-01
6.124214223067925289e-01
-1.159833793681566139e-01
-8.310032471482312055e-02
7.636473310879987597e-01
-5.685166985073450974e-01
1.000000000000000000e+00
1.515471333567331436e-01
8.129835230364626519e-02
1.000000000000000000e+00
5.644806735235468054e-01
-5.458014193362108468e-01
-5.469570668541226532e-02
4.770797687495296757e-01
4.887445874627880382e-01
7.396240449637880854e-01
-2.724552950295490161e-01
-3.626595661364191425e-01
2.919623164934128656e-01
7.272215779110582368e-01
-7.122532982855953598e-01
-2.035403276253764382e-01
6.719597093518481223e-01
3.103522861345555661e-01
-4.313672933892090944e-01
5.395007790508979939e-01
5.549683975796092517e-01
-2.422077050271038423e-01
4.829861586193088252e-01
-6.253958495666649409e-01
-1.739312568356845279e-01
4.688781978441432519e-01
5.607213155115628456e-02
-6.891974504304165805e-01
1.000000000000000000e+00
-4.910247993455337800e-01
1.068558946766553497e-01
1.438016611325518279e-01
-8.295050334161766514e-01
2.155499790562485085e-01
-5.846367504096171563e-01
2.932290802344130198e-01
2.399413749191997847e-01
2.344945731834034153e-01
-5.392611712055945805e-01
2.365248567840258498e-02
1.972404893748306021e-01
7.849253680177381565e-01
2.165761549840884148e-01
5.935450396743582324e-01
7.648976006516548798e-02
7.031680822206076709e-01
-5.906784431015336123e-01
7.392825858573464082e-01
-1.000000000000000000e+00
-9.959574628523677753e-02
7.540474801074512623e-01
5.827504392212040640e-01
5.154250182916496337e-02
8.800741169329906466e-02
-3.891891536853644973e-01
8.092297129307060022e-01
2.882062809734574071e-01
3.797018889740210179e-01
-3.969881136639045321e-02
-5.161415608925257192e-01
-3.256534136109051070e-01
5.487796257333465988e-01
-2.961217726022496999e-01
7.734616223375047339e-02
-2.301421812445610671e-01
-3.114447775964590548e-01
4.394166558508957321e-01
-1.000000000000000000e+00
5.531096731177227444e-01
9.698045508698129868e-01
-5.810892054404739326e-01
8.832635064306803008e-01
2.808495695254254465e-01
-1.326654153578540885e-01
-3.736014330777195358e-01
1.000000000000000000e+00
-1.009600296549519882e-01
8.974665743592624700e-01
