-1.840756263163498829e-01
1.411182223544285054e-02
1.242123927543609674e-01
-1.058241153254636108e-01
-4.475665627151098613e-01
9.605746302572041317e-01
6.041805879817778724e-01
-1.743102097909816073e-01
3.429397080530977027e-02
-1.000000000000000000e+00
1.000000000000000000e+00
-7.245859427219798754e-02
4.040940483068748978e-01
1.744295663826321008e-01
-3.699104685163743245e-01
1.562473281070862197e-01
1.088559551823373855e-01
-3.897554687972797777e-02
-3.175353550196524655e-01
-1.701862846273970997e-01
-2.888589452902493027e-01
1.190683153793877236e-01
-4.536448601452854890e-01
8.711554354037283066e-01
-8.312658067319035338e-01
6.124689173835005107e-01
3.933883466787372329e-01
3.518390003096291685e-01
1.042238232147562824e-02
2.376135061738650356e-01
-2.003510011374076139e-01
-2.430095477412546057e-01
1.503335111941106472e-01
-1.000000000000000000e+00
2.634278783254551115e-02
5.350419686914589801e-03
4.248671706938716985e-01
-1.148096406750977599e-01
-1.375799609064506379e-01
2.611030354423218292e-01
-9.176259926787505572e-01
-2.309705212273300556e-01
-1.196671930631536540e-01
5.466672141788391226e-01
2.855906812935312677e-01
2.543639382601883270e-01
2.636010540806539848e-01
-4.107260606482083798e-01
-2.721311130890186059e-01
-1.074546940194072153e-01
3.471718488277539816e-01
-5.045273180894687126e-01
-1.965676026095775075e-01
1.943651238556585725e-01
-5.014487749469035416e-01
3.992695151863573377e-01
2.590691461964205744e-01
1.574786948821580435e-01
-1.246946976050431199e-01
5.321637939352356905e-03
6.288855831534663210e-01
-9.931496621584906537e-03
4.011173401528056459e-01
3.739472090456147368e-01
1.451227214474763438e-01
1.009642072021026127e-01
-3.438623034811183476e-01
-8.612415776874462470e-01
-7.367328944973323690e-01
1.146080213185263381e-02
-4.335674054620950457e-01
-1.000000000000000000e+00
7.167606607696673793e-01
1.030298389285029537e-01
7.545608337794278420e-01
-2.820551877898523907e-01
-5.024934789228920895e-01
5.059799066514438781e-01
2.477501073055637382e-01
3.017843910760844434e-03
-3.107013809936118864e-01
3.945496499903758392e-01
5.689288709738721250e-01
-2.720608262386542409e-01
-4.657070359329039677e-01
-1.069435606167171149e-01
8.789234341810894247e-01
-1.138369368143977017e-01
-3.576132101765291949e-01
1.538178515962183579e-01
2.239464408952420438e-01
1.055379942185459552e-01
2.163394923694841876e-01
1.961070662495540406e-01
-1.520729206406088996e-01
-4.054865320020452080e-01
1.395889219527254310e-01
-1.390621680836144347e-01
8.032853050252773686e-02
3.502435050014648388e-01
-2.172375702723408353e-01
2.439685913424869401e-01
4.325787352708961864e-01
-1.000000000000000000e+00
-1.249360133411126506e-01
-5.181805514719017847e-01
-2.341256164285284713e-01
2.770382390002138484e-01
-2.984405240081846045e-01
1.160357943962816163e-01
-7.742079899347976690e-01
3.476574365604171435e-01
-1.787366361333435905e-01
-5.604767733031762456e-01
-2.438014078303149534e-01
-8.435415647286017560e-01
4.181938420721303395e-01
-5.213090168303212424e-02
8.772723609815821777e-02
-1.194599114901510328e-01
-6.791557053560138835e-01
-4.214564928528937715e-01
9.534561348765693833e-02
2.338065345497776226e-01
-5.772840780085630730e-02
1.487935388044238083e-01
-7.561147974003417094e-01
-1.000000000000000000e+00
7.557300061855443118e-01
3.458701512352069796e-01
5.797539381220516708e-01
-2.203290741152231225e-01
-8.655992792574979111e-02
-4.140337079565695189e-01
-1.000000000000000000e+00
4.276351868590462790e-01
4.276033075533628436e-01
9.563387074221347817e-01
2.402427893346471832e-01
-1.821182000853180383e-01
6.594563086165909638e-02
-5.124651128469898814e-02
-8.382801960603122327e-01
-8.171561799796529524e-01
2.698178976046520239e-01
-3.542641080766830153e-01
5.159173795577645105e-01
7.609557787670765405e-01
-5.186700600412663675e-01
-3.328628127429983374e-01
-2.668730558524244345e-01
-7.538077608986345490e-01
-1.200558446608459562e-01
-4.859597535967853377e-01
1.558974926634051072e-01
3.976638931130463406e-01
-7.455260629439476316e-01
4.012621630195518652e-01
-7.241437058571049690e-01
7.013159947754211698e-01
1.532954984348997574e-01
-7.860260775484766427e-01
-4.057714145998275734e-01
4.965439608426238105e-01
8.277506578490689826e-02
-1.763937974593641003e-02
1.423202686131536110e-01
-3.289310029432936378e-01
-3.075665528361113399e-01
-2.159242600113742139e-01
-5.188339265807833112e-01
3.854298472666520259e-01
7.127581792236117875e-02
2.857190987755398037e-01
2.077261328623818126e-01
7.660997154517330543e-01
-2.149214886633116217e-01
-6.804043183542651807e-01
3.106284583369889329e-01
-3.045357708278804143e-01
-1.155513717317747935e-01
-5.077098963780666274e-01
2.671219115437239444e-01
9.196383582082316988e-01
3.157010754056051027e-01
2.432847355724159499e-01
-3.022324870985761414e-01
9.601728304848536344e-02
-6.102042820872406459e-01
-9.161141799855986312e-01
-4.767168036937936837e-02
-2.681991798603004518e-01
1.398349289742595869e-01
-7.397243477248660604e-02
-2.313401870828030726e-01
2.402824988432735731e-01
-4.351568974079719210e-01
-1.516345491330582385e-01
-4.546712302456530352e-01
-2.125098454630363065e-01
-4.161936887816058972e-01
2.366559362629304941e-01
4.102051431981472707e-01
1.361159978820947886e-02
2.105123323227931498e-01
-8.165726118849185866e-01
3.273709908460283868e-01
-9.910546524824681569e-01
2.605216897725597391e-01
6.548093287650512684e-01
-4.604404933217588480e-01
-8.128721336551262278e-01
-4.078984561428850020e-01
4.868412975255923536e-01
3.876639583562636049e-01
7.016717083824994816e-01
3.000470412398320019e-01
1.000000000000000000e+00
3.757892782980218893e-01
-3.371514529406146043e-01
-3.658299527694673925e-01
3.830215805224244097e-01
1.000000000000000000e+00
-4.547828002508553548e-03
-4.435905256993920021e-01
-6.557460186739336172e-02
3.938010290942685065e-01
2.211287180767423366e-01
-1.075664222515947815e-01
-8.179445775108511452e-01
-5.377712388712774239e-01
-1.132720887896062484e-01
2.669378281313078971e-01
2.968921621137195488e-01
-6.329280742009177896e-01
7.787145953639075246e-01
2.779059188394746305e-01
6.715419095915012848e-01
8.286857847425035395e-01
9.812084049639706596e-01
-2.140734635417188003e-01
-6.776299182896254880e-01
8.060602042396055600e-01
6.941542507316152966e-01
2.668117329693877604e-01
-3.827425138735544574e-01
-3.076540465711203876e-01
8.534755010598552016e-02
-4.400931061947646605e-01
8.339454124345691000e-01
-4.636233118340949977e-01
-6.233031695762025759e-01
-5.681135218321963221e-01
9.215298291401829989e-02
-9.565121781727279338e-01
-4.641477055940417262e-01
-7.403957577936307599e-01
8.155592604284187530e-01
1.804618748492129235e-02
-8.805146084755853808e-01
-4.254048861737919074e-01
3.186485678136780630e-01
7.351211561693009600e-01
8.437487055904643318e-01
-7.442153811536722507e-01
