3.359046114512845849e-01
7.901198073371158426e-01
-1.000000000000000000e+00
-5.728788077647510579e-02
5.915744528953194026e-01
-1.395118285198258812e-02
9.820818821592457448e-01
3.077810658386426201e-01
-6.696981626564108003e-02
-1.497838699062574996e-01
-1.781668898575936577e-01
-2.551453755917196808e-01
2.465736001677088507e-01
-5.348410619578387593e-01
-8.359733225464808237e-01
5.023786809910013584e-02
9.717955417194852619e-02
-2.935143483661243821e-02
-9.860293139268824225e-01
-9.078369163972561662e-01
5.135533667259734036e-01
1.000000000000000000e+00
5.839236619376233506e-01
-1.721177206772194213e-01
-7.066600896286817646e-01
6.400189508185667731e-02
2.643662468838294255e-01
-4.403345753834215781e-01
-2.987226855923110214e-01
3.596096706324567460e-01
-4.526768798280391692e-01
-3.366572434313043760e-01
-8.352769770205416278e-02
-1.182191328500186434e-01
-3.996446318602027703e-01
3.181276453470085475e-01
-4.828723296593114833e-01
8.091400160046019474e-01
-5.893376341050867717e-01
-6.154785224118414222e-01
-3.360420078405628175e-01
6.453939357046257763e-01
1.000000000000000000e+00
4.596043527574487642e-01
-2.552752795602877822e-01
-9.911376547710294416e-01
1.566078160971268729e-01
3.310610556746459987e-01
7.948261737512587466e-01
-8.609226007656798352e-01
3.388568718081664821e-01
-1.000000000000000000e+00
-1.000000000000000000e+00
7.697204593834070518e-01
-3.275014705766841616e-01
-9.551246453061985608e-01
5.542674190810724655e-01
-2.212847435020807718e-01
5.421129448398849249e-01
-9.991775064650001426e-01
4.001745857449323651e-01
7.166284077455949975e-01
-3.506041138688881231e-01
-9.314458036815685682e-02
3.930196737792578388e-01
9.820044408775797651e-01
-3.669488654477071066e-01
-3.919134824479545420e-01
-4.012051857166064606e-01
2.855981955743809309e-01
-1.722203885244450450e-01
4.009876464876207525e-01
-3.804863405942064958e-01
5.908858645733088000e-02
6.956754688557863497e-01
-3.520800336782752282e-01
-9.696566858189671623e-02
-5.295106142220822737e-02
7.011754727383642249e-01
-6.560771787325288262e-02
-5.685451503330926082e-01
1.993972259305361039e-01
6.328574207798680629e-01
4.330592907449243856e-01
1.000000000000000000e+00
-1.069053347977094864e-01
1.000000000000000000e+00
2.217864704793877373e-02
-1.543966830058162570e-02
-3.130529987152967375e-01
9.816407767513700700e-01
2.870884889824281694e-01
-6.547942486099463111e-02
-2.892140392798378534e-02
1.000000000000000000e+00
-2.477992914937444113e-01
8.197817745548299229e-01
3.486884114561542014e-01
-2.029528378323526283e-01
6.512151218202518743e-01
9.828661918163490371e-03
-6.103532351152021751e-02
-1.851173914084230931e-01
-3.923324217344842380e-02
-1.574752466200781409e-01
4.299228482132610440e-01
5.370518252774238999e-01
4.164777928260431361e-01
-1.527432333680565635e-01
-1.000000000000000000e+00
-8.869010185999972595e-01
-9.416970324119335878e-01
5.114037792646284331e-01
9.797010536617417609e-01
-3.801965055276575883e-02
4.572249580121700019e-01
1.000000000000000000e+00
1.742761790908819164e-01
8.733453398308420601e-01
7.044742685445944952e-01
-8.532953505769376445e-02
-9.423390221644896425e-02
7.374460665816823246e-01
-6.881766211534154909e-01
-1.369833336732296791e-01
7.897315678364393854e-01
1.458510397924095703e-01
-4.296232019959377868e-01
-1.330442302281141694e-02
-1.635207249517977579e-01
-4.653762194409845621e-01
-3.507169676591779250e-01
-5.023125549446627591e-01
7.487915889025428262e-01
4.985245151194511726e-01
9.780460642494690493e-01
-1.651407546559863770e-01
1.546078243550061126e-01
4.059959890355780976e-01
-5.850700138574247422e-01
1.928819632888094937e-01
1.886176477799954808e-03
5.479793550882446906e-01
-1.129157885395632721e-01
1.000000000000000000e+00
2.574054559942869358e-01
6.233868466670895447e-01
-5.859054541113771775e-01
-7.750095887204127010e-01
1.257151537499015710e-02
-7.184809968233352162e-01
1.000000000000000000e+00
-5.784653243989719140e-01
-3.331099918867157506e-01
-1.249161743560901205e-01
7.068027361306090661e-01
-1.416236970303733078e-01
1.000000000000000000e+00
9.431402764540904871e-01
1.939297584099178573e-01
-1.000000000000000000e+00
-1.027341929604172616e-01
1.738912183382457580e-02
9.787980203471410290e-01
-2.800595854411872532e-01
-2.934052871783302541e-01
-8.803596992326266635e-03
2.528807784343989895e-01
-1.611069660239487777e-01
-3.364803059302655663e-01
1.000000000000000000e+00
-9.604299143221542989e-01
2.394934100139147759e-01
-7.354454135393875269e-01
-4.200329505361660720e-02
2.400680796926768501e-01
-9.726830177126511989e-01
-2.908147168307596009e-01
4.349086831412446452e-01
-7.114954219571905103e-01
-4.283000198451290541e-01
6.494933404521817666e-01
-7.527732056405489480e-01
-3.442856473446175708e-02
-3.212852506204619263e-01
8.020552740486990018e-02
-1.723984624744229199e-01
1.598377037835696513e-01
2.221794934126260779e-01
3.591811192522584295e-01
6.650741434263456320e-01
3.030779276527750810e-01
-3.942337543333179206e-01
1.773112202388564540e-01
-4.847075357515281957e-01
-4.013637311625973397e-02
3.208048576816803776e-01
-4.114127773708022295e-01
4.985922264332035558e-01
3.921074676882396748e-01
-9.950728880946375643e-01
9.692787887819992454e-01
-8.229543873756238748e-01
-3.955006034114347813e-01
-5.880563421827781356e-01
-6.044225017078944662e-01
1.103360611324799567e-02
6.558253452936332328e-01
-7.881118561092534947e-01
6.970986417538056479e-01
-5.810817184918125600e-01
9.541648702700398221e-01
3.055808334955864014e-01
4.512833272086291814e-01
4.798816858867267776e-02
8.700959971072677046e-01
4.734472943118589461e-02
-5.500846705655312308e-01
3.382406357792221430e-01
9.590247112415363206e-01
-6.165378825653047290e-01
-6.796902795856701873e-01
4.270763361362370780e-01
-9.418925666545358011e-02
-5.930755576500768012e-01
-2.805810201593189057e-01
-4.841057917661885091e-01
-7.695141016164709358e-01
-7.042701926677348290e-01
-9.714116213589600868e-01
-2.450536386535818734e-01
1.308411188644109657e-05
-1.813169862815041666e-01
1.769590635905549103e-02
1.564878426006214851e-01
-2.832635829342537437e-01
6.765409361862876336e-01
-3.858161947241371958e-01
1.000000000000000000e+00
-7.699522696725252802e-02
3.430500310184023682e-01
5.969643373733396485e-01
8.837249963951884779e-02
-1.000000000000000000e+00
-4.886866321050440942e-01
5.063626581162559981e-02
-6.699662663652521388e-01
-2.904885646580628311e-01
-9.666736887684200807e-01
-8.448901330594968950e-01
-5.303057866422709044e-01
-3.457062495569679372e-02
7.902915094911091565e-01
1.000000000000000000e+00
2.344075946384323317e-02
2.072157775586202025e-02
-9.941836450843430928e-01
7.187133805983125789e-01
9.164485465553512400e-01
-4.292154254103541788e-01
-1.975892371162823458e-01
-6.558640668614217351e-01
4.143450981125742505e-01
5.539807677003462105e-01
-3.893347495694109428e-01
