
0 57.273152 -1.990477 9.990265
1 66.752976 9.33025 20.424551
2 66.752976 19.573861 22.132391
3 66.752976 26.809747 21.605731
4 66.752976 30.199389 20.685595
5 66.752976 34.37807 20.168041
6 75.752976 35.242775 20.905624
7 66.752976 16.754571 20.897023
8 75.062464 35.532087 21.61808
9 75.062464 42.7872 21.38225
10 75.062464 49.247899 19.023165
11 75.091917 44.870072 19.377583
12 75.091917 49.629879 19.465221
13 75.091917 52.00198 17.441906
14 75.091917 55.755874 11.510037
15 75.091917 52.544632 15.769478
16 75.091917 52.510732 15.12087
17 84.776954 51.283247 16.634618
18 84.776954 53.91486 15.363968
19 84.776954 58.639159 8.333336
20 84.776954 57.731004 8.05108
21 84.776954 54.861274 14.049425
22 66.752976 36.400969 25.568237
23 94.023266 47.096715 21.830156
24 94.023266 54.354102 15.507263
25 94.023266 53.273123 15.802594
26 94.023266 55.469661 16.082974
27 94.023266 55.586965 12.407549
28 94.023266 54.143884 15.374161
29 94.023266 51.299762 17.651779