
0 57.732142 -1.117217 13.106278
1 57.732142 8.068013 19.028603
2 57.732142 16.71532 21.012741
3 75.054579 29.621306 24.436077
4 75.054579 36.312468 24.094859
5 75.054579 37.221386 24.012027
6 75.054579 43.042807 22.509384
7 75.054579 44.143331 21.53159
8 75.054579 43.573358 21.470644
9 75.054579 46.995589 20.10945
10 57.752976 23.182978 24.847247
11 75.213103 40.113186 21.147229
12 75.266659 50.945842 16.043531
13 75.309641 43.734742 19.515907
14 75.309641 46.389177 18.939153
15 75.309641 49.937807 15.271667
16 75.309641 49.784058 15.028526
17 94.023266 52.069034 16.970124
18 94.023266 52.446283 16.342661
19 94.023266 53.311392 17.488271
20 94.023266 56.586907 15.289264
21 94.023266 55.141722 15.859597
22 94.023266 57.468191 12.844653
23 94.023266 55.950084 13.517992
24 94.023266 56.139527 11.230295
25 75.144928 43.441219 22.588279
26 87.401063 48.665964 17.609311
27 87.401063 51.966722 16.648531
28 87.401063 53.351829 14.936013
29 87.401063 54.829725 14.722456