
0 57.16227 -0.031151 13.862425
1 66.100103 14.542348 20.786929
2 75.16227 24.810911 25.051101
3 75.16227 35.886779 25.264258
4 75.206986 37.785306 24.254782
5 75.206986 43.658587 22.13166
6 66.21004 16.827195 24.195455
7 66.21004 34.196224 23.973374
8 66.21004 36.185054 24.816217
9 66.601837 39.2217 23.485841
10 66.752976 45.822617 20.640884
11 66.752976 47.025927 19.664083
12 75.752976 42.763535 21.752047
13 75.752976 49.412674 16.592089
14 75.752976 49.927954 16.149861
15 75.752976 52.610105 14.17538
16 75.752976 49.412965 15.483501
17 75.752976 51.176555 13.613292
18 75.752976 49.182966 17.396712
19 75.752976 51.873505 13.92024
20 75.752976 53.840903 11.953716
21 75.282972 41.148936 24.444367
22 94.023266 52.382192 16.452872
23 94.023266 54.05737 15.536412
24 94.023266 52.048403 15.167776
25 94.023266 55.634283 14.690681
26 94.023266 54.91666 12.116994
27 94.023266 54.54286 12.564916
28 94.023266 52.734696 14.619631
29 94.023266 54.485833 12.661492