
0 75.059829 0.83733 17.676214
1 75.059829 15.164721 25.977474
2 75.059829 28.631995 23.465518
3 75.752976 38.693906 23.28859
4 75.752976 39.922578 22.736151
5 66.094638 15.195386 22.68778
6 66.716796 41.685807 21.394141
7 66.716796 44.357042 20.805725
8 66.716796 42.739042 22.482607
9 66.716796 43.638314 20.918841
10 66.716796 44.520784 21.660687
11 66.716796 45.911554 19.911435
12 66.716796 42.016791 20.050971
13 75.752976 49.694207 16.401167
14 75.752976 48.157544 17.098996
15 75.752976 49.244752 17.926127
16 75.752976 51.195667 17.095359
17 75.752976 47.595631 18.458068
18 75.752976 48.719588 15.5767
19 75.752976 42.993859 19.006679
20 94.023266 28.323054 25.679879
21 94.023266 43.889151 20.211094
22 94.023266 49.98663 19.018697
23 94.023266 48.807337 21.562862
24 94.023266 50.142349 19.923939
25 94.023266 52.354177 16.508772
26 94.023266 52.749993 15.292651
27 94.023266 50.96337 17.955556
28 94.023266 52.80798 15.540497
29 94.023266 56.211968 14.067841