
0 12.790514 -3.537562 4.17056
1 66.219256 6.445557 18.448558
2 66.219256 23.44784 24.691557
3 66.225448 8.731548 18.908204
4 75.054579 26.176463 23.38628
5 75.732142 37.952123 23.459288
6 75.732142 40.724092 22.911008
7 75.732142 43.07424 21.845718
8 75.732142 48.330272 18.501873
9 84.776954 42.129745 20.914579
10 84.776954 47.315984 19.400688
11 84.776954 49.627172 19.650703
12 84.776954 49.061472 16.522614
13 94.023266 51.963574 16.38292
14 94.023266 50.494179 17.558795
15 94.023266 55.802404 11.653364
16 94.023266 54.911418 15.542354
17 94.023266 53.494148 17.010827
18 66.601837 32.566393 27.583252
19 75.282972 52.586951 15.24471
20 75.282972 55.413018 10.858188
21 75.282972 53.847482 12.064253
22 75.282972 53.990749 11.836631
23 75.282972 55.078252 11.485378
24 75.752976 54.562195 13.17425
25 75.752976 55.245938 11.34848
26 75.752976 53.420855 12.851358
27 75.752976 53.765177 12.786401
28 75.752976 54.65871 12.072439
29 75.752976 56.133734 9.801905