
0 39.752976 -3.097541 7.229079
1 57.16227 6.873509 15.386234
2 57.732142 15.975955 20.363101
3 59.092245 27.82276 21.967507
4 75.091917 39.448281 22.404096
5 75.091917 45.289892 20.256469
6 75.752976 44.994878 21.670738
7 75.752976 48.433336 20.835657
8 75.752976 48.017453 20.776355
9 75.752976 49.161638 18.444296
10 75.752976 53.140293 15.971176
11 75.752976 53.140076 14.448722
12 75.752976 56.295853 9.065772
13 75.752976 54.868436 11.6285
14 75.752976 51.497164 16.878558
15 75.752976 49.520828 19.970465
16 94.023266 49.70274 18.220269
17 94.023266 55.065933 12.999361
18 94.023266 52.770621 16.638501
19 94.023266 51.149684 19.070336
20 94.023266 54.72578 14.798078
21 94.023266 57.231945 11.877261
22 94.023266 56.833968 7.013916
23 94.023266 54.866301 13.469713
24 94.023266 55.673018 15.716926
25 94.023266 56.469577 10.048584
26 94.023266 55.964106 11.079824
27 94.023266 55.72792 10.45971
28 94.023266 57.171734 9.478717
29 94.023266 57.071859 10.560724