
0 21.752976 -1.240186 8.70325
1 66.225448 11.737298 16.307468
2 64.092245 3.271839 15.578076
3 75.752976 25.145585 24.02925
4 75.752976 36.070871 24.910591
5 75.752976 41.578072 22.773846
6 75.752976 49.742321 18.701743
7 75.752976 43.465561 22.811347
8 75.752976 47.643445 19.609488
9 75.752976 46.735987 20.186163
10 75.752976 48.487951 18.693369
11 75.752976 49.933025 18.494956
12 75.752976 53.126425 15.312138
13 75.752976 49.210455 17.774796
14 75.752976 52.282547 15.53684
15 75.752976 50.608955 16.027687
16 75.752976 52.026384 13.320019
17 75.165189 33.529596 26.078315
18 75.752976 45.970298 18.87102
19 75.752976 52.937392 15.83015
20 75.752976 51.691473 15.255351
21 75.752976 51.511389 14.9406
22 75.752976 50.082327 15.624862
23 75.752976 50.444776 16.773165
24 75.752976 53.905135 13.36158
25 75.752976 51.902086 13.346726
26 75.752976 48.100276 18.511301
27 75.752976 53.265366 15.309866
28 75.752976 51.130228 16.699563
29 75.752976 52.084955 15.693755