
0 30.225448 -2.194487 7.602094
1 57.732142 14.05561 17.588971
2 66.16227 26.391882 22.023704
3 66.286267 32.145891 22.633347
4 85.899556 40.789787 22.801882
5 85.899556 45.073145 19.921997
6 85.899556 41.584428 21.629774
7 85.899556 38.785329 20.136604
8 57.752976 19.383773 21.630259
9 66.21004 37.676902 20.208859
10 66.21004 39.465433 18.270499
11 75.16227 48.525157 16.431578
12 75.244258 50.093492 16.122635
13 75.747727 55.770224 11.154133
14 75.747727 52.590086 15.570964
15 75.747727 51.664635 16.092813
16 75.747727 54.700703 12.684879
17 75.747727 54.377338 12.406868
18 75.747727 53.263029 14.82477
19 75.747727 55.759214 12.28804
20 94.023266 59.212773 9.690489
21 94.023266 53.678552 17.552817
22 94.023266 56.538821 14.900079
23 66.16227 34.550191 27.212727
24 84.776954 51.304015 17.636725
25 84.776954 52.732136 18.073615
26 84.776954 55.761197 16.477203
27 84.776954 56.183915 11.779143
28 84.776954 54.511253 11.52898
29 84.776954 56.51209 8.060152