
0 57.194865 -0.536178 11.787569
1 57.286267 17.554298 22.765177
2 66.091917 29.158317 23.08294
3 66.282972 35.665433 21.964411
4 66.601837 37.949595 19.965807
5 92.702846 39.646618 22.158897
6 92.702846 42.809727 23.721601
7 92.702846 43.010296 23.585889
8 92.702846 45.499939 22.67201
9 66.601837 25.679736 24.608501
10 66.752976 36.169226 22.28074
11 66.752976 39.593299 20.956224
12 75.213103 42.960251 19.376714
13 75.213103 45.43607 18.253294
14 75.213103 48.099742 18.773558
15 85.633853 46.554694 18.594118
16 85.633853 47.657866 18.842864
17 85.633853 48.917843 19.103233
18 94.023266 49.58111 20.572582
19 94.023266 54.47399 15.91611
20 94.023266 55.331283 17.087663
21 94.023266 53.649163 15.366288
22 94.023266 51.838192 14.42372
23 94.023266 55.375419 10.782397
24 75.091917 35.989358 26.508335
25 75.091917 50.222732 16.271189
26 75.091917 50.767812 15.653666
27 75.21004 49.367117 16.189387
28 75.711733 50.625827 16.56225
29 75.711733 53.485857 14.072653