-2.372178217660871891e-01
-3.324895708738430655e-01
2.061230819443398143e-01
8.606254828350387576e-02
-6.751485334783238201e-01
1.482592093663642197e-01
8.122777553443222276e-02
1.829612416212029746e-01
-7.897128263571635554e-01
-2.922213673680353896e-01
2.878623890396662666e-01
1.000000000000000000e+00
-3.494131383156788284e-01
1.000000000000000000e+00
3.983316868981750525e-01
8.619111051765016018e-01
-4.748557662535121127e-01
-2.344410110202669595e-01
-1.360440113187984246e-01
1.260368382274130727e-01
2.587644380675455658e-01
6.429401102625381670e-02
-6.282345936752554705e-01
6.452034348317671197e-01
-2.254222837678873659e-01
6.158533239511971846e-01
1.337017594512010799e-01
-5.794713617663846961e-01
9.937927726774254955e-01
7.593763871955011568e-02
-3.009584692703430875e-01
-2.180795159643140191e-01
-9.495350232729569129e-01
5.978866048185110804e-02
9.822871049707621038e-02
7.650515206838295335e-01
-4.888789953307863811e-01
-2.506108795915208409e-01
-5.228367464770353884e-02
-7.132216546829990567e-02
-3.803678139717967532e-01
3.193462327552804708e-02
1.183750616770276598e-02
4.199138863161099300e-01
-9.350803626208623598e-01
-5.266215086973866644e-01
9.059339238217036794e-01
9.570395865295427962e-02
-4.705335843689306685e-01
7.428351296261724857e-01
-4.390141324694137870e-01
-1.162930677033209570e-01
1.019284700175372010e-02
1.028100064009224573e-01
3.304393884352314625e-01
-3.995735604531214236e-01
3.283845018901229151e-01
9.093358756439799961e-01
2.999969383714196636e-01
3.339378319065531286e-01
-2.839177623677867635e-01
-4.120180449063167716e-01
1.317668362486736910e-01
4.995422685986296019e-01
3.291156827223906678e-01
-4.145611193677365414e-01
-1.805878870801119196e-01
-4.192394043987134888e-01
1.198876111482909956e-01
7.122959223649757421e-01
-2.382844362982266817e-01
3.620340703980331476e-01
3.403146907370653840e-01
-8.528042559783579613e-01
-4.202600197824307160e-01
9.976388254529099386e-01
1.669888403733069127e-02
-3.817745414723838215e-01
4.415275999777371618e-01
1.000000000000000000e+00
-3.896548646639863556e-02
-4.458944927545851478e-01
4.046336599772769604e-01
-1.973662498432061929e-02
-1.632372143018982202e-01
-1.807951473840626044e-01
-8.192242643482408049e-01
-2.510131021455209166e-01
3.043645221355771868e-01
4.980620417956271861e-01
6.535175529111090231e-01
-1.995351885087245092e-01
-5.142023801432045182e-01
-1.000000000000000000e+00
-1.223471107016103621e-01
-4.933692026194606561e-01
1.738670417761068732e-01
2.317777016881525376e-01
-9.878617322562290859e-01
-1.324029791580121906e-01
-1.000000000000000000e+00
3.543683039348319852e-01
8.732078892135175519e-02
-6.766883966739564160e-01
-5.071735846073769372e-01
-9.429517778414636675e-01
1.435499287460507978e-01
-3.134945981254363412e-01
1.759748112139062903e-01
4.193100414873271453e-01
2.534327626962527558e-01
3.193604712510623167e-01
-6.792160617338974804e-01
-4.416186667352845485e-01
9.620096201393633917e-02
-1.532242985213573550e-02
4.508381146745379930e-02
-8.601997675885533767e-02
5.832351488110487647e-01
-1.257678243196077017e-01
2.535891580932496114e-01
1.000000000000000000e+00
-2.535754211461220264e-01
5.188922781973565046e-02
-3.485991732910482255e-01
3.467992408567610041e-01
-2.468521921289233700e-01
-6.477803232605844341e-01
-5.262944961875759553e-01
1.000000000000000000e+00
6.410937328485941111e-02
1.544305658295373473e-01
3.939629152340847762e-01
5.671372381918500238e-01
9.582050975688777283e-02
-1.002725873649389365e-01
1.458944542918022003e-01
1.897281007433547217e-01
4.780222762536015524e-01
-4.849950727908639014e-01
1.621861690696352054e-01
-1.794668837504981296e-01
3.542942997211304679e-01
2.522755297764698867e-01
-5.454943434076600095e-01
-3.879889197851508348e-02
-3.413818619505009089e-01
-1.205278251828082597e-02
5.458831333629929894e-01
-8.186744771482020733e-01
-6.780841787236956408e-01
-2.187284577977542943e-01
-4.323819066533899913e-01
5.104499923005038908e-03
-5.937066639675419033e-01
-4.460312552527689878e-01
-4.598134808729347212e-01
-7.025032891737795770e-01
2.529586648021717177e-01
-4.074285644335443740e-02
-3.188567542909636066e-01
1.000000000000000000e+00
5.567668933040395007e-01
1.538001053606329327e-01
-8.470656432878755915e-01
-3.348270338582997052e-01
-5.904643369764781546e-01
2.806951620555939164e-02
8.729807329931110749e-01
-5.292030701867316278e-01
7.078506314732235793e-01
4.246855437294012603e-01
-6.783804114515898931e-01
-7.721561232074087844e-01
-2.166232856607193669e-01
-5.650515456059393982e-01
-5.445212858647525689e-01
-2.291523909170274376e-01
4.304901749757122226e-02
1.000000000000000000e+00
-1.563437878704432571e-01
-2.473966256854359669e-01
3.379209940690017233e-02
-3.472539009546080080e-02
1.687223505740919893e-01
-6.562714846134821978e-02
3.059851592555123401e-01
-3.908160842485158826e-01
4.622412255735737219e-01
1.000000000000000000e+00
-1.219690257962639940e-01
2.928018805415377734e-01
-5.841951098976659873e-01
5.227577373977865260e-01
2.542863867580686943e-01
4.686736477970574466e-01
-1.000000000000000000e+00
-3.906451528142407259e-01
6.813117148032167281e-01
6.254974572771866415e-01
8.449414638375553344e-02
-1.584642214390960535e-02
1.000000000000000000e+00
1.000000000000000000e+00
8.289621557374009519e-01
-3.934824618136163465e-01
-3.641396464403534594e-01
-2.103019970080359236e-01
-8.372609008033059519e-01
-8.883322167844617256e-01
-1.897568603426705303e-01
-2.611388996068528257e-01
1.669463453561302324e-01
4.974987688827923193e-01
-7.855589733575452094e-02
-3.834240020478250077e-01
-5.001015940442678220e-02
4.460801265173341967e-01
3.816869315049253863e-01
5.079832399752624017e-01
4.223919318334792283e-01
3.190117079604606332e-01
2.197695386102331561e-01
6.325737416140769787e-01
4.002789468625871927e-01
4.583729148928297747e-01
4.442685853725261147e-01
-3.704971108262935520e-01
-3.202238554760561962e-01
2.683305745239498996e-04
2.347032210755138903e-01
9.439773926377389990e-02
-4.274846826310049752e-02
3.410235890352564248e-01
-1.179260821165796502e-03
-3.521108101277211633e-01
4.014409965394137858e-01
-4.102072685253311812e-01
3.312383076073736610e-01
-2.441102379639404629e-01
6.227990615388211415e-01
1.232107533174017777e-01
4.966852995060372367e-01
9.394677893359016929e-01
3.852331213355225659e-01
-5.122217662535799576e-02
1.579740839873779445e-01
-1.000000000000000000e+00
7.207039257964342749e-01
1.000000000000000000e+00
9.846857456354298765e-01
-3.965558975680649190e-01
-2.188609517184904041e-01
1.024986456386925981e-01
1.626591881125216410e-01
-1.000000000000000000e+00
4.273822536517522530e-01
3.617913734445421525e-01
1.981710347028436958e-01
-9.186596969407102575e-01
-1.072046347288341250e-01
-1.415361206962122143e-01
8.631833131129298398e-01
-6.820770597235461530e-01
7.512055770853071079e-01
