-5.422074699410459608e-01
1.797942957357140381e-02
-2.049261806354397697e-01
-5.132301760522043343e-01
5.629852127508927495e-01
9.058644786800955362e-02
3.031529737604646835e-01
-2.007867139773731602e-01
2.275153759601700743e-01
5.322136681336929742e-01
-9.082986146934179938e-01
1.000000000000000000e+00
-7.767706128016468314e-01
8.441905928230448719e-01
-1.815309605590656461e-01
5.047256921394076279e-02
3.057968463641461132e-01
-3.129432607370328800e-01
-2.556820881302931392e-01
1.642565271350017453e-01
-6.052956589040774799e-02
-7.923188745988427595e-01
2.470974928166705109e-01
-3.233925037175326422e-01
-1.000000000000000000e+00
-5.681057062151519954e-01
1.000000000000000000e+00
4.693231563752970348e-01
-3.143960342514900974e-01
-6.305091280846715218e-01
-2.208990197121006305e-01
-1.089365028168069599e-01
6.927795194950434610e-01
-4.291581090563785228e-01
-4.739668980293844647e-01
-2.149527534064681888e-01
-4.114891696222895412e-01
-6.383490022615857795e-02
-2.916919568913832195e-01
1.376272032609054119e-01
2.946077970770582533e-01
4.680242731724159611e-01
-8.593348406605781642e-02
2.552643782362833957e-01
-1.248572727075729638e-01
8.037790260776298545e-01
-1.000000000000000000e+00
-1.328029440067080014e-02
6.977388181522778954e-01
5.605574550546738033e-01
-2.301419573942245500e-01
1.905529428737695596e-02
-4.436941491574920016e-01
3.374518055700606034e-01
2.025186415281498564e-01
9.158231596601096314e-02
-2.483826078287643679e-01
1.973327585628221748e-01
-5.043722755185866546e-01
6.555540859313314650e-01
-4.894923922708571684e-01
4.370140777234480245e-01
-3.587507762612549000e-01
4.643390613095907393e-01
4.350122575894300181e-01
3.073324159232565522e-02
2.773347557517594764e-01
-5.279661334802072670e-01
2.813509286864748216e-01
-8.647498993149194124e-01
1.000000000000000000e+00
1.552266065873192380e-02
7.890476282750070736e-01
-3.629655652058960680e-01
-1.000000000000000000e+00
-3.231217087204076022e-02
1.000000000000000000e+00
1.752702371846242002e-01
-2.631602387107829788e-01
-5.947560815481094387e-01
4.783547393597368247e-01
1.126502987778721376e-02
7.831696115465591745e-01
4.940449097039845694e-01
-5.812305600268719008e-01
-3.782490049006888566e-01
-6.048572834878144233e-01
5.801910883005457764e-01
2.805960669402752239e-01
-9.680408633500410254e-01
-2.981763774954590551e-01
1.801774366848988077e-02
1.000000000000000000e+00
-6.775757053221825865e-01
-6.101022934705888634e-01
-2.419515152566740490e-01
9.387594482091586867e-01
-9.360231421613143254e-01
-4.755800081217343434e-01
-7.496068277704247551e-01
-3.417535641280582959e-01
-1.823200459643107840e-01
4.470752347746320687e-01
-1.111938901679314640e-01
-6.148985733412440924e-01
7.929377753376598559e-01
-5.323208961616988644e-01
2.805466413807091164e-01
-4.790277553438404001e-01
-1.000000000000000000e+00
5.726970680070144759e-01
5.107537880239698680e-01
-6.714472253802211688e-02
-4.103676708358922620e-01
4.475803949794046610e-02
5.269172112872069214e-01
5.176429341985119281e-01
3.085070972152459956e-01
2.315401115419769285e-01
-1.656925771519807689e-01
-2.502014497479110866e-01
1.000000000000000000e+00
3.621547084627865787e-02
-3.678575202819172052e-01
1.000000000000000000e+00
-2.412001489383230612e-01
2.495574265534574177e-01
8.823713160002719658e-01
6.169984547651585771e-02
1.349912589205575497e-01
1.984464754424347666e-02
-1.782478063603435969e-01
-1.026008938642348628e-01
-1.000000000000000000e+00
1.274998778987412040e-01
1.306181677863965107e-01
-1.404326466758800407e-01
-3.102574701660837930e-01
-1.429917952003788573e-01
2.284347070595370288e-02
-6.553914865816830027e-01
9.228876085992000489e-01
-5.228531105556182695e-02
1.000000000000000000e+00
5.427019498950408360e-02
2.922823793730024988e-01
-1.332554674512630433e-01
1.000000000000000000e+00
-1.407648177756726793e-01
-2.465045210890854099e-01
-3.317993011726845520e-02
-3.726274735960732887e-01
3.535109073347263986e-01
-1.882876078450390900e-01
1.534583813848131861e-01
-3.046836052689584351e-01
8.538877392589890869e-01
2.786907101371490225e-01
7.794078768505593446e-01
-4.587250411293868346e-01
-6.207793032873332173e-03
-7.044277645241044106e-02
-4.940307980538897192e-01
-1.883760024355944918e-01
-5.351698043694570750e-02
1.917184441598544786e-03
1.206565989669448058e-01
-2.885780419139239994e-01
-2.368612570310026089e-01
-7.980715016557740626e-02
-1.000000000000000000e+00
-1.000000000000000000e+00
8.876960930020247331e-02
-4.244054158411207367e-01
-3.629611895724740855e-01
-1.000000000000000000e+00
-5.621813254400251925e-01
2.980926387351289786e-01
-2.755512439906424582e-01
-5.885942436777134024e-01
-2.891829023345804939e-01
8.832848917875896211e-01
4.323990985925804664e-01
1.000000000000000000e+00
4.978414747101246873e-01
3.226788207007414422e-01
-2.330685812150607161e-01
1.000000000000000000e+00
-1.000000000000000000e+00
1.000000000000000000e+00
-1.000000000000000000e+00
-2.206044619040305743e-01
1.445515820758410952e-01
-2.618843071141266354e-01
-9.113743024418813343e-02
-1.000000000000000000e+00
4.264050499613931677e-01
4.420557358896263223e-01
-2.307892162758876098e-01
7.944165548230397444e-01
-3.564234750250175887e-01
2.036169705694864107e-01
1.000000000000000000e+00
2.749400741659443481e-01
1.819868736307889145e-02
-4.966656695050091219e-01
6.742938512432877785e-02
-1.000000000000000000e+00
-1.355272162737164443e-02
-4.312556968101248778e-01
-1.560439824334450831e-01
5.012135581253076566e-01
4.388385012993184509e-01
4.485459321718875958e-01
2.907851180533458368e-01
4.552212817989056970e-01
-2.529289575966097575e-02
6.228600728577604606e-01
8.911074821296163240e-01
5.594034719199938444e-01
-1.252352851502277209e-01
2.653369568885542984e-01
-4.226236828402195056e-01
1.000000000000000000e+00
-8.471258080334526097e-02
-6.209471604808311507e-02
3.224825693334670840e-01
4.093572058097736388e-01
-2.288210888302605883e-01
5.872613117936922311e-01
-8.107239885775967547e-01
-1.000000000000000000e+00
1.000000000000000000e+00
1.792318841746667890e-01
-1.000000000000000000e+00
6.096736881311815015e-01
-6.915920729694398084e-01
-4.179548121170745256e-03
-1.000000000000000000e+00
-4.765813055317968255e-02
2.518631168726113700e-01
3.860697640309447287e-01
4.225238824600860976e-01
1.000000000000000000e+00
9.567944214869475439e-02
4.119369224774019900e-01
1.601812984553044050e-01
1.731766129448153446e-02
-1.878068042221121836e-02
2.970572792406693807e-01
-5.989958547331535321e-01
-8.314248094374426801e-02
4.205174540852560372e-01
9.940750524422189982e-02
6.191924115021381070e-01
-2.225802509289866449e-01
5.619753436497079147e-01
5.579131631161480254e-01
4.731464004999992312e-01
1.655171564031112097e-01
8.461727887895276190e-01
-5.585125126068655188e-01
-2.474965866790333202e-01
3.413117027577090568e-01
1.000000000000000000e+00
