
0 21.222348 -3.283312 5.257355 -40.0
1 57.566278 7.570986 14.612541 -10.0
2 75.624722 20.093973 16.016547 12.4
3 74.679232 28.851624 15.366212 12.4
4 88.052892 29.95423 20.427088 34.0
5 88.869365 38.630403 18.539355 -10.0
6 84.959599 36.431117 18.919665 13.0
7 87.822547 41.0787 20.746569 0.4
8 87.392892 44.775471 15.088256 41.8
9 87.392892 46.685635 19.879332 13.0
10 89.256796 47.446427 20.202742 26.2
11 86.31194 53.896853 18.678545 41.8
12 89.256796 52.351483 21.367706 43.6
13 86.912892 52.164186 19.088221 31.6
14 87.153647 49.745414 29.901068 23.2
15 87.051655 56.601373 19.412768 43.6
16 88.905064 56.765945 20.52367 43.6
17 87.092828 57.02771 20.96834 19.6
18 88.712892 53.559039 21.092035 37.6
19 88.952892 56.636696 20.300922 47.2