1.000000000000000000e+00
-3.502081554355001014e-01
-6.701326013243348589e-02
9.056359570204998155e-01
-8.517610437977936044e-01
-1.866994320757842662e-01
7.333889190548561476e-01
1.893529777766653488e-01
-2.152217099934770062e-01
-3.475140961008379992e-01
-1.000000000000000000e+00
7.069692537836044233e-01
4.110004768343099579e-01
8.112242920238346144e-01
-9.367204887302826855e-02
5.200084643219461400e-01
4.834065210990086126e-01
-1.865379656750278670e-01
-8.900663928257901425e-01
2.842663761139216927e-01
4.288901335725680553e-01
-2.838956849965615370e-01
1.796376514304226513e-01
-9.208660786433339185e-01
-6.889031258443120698e-02
-9.389902009434014651e-04
1.169983875277681440e-01
1.909602103300244991e-01
2.114324248344609525e-03
-2.505552986566118162e-02
-6.048773638059179447e-01
4.481155034947557902e-02
6.346283708332068896e-01
-6.204247167463040613e-01
-7.303288847919918725e-01
-4.989679204637736398e-01
-4.179102654685948881e-01
-4.831451665474082446e-01
1.519306051676043434e-03
-2.058155834938391049e-02
9.378934397534330891e-01
-2.096695851984206049e-01
-6.094194775451561297e-01
-2.112731871220792368e-01
1.414188646810149164e-01
2.137687681530537898e-01
-1.266295753571795857e-01
-6.347183544522615184e-02
5.664615734750995113e-01
4.696474646735291497e-02
9.468913533360578949e-01
-1.792198372679638940e-01
-2.390240286833969774e-01
3.072814732195028667e-02
-1.000000000000000000e+00
-1.000000000000000000e+00
3.156312379152486636e-01
-7.807926762452973568e-01
1.239032549421680562e-01
5.202190867418596820e-01
8.260123150162016481e-01
-1.000000000000000000e+00
-1.000000000000000000e+00
-8.068021155073401562e-01
5.729319361589435555e-01
-3.856702185895694024e-01
5.963663375099480524e-01
8.630214718603120838e-01
6.859863310094956868e-01
6.107049660452854023e-02
-8.061618944597855885e-01
1.655667984359461553e-02
-1.000000000000000000e+00
-2.229312438296705001e-01
-6.317879627323192970e-01
4.061153416359513102e-01
9.476113024235072180e-01
-3.318327864629981305e-01
-6.906214796944123990e-02
6.647649953741839868e-01
3.761123391834077234e-02
-8.080838687504546813e-01
-2.821527466050890443e-01
2.358170015894528460e-01
-6.511213233937559464e-01
-3.792517720222585154e-02
-7.190794336131733910e-02
-5.190016780516834571e-02
-3.981956828127553027e-01
-1.000000000000000000e+00
1.000000000000000000e+00
1.200556245911515857e-01
3.817230078461258946e-01
-7.318823949608159463e-02
9.516805555353108348e-01
2.937715735627281777e-02
4.005152077272317590e-01
-5.396686068204901154e-01
-4.641462945938212847e-01
-7.573615719506069377e-01
-2.926714257489627588e-02
-8.217307432453045957e-01
-7.447173219744467332e-01
-8.959670588795934920e-01
-6.304760169398140324e-01
-3.221628114447519509e-01
7.568453034474825758e-02
-2.095629580072043696e-01
1.953118555910434428e-01
4.368968301184931319e-02
-2.705571167399697385e-01
7.625747045264931190e-01
4.529861847890865323e-01
-1.000000000000000000e+00
-7.707811539990407912e-01
1.000000000000000000e+00
1.030654904714442544e-01
5.622673387666636824e-01
-2.414298929932450766e-01
-1.000000000000000000e+00
-3.423096959827306440e-01
-2.917216262303765628e-01
-3.221665201104325638e-01
9.051643038653738316e-01
2.844298972990200181e-01
-9.678396565329572265e-02
-1.420677021467830169e-02
-1.000000000000000000e+00
-1.349888864229135954e-01
-8.667586480191423748e-01
1.315199436290455104e-01
2.808462300324702787e-01
1.386333063354160955e-01
1.682387588034528203e-01
2.787813311690811036e-01
6.399558489336529266e-03
-1.000000000000000000e+00
-1.836277902908108606e-01
1.820118842416167948e-01
-3.024834212873501738e-01
2.384152550141092619e-01
-6.160724381285567208e-01
-5.996333749632219989e-01
-7.339971926744849329e-01
7.759272990304332263e-01
-2.157100697221337737e-01
6.906751076665466893e-02
9.397361377613581146e-01
-9.558540245894123211e-02
-6.269489713614135873e-01
-1.903926342250845949e-02
6.325627339801642712e-02
-8.523578793664073894e-01
-1.376642015641014183e-01
1.217833937740737671e-01
-4.382230716313305352e-02
-5.970635516704427825e-01
9.303333774327585126e-03
8.901348338623134016e-01
-6.298137584441372283e-01
-6.908105705827735088e-01
-2.251507630125425818e-01
-6.525269106897833016e-01
-3.311063064382276377e-01
-8.101902775673847090e-01
3.501295952227331809e-01
6.130163631394809354e-01
3.823088659160981395e-01
-3.255803194056116623e-01
-1.971208843153481050e-01
2.441719351177606967e-01
-7.449077353541802005e-01
1.775818925149379515e-02
-3.054603693623597627e-02
1.015469338093725193e-01
7.733648801438520737e-01
-5.525651054258127193e-01
9.239908688980370544e-01
-1.000000000000000000e+00
5.066162590602144022e-02
-7.039568540434942845e-03
-3.290006284191225872e-01
-2.088519469948174612e-01
-5.847135502295061071e-01
1.567180081125989499e-01
-5.778673094446130920e-02
1.931642153753783120e-01
5.319914042614583005e-01
-4.198129942507666246e-01
1.000000000000000000e+00
9.110309110766495744e-02
-4.595722481242478508e-01
-8.402233729979895205e-02
-9.488349260260887652e-01
1.398760202147996401e-01
9.666198464371714705e-01
2.671193397554008087e-01
-6.846024840553117663e-01
1.000000000000000000e+00
-3.029656507434482227e-01
-4.018068453094350012e-01
2.147681102845901413e-01
5.727056882131292825e-01
-1.000000000000000000e+00
3.187530725134791743e-01
-3.249512993911513603e-01
8.341832257118093619e-01
8.963841664120846264e-01
-1.000000000000000000e+00
1.399594829171250110e-01
-2.046564852551771840e-01
-2.662101657666006149e-01
3.528547504118089151e-01
6.612039551041631880e-01
-2.685844149021475724e-01
-2.467430608580732654e-01
4.112711896759845276e-01
2.505608543225236740e-01
1.616971707172640271e-01
-6.454697570169769250e-02
4.379895193588182467e-01
2.211451432130330241e-01
-1.252455265185141997e-01
8.236421331681509361e-02
3.180456047249990981e-01
2.959943765327904819e-01
2.680046647477272725e-01
1.823695807960700466e-01
3.399985021682467856e-01
-3.781510358216642054e-01
1.000000000000000000e+00
-4.927492093665932216e-01
-3.009048484409165836e-02
9.645505274612962143e-01
-7.077485297110355233e-01
-9.277429794800949869e-01
-2.358085356237700492e-01
5.186426938175593415e-01
3.929240205953695164e-01
-4.527321677020453294e-01
-2.798787381479748704e-01
-9.751782910619638534e-01
-9.090052656621645522e-01
-2.977805319842247861e-02
-5.254470228213953265e-01
-3.005459259131422201e-01
-8.455852199298655725e-01
3.391517714033279729e-01
5.350177228332311241e-01
-5.461485750727103072e-01
7.501322321163217399e-01
-7.441055450181895126e-02
1.237411445765022044e-01
1.487716056629375273e-03
1.960358732919999514e-01
-1.149389182803446791e-01
-7.371160300620351880e-01
1.224011016359503601e-01
7.819879573548821350e-01
1.107279320425824665e-01
-1.603616986551011647e-01
1.393805710843471490e-01
7.551960472656660261e-02
9.602010235469546351e-02
7.416402368163357295e-01
