-3.777787621720153366e-01
3.707217093148093556e-02
6.294285328475560659e-01
1.374543515281853590e-02
9.067492665548218533e-02
1.786893204271016167e-01
-3.796211523680106947e-02
6.726185422403300196e-01
-9.605957731784317555e-02
6.047479986054948853e-01
4.568343505555458872e-01
1.000000000000000000e+00
-5.683463964198071094e-01
-2.301494675954185165e-01
2.526791203113199491e-01
2.726342920356272792e-02
2.606970093658070864e-01
1.349578034364862233e-01
4.760786488203709865e-01
-3.230214317136023000e-02
8.281282766763603531e-02
3.202712364087496599e-01
-5.533432962238148400e-01
-5.684103802778173176e-02
-5.573584188065399125e-01
6.872055200811881814e-01
5.238768393675483082e-02
3.133349955639406215e-01
-4.514579044093323112e-01
-7.662784893120613838e-02
-3.339751685004322956e-01
5.481511935691206483e-03
1.407477561241850805e-01
3.290504459078796851e-02
-2.604381559875390550e-01
-8.251447673593047538e-01
-1.789418011401026631e-01
4.666987148793112494e-01
3.532359026689484982e-01
-4.254405959103613744e-01
-1.428049112773835949e-01
5.481534812733095119e-02
2.479772999347008011e-01
-1.000000000000000000e+00
-1.598754037257950067e-01
-3.680508538380984351e-01
-9.680152778319062179e-02
1.088816459701796857e-01
-2.698756829157611392e-02
-2.042394291424644015e-01
-2.057193071045031185e-01
2.843299539401175080e-01
5.745652645046031015e-01
2.199129975191354280e-01
-3.945202984983360306e-01
-6.986298882288000112e-01
6.341676477668425349e-01
-1.503951735888701124e-01
-3.593553617527395216e-01
-1.000000000000000000e+00
-7.365126719531249755e-01
-3.195206183171739323e-02
-2.937951198463422675e-01
1.054714414803176875e-02
9.467953742635343284e-01
1.000000000000000000e+00
2.017604325285074496e-01
1.569606922908756697e-01
-2.246406305304536333e-01
3.512975895625422007e-01
4.231624914879298371e-01
1.565177615640118702e-01
-5.691031600494352027e-02
2.979652157349174102e-01
-8.762872451557981446e-01
2.641122739074884818e-01
-4.623925210777183881e-01
-1.478482113620429306e-01
4.607155814317799858e-01
1.001051262768244687e-02
-1.000000000000000000e+00
8.734070437130621034e-01
-1.226920375888663345e-01
5.666120819441022860e-01
-4.625574988586353409e-01
-2.709612965997348910e-01
-6.931774084660335955e-02
2.370799027622009780e-01
3.367303518386988159e-01
-4.660810466760844095e-01
-9.939530176267327710e-02
-4.727448742568135520e-01
2.165449770058109902e-01
1.000000000000000000e+00
9.074842435495947268e-02
3.372915110320791054e-01
-8.592874047220198097e-01
-1.903808931793173759e-04
2.722573648819767156e-01
-2.713544608618193021e-01
-1.497878864354089679e-01
-2.542176808252921694e-02
2.156508139417499109e-02
-6.834450134226004447e-01
7.942445429459956685e-01
1.874849452291369734e-01
-3.045444596585871189e-01
4.469417489903768081e-01
1.000000000000000000e+00
-5.199851727871611651e-01
3.844319993170465244e-01
-1.775270056185464518e-01
-4.541123919925176000e-02
-4.863806395036386343e-01
8.903796563215007898e-03
1.011166445252169310e-01
6.484435753420521309e-02
-3.355468149352696661e-01
-4.531825634715112572e-01
8.217090562890103644e-01
3.307373245580131904e-01
1.000000000000000000e+00
4.341185370527951282e-01
-3.435612957252963673e-01
-5.634406281765292901e-01
1.525336050319635872e-01
-2.811103003738790185e-01
1.735059006836635054e-01
5.998698182743580215e-02
4.185674817335304776e-01
2.040558081906645449e-01
-6.273575505841157141e-02
5.153101156638488778e-01
1.989895976745167383e-01
-3.410391778877057412e-02
-1.110988056893231768e-01
4.449616253056212223e-01
1.000000000000000000e+00
4.863307136672992415e-02
-3.279731482088242278e-01
-7.784662181009911475e-01
1.137230607462714482e-01
5.386873804864302784e-01
6.032601152374850173e-01
-2.916075775155042571e-01
5.703994230841885615e-01
3.201220373824681387e-02
1.000000000000000000e+00
-5.027846337550428979e-02
1.348279325679545559e-01
4.473810750004741932e-01
-6.096477365783149471e-01
-1.525790903685600719e-01
1.000000000000000000e+00
-1.492493307229369459e-01
1.467718978678808628e-02
-1.713184104684034592e-02
1.000000000000000000e+00
-1.349162364731777697e-01
-3.159428391987338380e-01
-1.516605848623652497e-01
9.126913466973304301e-01
-4.337884963668379168e-01
1.000000000000000000e+00
-3.064538098443208014e-01
-2.318439154659540924e-01
-3.561651849878990639e-01
-2.537459798115953014e-01
-1.000000000000000000e+00
-1.858080631446030195e-01
-8.596483756630653172e-02
-1.403219548781118042e-01
7.216088500622631630e-01
1.061159824686586928e-01
-1.984576633984325156e-03
-3.205215225441769844e-01
6.403492704360304044e-01
1.318334606809350162e-01
-3.976569632067699089e-01
-2.774114419347687432e-01
1.447408273739802798e-01
6.200338123108042332e-01
6.044622011415164975e-01
3.160456962370323808e-01
3.979172868484650016e-01
-1.320670751648001517e-01
-4.871861843976561524e-01
-1.978459460808522086e-01
-2.621912183187198875e-01
-1.345364560283411615e-01
-2.003451413635959910e-01
7.342386347105700484e-01
-8.655338556992429044e-01
9.424649305274448441e-01
-6.107488322162456518e-01
5.021432964672981614e-01
2.113270812371758900e-01
-7.190358141568149730e-02
-1.914207022676054359e-01
3.697948303153414940e-01
4.866896529937440041e-01
3.615570421981734728e-01
-1.534595421610615296e-01
-4.311570266433717435e-02
2.860819815682408840e-01
3.699982740003161519e-01
-1.062175692256852877e-01
3.385267474276592026e-01
-5.517488084071954235e-01
-2.475276373092247795e-01
-6.011578611087929902e-01
-5.057590156829130379e-01
-1.104156849797419959e-01
7.187634937646851796e-01
-9.325317154082335414e-02
1.092747157972131650e-01
5.367477773928924778e-01
6.511845012626269469e-01
-6.515558250903824566e-02
-3.405991491049996378e-04
2.118646664524548306e-02
-3.531071004304349170e-01
4.375461152164125678e-01
6.611525903503570056e-01
-5.118608542545591833e-01
-7.375897822873322962e-01
-1.742262321385290857e-01
2.044461609030012172e-01
3.566043062307754363e-01
1.467804586038544690e-01
-1.056150524834271326e-01
-3.009449649810496119e-01
-2.084789428242271314e-01
-2.859824380258632059e-01
-6.271567462415357230e-01
4.053628446524117912e-01
1.000000000000000000e+00
-3.033859341657754033e-02
1.000000000000000000e+00
-1.704236042940658058e-01
-7.888343422784176440e-01
-3.046643977112653001e-01
5.291802363053957903e-01
6.258864687833853857e-01
-3.082180808289003426e-01
-8.937529326034379107e-01
1.000000000000000000e+00
-9.942987151418716807e-02
-1.747744688436971838e-01
6.207417051370847649e-02
4.701599454809895356e-02
5.769924925409352090e-01
7.371332820060081392e-01
3.949971035654444296e-01
2.449787202826901322e-01
-1.253190415544617742e-01
-4.081125362821763636e-01
2.547420054377377840e-01
-2.638201208032686651e-01
-7.488412276827780545e-01
-7.369236982153926085e-01
4.402669395716328760e-01
-4.613976225659731090e-01
1.865604964584738901e-01
-3.051892590279397521e-01
