-1.768950960409098883e-01
-1.000000000000000000e+00
-7.556066707813888783e-01
4.633947733825666271e-02
1.000000000000000000e+00
-2.251114532651826705e-01
1.613186607485271873e-01
8.914377874824360726e-01
8.841438750413918024e-01
-3.650611700277042737e-01
-4.512041268725638932e-01
6.599351927288333863e-01
4.959691397241516864e-01
3.346031929267113680e-01
-7.114220302919691541e-01
8.313659196660193595e-01
-8.388200582868479693e-02
-7.369864854934504717e-01
-1.824155093086993751e-01
-1.000000000000000000e+00
-4.721002517664698583e-01
1.000000000000000000e+00
-2.770771624716401871e-02
9.794140129301336095e-02
-8.354048822431570098e-01
3.446841216308428879e-01
-1.939004774255607688e-01
-2.701557841795516612e-01
-1.740200772207441127e-01
-1.597145622988410119e-01
1.000000000000000000e+00
-2.262026557248982689e-02
1.000000000000000000e+00
4.545835841522180565e-02
-1.000000000000000000e+00
-1.000000000000000000e+00
4.240195182576975697e-01
-9.209685124040879467e-01
3.580894160384979763e-01
9.727548701181298885e-01
1.000000000000000000e+00
-3.149555747801870975e-01
-6.296354734555807964e-01
2.900362760649536908e-01
3.965635600531817739e-01
-6.650230415575900111e-02
1.441269978756546388e-01
4.745321861539487096e-01
-5.042615618629839869e-01
-1.000000000000000000e+00
5.192321200966077965e-01
8.429400972933084324e-01
-1.476444069024742678e-01
-5.916395402379436286e-01
-3.777696961718435831e-01
2.649079506006628559e-01
1.822762228499082426e-01
8.171078629165635654e-01
-3.222055474456740620e-02
-4.376859610785479027e-01
9.255913013963937841e-01
-5.713079394772707653e-01
2.731697373651737482e-01
1.000000000000000000e+00
-5.746639966951917478e-01
-1.000000000000000000e+00
1.000000000000000000e+00
-9.475954206720785811e-01
-1.000000000000000000e+00
3.747915138296477322e-02
3.028823542585185602e-01
-4.626636385552065911e-02
-3.905142265948227109e-01
6.377149114265288077e-01
3.072317007429084534e-02
8.711351273531332817e-02
3.834349678672402395e-01
-4.348526813538310387e-01
3.923625557966914368e-01
-4.694239756819360565e-01
-3.918398132813737944e-01
1.000000000000000000e+00
4.411031748560090837e-01
-8.844887566900911935e-01
6.185732471982152703e-01
4.564963557518759152e-01
3.123808105145393088e-01
-1.951080685758819488e-01
2.638283972740729788e-01
-2.176432539760912444e-01
5.424589211649267773e-01
-2.252220088684621369e-01
5.640180852865585015e-01
-3.986520529559807735e-01
-8.975684292510598128e-02
4.640291528180955916e-01
-7.482982574953953581e-01
-6.314895935243269864e-01
-3.628842563523680398e-01
-3.753783249172746445e-02
-7.989198116268783068e-01
-4.525138847820494581e-01
-8.284315880442848501e-01
-1.893544450804052759e-01
-6.468561715097504994e-01
-4.385866799973181518e-01
9.212923177574190436e-01
3.097646066966127654e-01
4.223306156107277665e-01
-5.970820671532431900e-01
2.353187100995614567e-01
5.974004247248604349e-02
3.982931138324968812e-01
2.065298477863433679e-02
1.000000000000000000e+00
-1.000000000000000000e+00
-1.000000000000000000e+00
7.608562690590522370e-01
-2.483020672426472508e-01
-2.699644121726472723e-01
7.797715796647416431e-01
3.668543780891269090e-01
1.043616336360020380e-02
-1.327149052485546710e-01
1.000000000000000000e+00
4.791183768286195743e-01
1.000000000000000000e+00
-7.243644288334849524e-02
-7.278470438104146789e-02
6.153197128024208151e-01
1.000000000000000000e+00
8.318488364535597812e-01
3.632659294483360779e-01
-3.014958712975334132e-01
-2.226608603276821197e-01
1.749840296847677279e-01
8.645019536458362075e-02
-8.980904309804346175e-01
6.992206072223103308e-02
1.000000000000000000e+00
1.972170043698305841e-01
-8.679646947760869535e-01
-5.905074770020170977e-02
-3.081732093982453291e-01
5.650051975138046245e-01
4.775313725073794535e-02
2.784997360151252044e-02
1.011082204020363334e-01
2.227577979100058281e-01
1.156335504553114707e-01
1.164974286016812466e-01
-9.044431678902400407e-01
1.000000000000000000e+00
-4.983042395510385858e-01
-6.783566724571794548e-01
-5.429468495041425147e-01
-1.643727331315149032e-01
-9.119941833926248353e-01
-8.046928454947004372e-01
-1.201114261736869748e-01
3.474069811746006153e-01
4.034857757566017722e-01
1.166290794842598094e-01
-2.468735797093567219e-01
-3.724646316122083300e-01
-1.668217485750502771e-01
1.337717366959812471e-01
4.436023948044358345e-02
1.000000000000000000e+00
8.563392472234355735e-01
-4.106131665811233594e-02
-3.107120302504644549e-01
6.136786406031598251e-02
-1.375288920323330388e-01
-1.000000000000000000e+00
4.040991353068361658e-01
-1.135046167243939641e-01
-2.932418404544079871e-01
-1.929607941371946633e-01
3.020751810226924294e-01
-2.676319811659900738e-01
5.286529198368491306e-02
-2.797715754992166279e-02
-2.255523787485184950e-01
-6.299209844938423453e-02
2.007235969832702471e-01
1.696519375832059306e-01
2.377428594258802763e-01
-6.678893368013415488e-01
5.666624781782824138e-01
-4.983711098891708824e-01
-9.941633570758190430e-01
1.000000000000000000e+00
2.304155747895111905e-01
1.545017408712917872e-01
5.104794182084546605e-01
-1.000000000000000000e+00
1.000000000000000000e+00
2.120979005142097640e-01
4.465927933731813626e-01
1.246032749311461740e-01
5.854313305982239424e-01
7.383627815763440551e-03
-4.764904286700507030e-01
-2.722826663346329945e-01
7.391470493909164940e-02
2.505263103280322423e-03
-2.201390738515129342e-01
8.862909000448419006e-01
-6.591167809813984757e-01
-8.491230280916108875e-01
-5.313377410327863037e-01
-4.170481121618792031e-01
6.324950526408729123e-01
-6.354591434493644941e-01
-3.056046606551757194e-02
-8.343313266240649506e-01
3.997502316453577786e-01
3.377845774794900335e-01
-7.833844789180958168e-01
-4.642856957556839581e-01
6.709700857008051023e-02
3.074117059243154371e-01
-5.080221355173101250e-01
-8.921355737131114738e-01
-5.142528705147495494e-01
-9.372661901340493262e-01
3.253022629326272064e-01
-1.751082587367353560e-01
2.894710018400797197e-02
-3.566445831286893520e-01
-5.876313509082894959e-03
1.966032081331581249e-01
-2.980954564956432296e-01
-1.867604632355138183e-01
-4.213160280583473916e-01
-5.752945974921559735e-02
-4.328772231531889947e-01
5.873899753359275167e-01
6.741917926708693720e-01
-3.886902938879878699e-01
-4.571246757924770643e-01
5.981380214611056734e-02
2.398794673215598194e-01
-2.122971082896636941e-01
-1.000000000000000000e+00
-3.583636619983653904e-01
-8.621106076925412476e-02
4.289636058602880886e-01
-8.526337636823732025e-01
-6.477669359261939430e-02
-3.125767227428970507e-01
-5.859973251170635944e-01
-2.619527031054919575e-01
3.786914154177969949e-01
-4.793019378977874112e-01
6.697289743595745692e-01
-1.657661912846273844e-01
-2.371526456306849717e-01
5.540677038958394252e-02
-1.371658282537653872e-01
-6.261719934538029220e-03
7.142820544887564793e-01
4.214215805286600225e-01
1.269612972027479858e-01
