
0 57.601837 -0.732706 10.397417 -60.0
1 66.054579 15.495793 10.870717 -10.0
2 66.752976 27.050453 18.254274 -20.0
3 66.091917 28.844329 17.419394 -10.0
4 66.16227 28.471832 16.409867 -20.0
5 66.276415 30.582122 18.136591 -20.0
6 75.601837 34.681289 20.126775 -20.0
7 75.16227 29.170879 18.628077 -20.0
8 94.023266 27.835497 22.54888 -20.0
9 66.174 27.215323 16.56903 20.0
10 57.732142 27.29355 16.728411 -10.0
11 66.16227 27.811759 16.292543 -20.0
12 57.286267 26.223275 15.462215 -14.0
13 66.752976 29.883073 17.886087 -14.0
14 94.023266 27.632995 17.677117 -10.0
15 66.200907 28.572865 17.596692 -20.0
16 66.16227 31.366216 17.778206 -20.0
17 66.16227 27.530562 16.524062 -30.0
18 66.16227 28.089737 22.526225 0.0
19 66.219256 28.69598 17.231537 0.0