
0 30.150675 -2.087758 6.863852 -60.0
1 66.16227 18.726229 14.843762 -20.0
2 75.011039 26.535607 17.137787 -20.0
3 89.833853 28.19965 16.995508 -10.0
4 75.054579 31.667381 18.155547 -10.0
5 75.054579 28.4662 16.716346 -20.0
6 75.752976 27.664542 16.967802 -20.0
7 94.023266 28.917155 17.994757 -10.0
8 94.023266 26.511845 16.75702 90.0
9 59.092245 26.317057 21.322831 50.0
10 75.706695 32.951682 18.978257 50.0
11 94.023266 28.749625 17.482753 50.0
12 66.16227 31.759083 18.070217 -10.0
13 75.706695 29.431422 17.782405 -20.0
14 66.16227 31.159051 18.625073 -20.0
15 74.586541 30.737435 18.679282 -10.0
16 66.296218 29.74546 17.898503 -20.0
17 66.16227 29.191541 16.620531 -20.0
18 75.091917 28.688797 17.630076 -20.0
19 75.752976 25.664296 20.31405 -20.0