
0 57.225448 -0.025152 12.001781 -30.0
1 57.601837 16.970165 14.71644 -30.0
2 66.16227 22.133024 14.782241 -12.0
3 66.716796 25.242932 14.312382 0.0
4 66.174 30.517598 17.987626 0.0
5 66.194865 32.411286 18.723192 -10.0
6 66.194865 28.756065 17.383743 -20.0
7 66.956575 29.682711 18.136656 -20.0
8 75.747727 29.686662 17.782837 -20.0
9 66.225448 27.60359 16.062794 18.0
10 66.231679 26.642583 21.30344 -6.0
11 66.036421 27.20115 15.489878 -20.0
12 66.16227 27.720244 17.150738 -20.0
13 66.194865 28.124429 17.050656 -20.0
14 66.231679 32.512755 18.158808 -20.0
15 66.231679 26.319521 16.717725 -20.0
16 94.023266 28.09619 17.630999 -20.0
17 57.912404 27.51049 16.95482 -20.0
18 75.059829 26.585326 16.51854 -30.0
19 75.752976 31.929447 17.940194 -10.0