5.722013167210298068e-01
-2.670025760092262779e-01
3.025965875682949391e-01
-5.454781259000778260e-01
-9.377884725416499867e-01
5.285964737296251492e-01
-2.539290221039495685e-02
-3.946659865693108449e-01
-7.869646973689082836e-01
7.902789481032085339e-02
6.972515984972154079e-01
1.050704086050527064e-01
5.950706398889491489e-01
-5.309459507750053930e-01
-3.456477677036881024e-01
-4.577215936373952854e-01
-7.950830789391237496e-02
2.840911920121891310e-02
5.534548519692253921e-01
-5.141642725844092210e-01
3.578184953077521713e-01
5.189364966903519116e-01
1.475006862864405022e-01
5.896111152349192697e-01
-1.000000000000000000e+00
-4.505007938897009900e-01
-9.535921321563331499e-02
-6.614383082348560539e-01
5.592812118877052985e-01
-7.296597194246706719e-02
7.278849282138784016e-01
-7.814841267334615704e-02
5.374185298100978558e-01
-1.423012659429685467e-01
8.745550447342091971e-01
2.735297115694721448e-01
1.000000000000000000e+00
-7.227639154945705857e-02
1.132779105604454079e-01
1.284905986334541894e-01
1.388857831427150746e-01
-1.900535579102031192e-01
1.684189094782861662e-01
2.509195486036350231e-02
-2.006934028319664054e-01
1.668814268125471678e-01
1.025723949808804991e-01
9.991154549443083399e-02
-6.510288378058297631e-01
1.307017554501900825e-01
5.438554842405050049e-01
-1.290769769623823227e-01
-4.712107019202607106e-01
1.786244211454865449e-01
1.938385575700889984e-01
-2.188196033532252560e-01
6.650848521145844572e-01
1.510316967540764888e-01
-1.121906076350290549e-01
6.487184680505506118e-03
-2.920977371434719250e-01
-5.589113731364277887e-02
-6.006363663668228270e-01
-1.270174981027885064e-01
1.021360744996773623e-01
7.858103980734173488e-01
4.303777627302368680e-02
-4.705883932514209889e-01
4.667800955890227810e-01
-4.191559835981051307e-02
1.093112948796992612e-02
-5.301278180912647464e-01
4.628859555821038807e-01
5.934137754139462428e-02
-5.737715913019801606e-02
-3.735289208876459988e-01
7.140641081002904178e-01
2.506405445461751258e-02
2.032739982234024745e-02
2.053827191845682132e-02
5.302509949999488492e-02
-6.101077164065348279e-01
2.516815658317702598e-01
1.000000000000000000e+00
-9.983478944643897623e-02
9.491416962042975580e-03
2.056120136389539554e-01
1.426708614412761089e-01
4.538310078465879194e-01
1.000000000000000000e+00
-1.000000000000000000e+00
1.000000000000000000e+00
-4.067064521672065780e-01
-6.572435497369163437e-01
6.533393323946693476e-01
3.549327427368491328e-02
-6.321216232874675711e-01
-5.041136567245088629e-02
3.718051887765884134e-01
1.410503541109905112e-01
2.272693540285543601e-01
9.698408113833568711e-01
2.689519758092960289e-01
-3.973136266685375895e-01
2.376999864443994359e-01
-9.335694494569092283e-01
-6.728814377678701275e-01
-9.787390770359578607e-01
-2.115667648804178680e-01
1.000000000000000000e+00
-4.191682557723892533e-01
4.488025773733486656e-02
7.722490537702901836e-01
-5.443730011249383605e-01
-9.843897266098763366e-01
-6.778863978336614471e-01
4.023740988811857489e-01
-2.683792564002940306e-01
3.352737916091109160e-01
8.401221319285430145e-01
-3.477501400333581349e-01
2.131083796090555982e-01
8.020042364070181784e-02
-1.652748458571777768e-01
2.798384387495638642e-02
2.030537097767618621e-02
-3.672764672736604785e-01
1.000000000000000000e+00
-7.385533118255430685e-01
5.774443922992893441e-01
-8.780707355318184693e-01
-2.047614049809450554e-01
-1.000000000000000000e+00
2.875755539716176035e-01
-2.212520020553296329e-01
4.837859084299596102e-01
-4.007798070009989111e-01
-1.000000000000000000e+00
1.000000000000000000e+00
8.837179566445023393e-02
4.137681692786772669e-01
-5.468008718296009374e-02
1.440826467820194023e-01
6.202877394999694038e-01
-7.629543214124228090e-01
7.793583273734464578e-01
-5.518594908504246277e-01
2.831853021708704427e-02
2.335455961772341105e-02
3.683033592355471758e-02
5.911558358663294988e-02
-8.767249907769543160e-01
8.971386783344804938e-02
-9.967700248773125882e-02
-7.941146953530734409e-01
2.825607593593489342e-01
2.295384608122433279e-01
-6.723033527043238422e-01
2.370281417551046710e-01
-2.395319788922867232e-02
-4.609585387408046131e-01
-2.988710715028430887e-01
4.507787339351870814e-01
-9.911452000859503897e-02
-3.488656533145091387e-01
7.622498645352302482e-01
-5.341161350478236258e-01
-6.774086998801727155e-01
5.479517649559724202e-01
-6.602994106360952076e-01
1.367626327960588806e-02
-2.310298961275033536e-01
6.933094605806959798e-01
2.915057356804579558e-01
-2.701378773345597395e-01
-2.644801958356294835e-01
9.429468355595679863e-02
4.645268973794531853e-01
-6.198510761721918172e-01
-2.384933935787314496e-02
9.355243385647840637e-02
5.895287579552928037e-01
-3.761514144711846086e-01
-3.149109256532012235e-01
-2.584338395388168230e-01
2.083466431806189900e-01
-1.458003347559221341e-01
-1.084842375464691588e-01
1.346458587465976797e-01
1.000000000000000000e+00
5.598907492956226584e-01
1.964118338538705377e-01
8.648534954951129228e-01
9.093645569945050244e-01
-2.561684902251056828e-01
9.836275446566875580e-01
-6.844996009212498400e-01
4.044076931962952148e-01
-2.750525259691255497e-01
-3.102924096075592164e-01
-2.068253385070629724e-01
-5.698052812211864548e-01
1.810120648033095025e-01
1.000000000000000000e+00
5.214679367517375264e-01
2.726803703307568716e-01
-2.359884434927285168e-01
1.361107452390158401e-01
-2.281871135225923553e-01
-1.175369978663984294e-02
-3.067399419621095746e-01
-4.326824870282501290e-01
1.754501186927325262e-01
7.329700088253732204e-01
1.385936261416193527e-01
8.767488346502515240e-02
1.689077720071391342e-01
-4.036697593644670290e-01
1.000000000000000000e+00
6.374471093445731595e-01
1.941846696802407846e-01
8.828682882117033781e-02
-3.035113313420935433e-02
-2.505825509352596625e-01
-1.000000000000000000e+00
-3.911447589042982842e-01
-4.764369642163724938e-01
-1.763122286838744446e-01
1.000000000000000000e+00
1.000864614440954981e-01
4.980008367657967616e-01
7.916826371893255498e-02
-9.574743591631558193e-01
4.444672965523180919e-01
3.049237609653730474e-01
-3.416901632552640788e-01
-6.473895683267345547e-01
9.348767537802826766e-01
1.000000000000000000e+00
1.449631196764334939e-01
-7.606088720232153655e-01
1.000000000000000000e+00
1.853925479965326528e-02
-1.755377118236434719e-01
-2.983597799140140228e-01
-4.707555605648139352e-01
-4.264762672126448662e-01
2.822932032420656379e-01
-2.392768180959078256e-02
-9.587035650954631172e-02
-7.573393969465375131e-02
6.376610549243172388e-02
2.382007606108457742e-01
6.018135677712612708e-01
-6.002990976703105330e-01
-5.870086483753869100e-01
-2.964617498151383979e-03
5.634293722032800433e-01
1.157158075972393174e-01
-2.392669610353324317e-01
-6.853753776628106198e-03
-3.949745921342261434e-01
2.794138043962641760e-01
-4.275504856278489196e-02
5.988405382743178240e-02
