-1.000000000000000000e+00
-1.315442888098989904e-01
2.437111249972419569e-01
6.310956034769579781e-02
5.534965838333085614e-02
2.084461389948533416e-01
9.100930635475856789e-01
-7.618659078985698940e-01
-3.115541181236659574e-01
-5.218549034504826878e-01
6.069742695515975561e-02
-3.484737114550031656e-01
3.249982197417777829e-01
-2.182412639125987930e-01
1.000000000000000000e+00
7.389688003808608796e-02
4.232360975963256888e-01
-3.575553767702910890e-01
-1.144112878933729177e-01
1.788393899912869844e-02
4.018266388683811030e-01
1.000000000000000000e+00
-1.000000000000000000e+00
-8.659630666602718962e-01
-1.331933445960787887e-01
1.618056824327364362e-01
1.000000000000000000e+00
-2.879210606022208352e-01
-5.699247469974630387e-02
-8.221470394438115670e-02
-1.785917100787214329e-01
-1.530440631534255025e-01
3.087787081872694905e-01
1.669939212542523865e-01
-6.308879553743218516e-02
-8.273863970293550141e-01
3.603037374566974149e-01
1.131403282116047460e-01
-4.491387465526916478e-01
5.665891511078318121e-01
-1.000000000000000000e+00
1.450334699496188540e-01
6.284276990028534460e-01
-5.905349260365102548e-01
-6.585793435926570183e-01
-3.274268080868144026e-01
3.762642374422953129e-01
2.455983905036127624e-01
-2.544609348596981180e-01
1.813742166019620405e-01
-6.003075381166946833e-01
-6.406278926609643154e-02
8.254295086057440445e-01
1.886656596315033629e-01
-5.379698519263277356e-01
-3.385153079710858659e-01
9.618584541560866175e-01
-6.969286998128293442e-01
-6.232283640852162021e-01
3.512315212976115097e-02
-1.000000000000000000e+00
-3.067769062109143574e-02
-4.082072034403315119e-01
-9.178647895555902547e-01
4.181795320802713101e-01
1.286400631208074463e-01
4.554194751093857407e-01
3.076111956040111228e-01
-1.752918978207153589e-01
2.938984423822919578e-01
9.212519584217568336e-02
6.387785223919281163e-01
3.944619551496997834e-01
1.763589635613255768e-01
-6.766840346035618570e-01
-1.046243309167660951e-01
3.860624890113230068e-01
9.082476216365148458e-01
3.341053799592710316e-01
4.627907833866105047e-01
4.792663132705692886e-01
-1.978809916635392852e-01
2.693199136401644989e-01
-3.673819821161948829e-01
2.963756909876643642e-01
2.410349747345773563e-01
1.752802035393594693e-01
-4.118079446197264737e-01
-2.227673432275928955e-01
4.661841517029418486e-02
1.803522206365618663e-01
3.957621823226905589e-01
6.093438696682332290e-02
6.606044498175136503e-01
-1.678720500225724943e-01
1.000000000000000000e+00
-4.359467355743341238e-02
1.026737684926983807e-01
-3.462923598383920581e-02
2.306471308368199802e-01
5.934626182322755295e-01
6.677033105690933779e-01
-4.602971088691361068e-01
-5.933683243185211564e-01
8.280559659724205934e-01
1.000000000000000000e+00
2.014483741983996989e-01
-4.181170014067759899e-01
1.969447067390285577e-01
5.361469785193386794e-01
-3.176952261015746348e-01
-1.000000000000000000e+00
-2.613414434828787991e-01
-3.371376464843592879e-01
-2.259286544943959474e-01
-2.177991181839579182e-01
-4.092826313068285149e-01
5.484950634285357118e-02
6.725468611537961383e-01
4.164652821080427336e-01
-2.619237255010870014e-01
3.783544268173278519e-02
1.061243713834033320e-01
2.523978232462760207e-01
8.090303048951006382e-01
-1.000000000000000000e+00
-7.125020180361348043e-02
2.574619042693517268e-01
3.846456803447834139e-01
3.403389981301244704e-01
2.893851744853750407e-01
2.360299276185314488e-01
-3.421265591106845694e-01
4.438673171648724325e-01
-4.792166583523619350e-01
-5.343769005511876946e-01
1.000000000000000000e+00
2.506442472037433977e-01
-1.899538201023636685e-01
3.019430623107995371e-01
-8.110264224698731095e-01
8.785322656458586232e-01
1.000000000000000000e+00
-2.716895333246250321e-01
6.859996787955269237e-01
-7.035144229253771642e-02
-7.131252877461694006e-02
-8.964990815855939932e-01
3.309125007499748305e-02
-3.887218937035084032e-01
2.651922439974901957e-01
-5.714362632458664937e-01
-6.400442174712166477e-01
2.789017309829894264e-01
6.977836906413933948e-02
-2.957366302474126463e-01
3.224554807127424372e-01
-1.824211172780871582e-01
-3.177282687559836449e-01
-2.148810387270074229e-01
-1.592487064649033834e-01
5.798759499469328116e-01
-2.720474226539375540e-01
-5.485799181901855892e-01
-4.549580204387674437e-02
5.847115420277613218e-01
1.280847749861058760e-01
-6.044291921705864379e-01
3.901561942052859111e-01
2.854028738742652241e-02
-8.237559407926769994e-02
-1.262842065271274072e-01
1.000000000000000000e+00
-2.158810567135001357e-01
-8.276037529283912786e-01
2.868360264188833664e-02
-7.472258215214456767e-01
-1.825233200036371906e-01
-9.894540939605221685e-02
-6.596924611347120271e-01
-3.577100503135340892e-01
-1.655917592357535884e-01
-9.567444906712616604e-01
-4.703475702855230978e-01
-3.029325848015885780e-01
5.219814848493192772e-01
2.478624088603014752e-01
2.375408820902710771e-01
-7.960957444542333672e-01
-2.163353334128431948e-01
-1.000000000000000000e+00
-2.840179160607978481e-01
-7.401294940197199468e-01
1.407739769938762264e-01
2.651235690355886465e-01
-1.000000000000000000e+00
-1.704017424339808462e-01
-4.054026915852587676e-01
9.977465665289284580e-01
1.601410784213780081e-01
-2.620887285450604343e-02
2.858220239781006367e-01
-1.068226301870009443e-01
-2.915199619559434296e-01
-1.269849737806987566e-01
-5.412907547706272693e-01
2.578340337144353622e-01
1.000000000000000000e+00
6.703853142613602767e-01
1.565243518893163210e-01
-6.334568551431591921e-01
-8.133538435042578785e-01
1.371645957491406109e-01
-9.869112539297021647e-02
1.090501707368632667e-01
-6.331831101413609719e-01
-8.696857792883225802e-01
-3.721655206796725679e-02
5.816246679225018923e-01
-7.296398516188824512e-01
1.031248929852519175e-02
6.625139285237409137e-01
7.098406458209546854e-02
6.320624897498681172e-01
-6.505592564774536068e-01
-2.308105266620857354e-01
1.936915247713825172e-01
-2.125951508060447970e-01
-2.061493812573226836e-01
4.846727828606471888e-01
-4.370446871996404581e-01
6.540714986539770681e-01
-6.027115127346118761e-01
-5.156407208708470025e-01
6.189991568631227903e-01
-1.728834669097992771e-01
1.000000000000000000e+00
2.633589186898996348e-01
-5.818368203874911826e-01
1.000000000000000000e+00
-4.063370270721688993e-01
-1.188390722949776018e-01
5.444068976837325158e-01
9.096474364358800857e-01
-1.000000000000000000e+00
-2.297347666496218355e-01
-2.139611574567104602e-01
-4.503275208405440599e-01
2.410787100820948881e-01
5.577117758858297636e-01
2.397431037310442659e-01
-3.183681164522872420e-01
4.227241426408007152e-02
3.940037296165357916e-01
3.426092468905105326e-01
-1.110482296457003526e-01
-9.338778727917224076e-02
8.510289084925384273e-01
-2.569873092722355645e-01
6.219296827564329000e-01
-3.895570854700256547e-01
-6.391282072531382363e-01
-3.021476671466240549e-01
6.064584819283895811e-01
-1.000000000000000000e+00
