-7.396455136951680942e-02
1.184797013881757344e-01
-1.875135211400688617e-03
2.672123235000621877e-01
4.510410925081453914e-01
1.102238705302459598e-01
-6.779805524091568891e-01
7.307429447723396976e-01
-6.658727683853961077e-01
-1.314095406522259035e-01
-4.186148372532032536e-01
-4.294855436436075813e-01
-1.033050377588000251e-01
4.397135691740684527e-01
-9.179769417321867464e-02
-1.000000000000000000e+00
4.417843954875015910e-01
8.063320356247509757e-01
1.818795023260186827e-01
-8.674937912852886956e-01
8.319943726245482285e-02
8.763609441223968455e-02
1.005630235695223473e-02
-2.382397121597285006e-01
-5.975416472702769211e-01
1.497032848063494792e-01
5.025941897445385109e-01
-5.254829914690222203e-01
-2.166036735791021170e-02
4.932678715603596720e-01
5.868847469495903912e-02
2.017711175771012833e-02
2.688126118260539821e-01
1.386503136058213903e-01
-4.878923721709639838e-01
-2.739512948822965255e-01
-1.000000000000000000e+00
-3.310522083933608029e-01
-1.732974316422065120e-01
-2.442610985469294005e-01
-3.028540733871777357e-01
-1.247469938928046918e-01
9.292209424955331087e-01
-8.589229533130647853e-01
-3.138607829873268917e-01
4.403380919381698622e-01
3.761106621753542711e-01
4.186361694018594926e-01
3.655452531800345572e-01
-8.908233934109097696e-01
4.070162034305109255e-01
1.670152879288533676e-01
-9.165592347532633410e-02
3.427516100174764491e-01
-8.368726084031209711e-02
9.737202170377584620e-02
-5.101981490884124337e-01
-5.725624405503700887e-01
-2.408270412556693107e-01
5.376733431833712329e-01
-2.117824370441191706e-01
3.424898432018962380e-01
-1.462892513546523721e-01
3.057944555795860109e-01
6.859541116668366190e-01
-6.455297195583395431e-02
-8.338315063608431332e-01
-2.605398605727213268e-01
2.350616938440960868e-01
-9.179636011132235041e-01
-2.482362470406185018e-01
-6.561301182369699836e-01
3.101353459566830173e-01
-9.078410758229527033e-02
-2.777775925154441633e-02
1.000000000000000000e+00
-3.737796193891011060e-02
-5.442876581298291550e-01
2.612647076498609416e-02
-3.445834895190688085e-01
5.316625605991659453e-01
-4.981949094584885440e-01
2.895869834560610978e-01
-6.756217460724351920e-01
1.842170377726407293e-01
-6.006693338197819365e-01
-3.512505568354333807e-01
-2.135057332957207565e-02
-2.491724474260350042e-01
7.129597370293359049e-01
-4.461963255096126346e-01
-1.267419042821831265e-01
-9.131412028961068961e-01
-7.252257119830429755e-01
3.716152427087450194e-01
8.567111165374902138e-01
-2.442624219824418574e-01
-5.651941542312675093e-01
-7.087965082530851557e-01
3.353854234011630631e-01
-1.000000000000000000e+00
-1.675684152732433985e-01
8.226182073710672227e-02
4.506963611842060846e-01
-7.532323178516442397e-01
-1.176319675503253726e-01
-6.410555829435904407e-02
6.701795733558496559e-02
9.231190951420187307e-01
9.932946481017182472e-03
-9.555628741773086743e-02
1.500891845837842506e-02
-1.342146344773962330e-01
-5.167258891063135628e-01
-7.736122248568541582e-02
2.828558392959163587e-03
-2.957187681070389540e-01
-1.205875073456975644e-01
-8.022795643725817438e-01
8.389250381160878733e-01
4.862137846913046624e-01
2.312250496692164203e-01
-2.140970517419738817e-01
4.035275350240218051e-02
3.782765612449095483e-01
6.193024649759874822e-02
-7.447828165050119908e-01
-2.577996711694124365e-01
-7.968205142486119996e-01
-8.962323238233094180e-01
-2.708229374475626394e-01
1.336339093074045969e-01
-7.142324294427376818e-01
1.098692743108964504e-01
3.032994707441234450e-01
-2.592568637386475916e-01
-2.305289707665316989e-01
-2.425235274079366038e-02
-5.709950879038416804e-01
-4.215296577660739286e-01
-3.473787482467352028e-01
-1.000000000000000000e+00
-4.338366469589302055e-01
-1.613889660118514036e-01
3.644482432562281549e-01
2.663138433924813753e-02
8.871882966797890735e-02
-5.932929215225188901e-01
-8.088865919587653885e-02
-4.961092958217626636e-01
3.094489871895106936e-01
-4.350131042572474849e-01
-1.000000000000000000e+00
-8.048434557467425421e-01
3.880180800274314890e-01
-9.754875320328653121e-01
-4.927413578974090269e-01
-1.307258886398197928e-01
7.849739188546348001e-02
-3.310456120995978746e-01
-3.997118356837348063e-01
1.000000000000000000e+00
3.019772263841378201e-01
2.057364633646391328e-03
1.685827386368089487e-01
-9.190288155032464434e-01
1.821434393685829323e-01
-2.235299453846203155e-01
1.000000000000000000e+00
3.354155836057440832e-01
1.676292546076915690e-01
-2.273540380814343953e-01
3.970647334083812069e-02
-9.882278531273974709e-01
1.646969393405144921e-01
2.170995153641544495e-02
4.269269596306092263e-01
-8.415281744842996181e-01
6.604558704321599194e-01
4.245590984281246566e-02
-3.188209131038939881e-01
3.535862798908506743e-02
-2.538507151077261659e-01
-1.763380509305200738e-01
1.347276025472053385e-01
1.000000000000000000e+00
2.523019165511554140e-01
7.570863343903851961e-01
2.681585426965802377e-01
5.048612222800453742e-01
1.000000000000000000e+00
-7.670298255877198157e-01
7.848762834950037681e-02
-7.327768743860058748e-03
3.282481179922687176e-01
-3.842903224052630073e-01
7.995765400156032432e-02
1.201731633943809580e-01
-4.610961085562276240e-02
-9.180470102481077532e-01
-2.412381861156384644e-01
-3.341062167207373701e-01
1.179678802828434125e-01
3.054812085975127101e-01
-2.322165896041661348e-01
3.109261497144073516e-01
-6.739505240516447948e-01
2.928371812965352983e-01
2.864158205126759449e-01
-4.479167717482649413e-01
-4.859432091217983918e-01
-2.708299749187680350e-01
-2.873573601568467639e-01
-4.864376394260341296e-01
4.150397274245084533e-01
-5.493519174914478498e-01
-1.000000000000000000e+00
-2.458473547446091145e-01
-5.837702495763852362e-02
1.023711292307277199e-01
-3.690882328647098753e-01
-5.454032926712464313e-01
3.828886025767679335e-01
3.894279827674856365e-01
4.283260933381787816e-01
2.996054259516428564e-02
-4.115428587060854237e-01
2.141342885465310486e-01
8.142177747139279775e-01
8.858720517413090634e-02
-4.527716104552806375e-01
1.596825552274557664e-02
-7.825907388221283734e-01
7.977141334196934386e-01
1.000000000000000000e+00
-4.403619354725442081e-01
-3.659526647751898953e-01
-6.123951136435455966e-01
-2.153464482511806555e-01
-4.676110061350885472e-01
-5.075812618474169202e-01
8.543456641412541241e-01
8.975211359285313328e-01
6.867762867011333316e-01
-1.000000000000000000e+00
-2.089353763709775880e-01
-6.111481448297868546e-01
-8.434498769450696765e-01
7.274474612736427925e-01
1.937150311941077119e-01
-5.571011148181042039e-01
4.718898710759840687e-01
8.108725330169237466e-01
3.461115361880371527e-02
-1.905594613065787479e-01
3.406485990118867102e-01
-4.941322442582257723e-01
-1.323849047626786679e-01
6.756114021829563443e-01
-1.000000000000000000e+00
-1.000000000000000000e+00
-4.230534710053244773e-01
3.214000466858807359e-01
-2.974153904600905785e-01
1.000000000000000000e+00
