5.499229330326288467e-01
-8.104973961105133018e-02
4.573054602389784451e-01
8.596528197525201698e-01
-5.273417349131914733e-01
-2.045191348245391505e-01
2.035921953920991068e-02
-1.245215302821475745e-01
1.739028087551488799e-01
5.577497011018308637e-01
-4.462063906544115888e-01
2.668319364813988570e-01
-5.697948429819177374e-01
-6.562972214836826357e-02
-4.405878508233878055e-01
-9.701536097696815686e-01
-4.654754562442769417e-01
-1.000000000000000000e+00
-3.234780644186332488e-01
-2.302468999080452827e-01
-4.843807392622733188e-01
1.539442929440219543e-01
6.799439833007816514e-01
-7.671544378049525159e-01
9.931712277592891214e-02
3.316476896094520121e-01
-9.774823783994628368e-01
1.000000000000000000e+00
-5.764234127293890175e-01
-3.450140376095465755e-01
1.698003611945543834e-01
2.820084689521283328e-01
1.181970187044634052e-01
-4.686286263212993686e-01
3.419321994669735632e-02
-6.433505846213815049e-01
-7.238749322837215727e-01
-2.522533299177334154e-01
-2.546678928035993050e-01
-5.207393500874939463e-01
2.502963323638197554e-02
4.048465940878031022e-01
2.309643137375288757e-01
-1.000000000000000000e+00
-3.550497829356866752e-01
-1.533756577193319537e-01
-5.684754127083346820e-01
-9.849786390368393540e-01
-8.307847391792047564e-02
-3.887883849158694227e-01
5.193599131007731184e-02
4.988535767652055863e-01
-1.665225530762358963e-01
2.214284643099094507e-02
-3.755228618692564857e-01
5.329555982038547413e-01
-3.684070067592106201e-01
-3.613611082228379567e-01
6.609052731316824580e-01
-5.788622593967447383e-01
-1.915336371761375278e-01
-2.713042595272124879e-01
-5.044367471245221612e-02
-1.759556629973574871e-01
2.313842189486463863e-01
-1.000000000000000000e+00
4.308741536368845271e-01
9.229065080649547781e-01
2.754338866883178638e-01
4.953381322594019864e-01
1.000000000000000000e+00
3.109002550841932777e-01
-3.234167580230978833e-01
-1.000000000000000000e+00
-1.000000000000000000e+00
-3.721454022444182774e-01
-3.711697345395181813e-01
4.516969905704453225e-01
-2.934948831772302702e-01
8.871598351220516543e-02
5.968903377558090195e-01
-8.193373919721132215e-02
-5.287202167415994136e-01
-9.790399534113140012e-01
-2.066264658665103449e-01
-3.156018282611597892e-01
-9.191929540344034866e-02
-2.000827214499921736e-01
-5.431262490362247508e-01
-5.677797806340748044e-02
-4.772449756325862491e-02
1.003151044964312177e-01
-8.354336738875378643e-02
-3.118669810102903672e-01
1.499211239553436825e-01
1.000000000000000000e+00
8.792304028892442003e-02
4.017181325071952358e-01
-1.360542609808426118e-01
4.221543631434652721e-01
5.115084294739851156e-01
-3.372928322445006843e-01
6.547379279984686384e-01
3.732663683447055014e-01
4.798910435138204478e-01
2.703713517213655881e-02
-4.373706252702754260e-01
-7.459101643703136553e-01
-1.000000000000000000e+00
-2.091808156739713986e-01
3.539095535115156510e-01
6.915507703415259000e-01
-6.119418309962717517e-01
3.805282506020995492e-01
-7.119739517623836500e-01
4.397351478892386756e-01
6.293577511607293395e-01
-1.825968709465924933e-01
-5.879702492340803666e-01
-4.778453886278059004e-01
3.974662528191286182e-03
-5.121663711496009519e-01
-6.678402763065461878e-01
-6.354316725972370961e-01
1.725065103804189204e-01
9.555686989987249857e-02
-1.000000000000000000e+00
-3.577641435604496378e-02
-2.342440326252438754e-01
6.264383617110700353e-01
-5.724573159515112808e-01
-5.518124234741109690e-01
-4.270351089910846554e-01
-2.671808845377297015e-01
-9.619256703083398641e-01
-1.000000000000000000e+00
4.967292968715740775e-01
-2.209804574804393740e-01
9.178733246538155477e-01
2.387294242489654550e-01
-1.000000000000000000e+00
1.066874091085900922e-02
1.000000000000000000e+00
1.232986641154462659e-01
-3.855371071185988985e-01
-4.167193970452123808e-02
-2.815973113222255408e-01
1.000000000000000000e+00
-5.544978260685505811e-01
-1.079692794179861054e-01
6.497009300039620072e-01
2.873746717910130033e-01
-3.607947501241547394e-01
5.037090914550595988e-01
3.005298052948442433e-01
-4.292973618546235270e-01
6.560741009336214236e-02
1.694613612731682428e-01
-1.532769828852280358e-02
-1.156099549102496127e-02
-9.182785883867461418e-01
-5.778118379424895812e-01
3.609697327403574296e-02
5.390566034195558576e-01
1.590040964246947353e-01
-7.909565118520628380e-02
6.279983766650163446e-01
-8.796441844810792832e-02
1.231347695155040750e-01
-4.883835247391278278e-01
-4.986746477366549857e-01
2.374927872803359874e-01
-2.178095742491700237e-01
-5.460111244733870661e-01
6.586895144290922932e-01
-2.904220326556523069e-01
2.566210925412548693e-01
1.000000000000000000e+00
-4.075343961829541728e-03
4.844200421145158225e-02
9.007198684594150406e-02
-6.178432326780273209e-01
4.489754962177571196e-01
9.715773257463497514e-02
-1.816032123773929918e-01
2.054650006269201912e-01
-1.400370401823294864e-01
5.937686361986812544e-01
1.669836303404055866e-01
8.225233628502981453e-01
-1.452331569424020197e-02
7.692032121686347423e-01
7.665336410750778207e-02
-2.550373026749835903e-01
5.124150110606944253e-01
-1.351971234664406385e-02
-3.242322403693801980e-01
-9.955625107882369595e-02
5.612610313710707510e-01
-4.958475204706480621e-01
-2.274829563113391906e-01
-3.557952808305394621e-01
2.968481403645568673e-01
3.102137141899427575e-01
-3.386097397857823488e-01
5.236212427911128564e-02
-9.292054291649027853e-01
-1.493707058225854922e-01
-9.177775202449151015e-02
1.120505439671598824e-01
-6.387867091221338667e-02
-3.321594332443641995e-01
5.613476583618877136e-01
-3.439602067517255612e-01
1.095246085354806553e-01
-6.218056939744251999e-01
1.802854722667199816e-01
-4.193644277467691861e-01
2.301046928027193350e-01
-9.942190752659374464e-02
-6.469130181888147479e-01
-1.532070280269737239e-02
-1.000000000000000000e+00
6.626664943804834174e-01
3.406719133489044538e-01
4.786175767685529880e-03
-3.082496280182993598e-01
1.959547210303381748e-01
-5.791167909412983095e-01
-2.498804432059008040e-01
-2.750193931849432838e-01
2.766798774729892774e-01
1.377803301247575718e-01
8.758046977841019709e-01
-8.921697377928637929e-01
-7.187479954231337231e-01
-1.990402177871304912e-01
-1.000000000000000000e+00
-4.130127670700226572e-01
5.047584263394113702e-01
1.000000000000000000e+00
4.110871546810462851e-01
-2.158661371360448555e-03
1.850879062313565138e-01
-5.369190787168465206e-03
5.683750522142423378e-01
1.025144930923291287e-01
4.908919202898655021e-01
6.975223112589077346e-01
-4.901908264562693240e-02
-4.098771919970369826e-01
-2.761601330573258406e-01
-8.724514441773700835e-02
4.193280555892577866e-01
6.053525203220748718e-01
4.958319828386585637e-02
-1.040246775973920623e-01
2.999503287172224364e-01
2.716997738184829814e-01
1.356036178951242066e-01
-5.542264199258652990e-01
3.541728995846022965e-01
-1.845529018572907576e-01
-4.956165005964824344e-03
-1.000000000000000000e+00
