-3.328358798104870675e-01
8.182182692702383298e-01
3.252458827482228032e-01
1.837850875792743366e-01
-1.000000000000000000e+00
-5.392620074897503946e-01
-1.010268368279467061e-01
6.860198435256966709e-01
-2.080970557038921698e-01
-4.498058630590456297e-01
5.296133599020802496e-01
7.894350461489325621e-01
-1.000000000000000000e+00
1.778284791366568363e-01
-9.435098900744935957e-01
3.260923867694583422e-01
5.343918744630415940e-01
-6.951981635980747365e-01
3.846696104451272080e-01
1.150678099368485918e-01
4.212037859074944102e-01
4.936618315828278369e-01
4.019125624647413852e-01
-3.310953500364899847e-03
-6.423444196182747090e-01
-5.939431526625913449e-01
-4.759671966623526540e-01
-6.976452800014997235e-01
2.680094031486471851e-01
-1.041513283067419388e-01
5.895548647656140284e-01
7.864169215783194389e-01
5.483264366251452415e-01
-2.064311059613127830e-01
-9.976428230273410858e-01
2.286771111562708736e-01
-9.968310681015366548e-01
6.236784909943660082e-01
1.015964432419475122e-01
-1.586166805487768464e-02
-3.355125848703215952e-01
9.905904362463826551e-01
-1.476222471448087048e-01
-7.304060000147432063e-01
6.412101312024945932e-01
8.387735448284207029e-01
-1.929897612654022654e-01
-1.446960703138593374e-01
2.172104580024056819e-01
2.434441105783244352e-01
5.723310819398816918e-01
-1.000000000000000000e+00
1.243084495000987555e-01
9.985013906389212934e-01
-3.707514652304313429e-01
3.822732198208779741e-01
2.035412116868020593e-01
-8.792689020144961454e-01
-8.003643800368248629e-01
-4.703246171716908286e-01
-7.840132461103210826e-02
3.767424543904717149e-01
2.797106145325730653e-01
-2.131418915180299523e-01
-2.595239294391770701e-01
-7.896388387152065980e-02
-9.975018637241377384e-01
-5.946492360576135505e-01
8.691607849059561353e-02
8.154638789752370609e-02
-1.000000000000000000e+00
-5.723706692551758790e-01
-2.221212931784499051e-02
-1.000000000000000000e+00
6.000554079106992234e-01
-5.443717913251774343e-01
-3.876437418387598116e-02
-4.174542015480464108e-01
9.786542217046306780e-01
4.539263818473849299e-01
3.070226204810557191e-01
3.578566621770886691e-01
6.715553969175114268e-02
-3.915438711747483702e-01
1.258292237514535561e-02
-1.000000000000000000e+00
8.895406782138090551e-02
9.987028815482904553e-01
1.000000000000000000e+00
-1.917775128340983015e-01
6.804838976444153517e-03
-4.443623261016527159e-01
-5.041720096993174138e-01
-1.000000000000000000e+00
-1.000000000000000000e+00
-9.101944397825211253e-01
-7.208132323173472855e-01
-4.141276539486863362e-01
1.923097526740168983e-01
-7.633341601681848942e-01
8.357617314564834698e-01
-5.057160435872047888e-01
9.073787793123466727e-01
1.000000000000000000e+00
5.876987412174345948e-01
2.069197893899421825e-01
3.267722257813931996e-01
-1.330042804862010819e-01
-2.640468554342023100e-01
1.486825998558738426e-01
-5.750398309485289516e-01
9.744080840060044546e-02
-2.796552949385340270e-01
-6.337956650385169199e-01
-2.216908914749552428e-01
2.465245167368302626e-01
1.265110918894946923e-01
7.733688896566838500e-02
-1.228475991108760323e-01
5.910657446640913207e-03
-8.489274695324176001e-01
7.563237433307822000e-02
-1.075333978853728750e-01
9.777447911432216587e-01
4.540345707649297013e-01
-4.858679352157778131e-01
-5.060589519235172418e-01
1.000000000000000000e+00
9.958903696177680009e-01
7.991960936500679125e-02
-6.604791574804362853e-01
9.972837169617961850e-01
-1.000000000000000000e+00
9.942744780267946947e-01
-1.197496301346048925e-01
7.032438736731780882e-01
4.573243822470018372e-01
-3.612795838611966293e-01
-8.188820583745044790e-02
-2.136687988954299178e-01
-1.741768141821913862e-01
-3.803610864467990016e-01
-9.972248297521453253e-01
1.403802655693498214e-01
1.432952880721008737e-01
1.196884134150215939e-01
-4.042107167680368818e-01
-3.142095872698150161e-01
-1.000000000000000000e+00
4.033251828540218575e-01
7.931187257131240287e-01
-1.000000000000000000e+00
6.011127867994571217e-01
1.694186884773182522e-01
3.001146263851127080e-02
3.940623379627816725e-02
1.520647051086915225e-02
-4.122938392632327642e-01
1.532270149178540375e-01
5.528378486497754762e-01
6.626776904565854220e-01
-9.969793744764073873e-01
-5.047880218124178864e-01
2.169630604256753414e-01
-4.999360700304267269e-01
-7.658020059042952576e-01
-3.689176696112997922e-01
-4.371178417404681937e-01
2.896672669153383950e-01
-2.135320020563172272e-01
-8.861521325307866181e-01
-4.491685438217404153e-02
4.634662466913113121e-01
-2.251322822487111519e-01
-4.587260613665850584e-01
1.000000000000000000e+00
-8.677201529223874665e-01
8.117348743862738969e-01
6.839767849891277562e-02
-5.677313488214119630e-01
-9.963060195579780398e-01
1.000000000000000000e+00
-2.583323846748490915e-01
7.150355908660449566e-01
3.267970174162398433e-01
1.966930853299590776e-01
1.415377365735012716e-02
-1.848290348946341477e-01
-9.017196551716736286e-01
1.710106618206986007e-01
-3.399180392262803885e-01
8.424135711920044400e-02
-7.758910129448499671e-01
-5.982964127724705872e-01
3.162792644453268909e-01
-1.000000000000000000e+00
-5.165993073924622925e-01
-9.420519639827851233e-01
2.985520983801581152e-01
9.955082854769339296e-01
4.147042532740780607e-01
-5.714170769440135578e-01
-6.149084737972243531e-02
-1.000000000000000000e+00
-7.183010313320410678e-02
-2.892515864296063555e-02
7.258762694163714002e-01
-4.888382289611585274e-01
-3.363307082845277129e-01
-1.589228366069024845e-01
-9.990918185793451478e-01
-5.666363046645271906e-01
4.694434328560201930e-01
6.729839556004056922e-01
-1.000000000000000000e+00
-3.683687067601672249e-02
-7.912035879337369071e-01
1.000000000000000000e+00
1.835969495212712577e-01
-8.880031337304875594e-01
-4.321201582131921071e-01
-4.068223704003257613e-01
-3.294288344822888792e-01
2.837264569728338293e-01
1.930384619931799217e-02
-7.401879253876975095e-01
-2.337803636941168939e-01
-8.809394147994685509e-02
3.959780727439920489e-01
5.445757728168887368e-01
-1.000000000000000000e+00
2.463974116850959351e-01
-7.242261214558448623e-02
5.863544601511145871e-01
1.153386927256777883e-01
1.549256235536182469e-01
2.784524002072785165e-01
-4.080131531711401194e-01
-4.771472201294496007e-01
-1.676817701679469697e-01
-4.544687687847171476e-01
-6.409059808024220040e-02
5.592545841682787788e-01
-3.597071821503957656e-01
4.409806556557796520e-01
-1.000000000000000000e+00
-5.866626099728270427e-01
8.873639359825918893e-01
-1.000000000000000000e+00
-7.969015827007601416e-02
-3.269520510404183566e-01
-9.958956137218768490e-01
5.344520615930528629e-02
2.567765306031629668e-01
4.450633904649460848e-01
-3.779568736757676212e-02
-4.041132682139919052e-01
-9.866207870583655337e-01
1.000000000000000000e+00
1.612501939477700430e-01
8.302975761083344897e-02
-1.827467462464665016e-01
-2.634721132353990414e-01
1.000000000000000000e+00
6.396915354360240835e-01
