4.852678489891353308e-01
-1.232883265932107342e-01
9.115214252428480712e-01
-2.896071253819393898e-01
2.298398790872707709e-01
-5.412501857992374488e-01
-2.130984230702259175e-01
3.344336816405287238e-01
1.123851332759287364e-01
1.059501850111059795e-01
-4.654198386044374192e-01
-1.622679383839004397e-01
1.289799772901047137e-01
-1.461673007183621753e-01
7.608738235158336582e-01
8.532254919414569705e-02
-4.354930588127986502e-01
3.544078581919621884e-01
-3.883413675060157777e-01
5.536322560803171866e-01
-1.207634513946643784e-01
-1.140119395685902370e-01
6.692534230167715426e-02
3.857802297743751496e-01
-2.741079368642955760e-01
-3.845255395843519830e-01
3.930744797563371917e-01
2.694724463438911144e-01
-8.684785302856797007e-02
6.533655746009070509e-02
6.073149593855463602e-01
-3.570982206299194717e-02
-7.563759834851527808e-01
3.630390997101130002e-01
8.452780039051055461e-01
-5.808246435830471954e-01
4.691287938114380163e-03
-3.793097305864616131e-01
1.863213732034230130e-02
2.938637431666611954e-01
-6.552132668700059170e-01
1.281042116832125100e-01
7.238201736360559968e-01
-5.824125145748367816e-01
3.976190260020810996e-01
5.880069726768697436e-01
5.748137887557682735e-01
2.449815697155297567e-01
-1.131144932152215593e-01
-1.000000000000000000e+00
3.645008023662382191e-01
1.550677902764026339e-01
-6.473793597324580817e-01
1.380914043090175347e-01
8.518041072171887718e-02
-1.000000000000000000e+00
5.091932658530223810e-02
3.228543653720883921e-01
2.179688226889728853e-01
-9.734227003669326805e-02
-5.269765759452301745e-01
4.220422840001805120e-01
2.697318764165944627e-01
3.632168899848553512e-02
5.901162453416766152e-01
-1.000000000000000000e+00
-6.969747806198793860e-01
-3.069316223695514045e-01
-8.919906239599230124e-01
1.000000000000000000e+00
-4.881672074469633471e-01
-2.681876663881833101e-01
-6.957677193770062107e-01
7.735264360443708243e-03
3.556381681434654385e-01
1.709507618667002737e-01
1.000000000000000000e+00
1.759379996624855780e-01
4.330504441929277082e-01
5.341501205250365203e-01
2.716647733700864875e-01
-5.103395874343970018e-01
3.005253522617012951e-02
3.130072869803351976e-01
-6.384262459990003302e-01
-7.287049798311561188e-01
-8.860549908878839753e-02
9.082189696946181279e-01
3.183793031387478489e-01
-1.098433909786127316e-01
2.833258217158092784e-01
-2.084604959823493364e-01
2.909102855263506204e-01
5.426355539896993152e-01
6.064020932692253396e-01
-5.483621860886281896e-01
-5.734244488491440084e-01
2.226081440606684503e-01
2.096086141447252305e-02
6.798168632514035581e-01
1.000000000000000000e+00
-1.920813431651288705e-01
-2.805327647014199677e-01
-4.248673216232603522e-01
-4.946584207710558734e-01
-3.115687805529797072e-01
-1.637549508298441481e-02
2.406420916252184072e-01
1.529228023911095580e-01
-2.427812510272912561e-01
2.331922985324207109e-02
-4.249490201145518231e-01
-2.665118734135787926e-01
-1.337496239215667515e-01
3.341657389902175090e-01
3.105088506154689565e-01
1.000000000000000000e+00
-1.127899712176586022e-02
-5.295304877791607856e-01
4.104316854187427532e-01
1.000000000000000000e+00
1.501018205032680075e-01
-2.438198481295836273e-02
5.001253701244073868e-01
-1.507412402137747187e-01
5.534406001406382281e-01
-4.918614384425842312e-01
-1.000000000000000000e+00
-6.064009184488622362e-01
-3.944717603465329181e-01
5.794294563797530717e-02
-1.520453772504496148e-01
-1.771881983868521249e-01
-1.265062435005185337e-01
-4.817332288140843688e-02
-5.064008387626156571e-01
4.832282315458589217e-01
4.042639841994076777e-01
1.712088043863868314e-01
1.405915691184004834e-01
8.538979882373204378e-02
-5.086876207634689617e-01
-1.493029900326746651e-01
-1.000000000000000000e+00
2.828643033327646883e-01
-6.805024481111346391e-02
1.734560107519325101e-01
-1.797773593565751837e-01
1.000000000000000000e+00
-1.159222596349039347e-01
-3.713469865365595646e-02
-1.000000000000000000e+00
2.926876162078244636e-01
2.157263476619063758e-01
-7.384532652934930885e-01
3.616942028532034170e-01
-4.669754435604463183e-02
-3.122191373329614716e-01
-1.565721408513685020e-01
2.686626744383419640e-01
-9.370927295539471791e-01
-3.490151979980699593e-01
2.326763264702635392e-01
-1.092215658979522885e-02
5.737038990821899942e-01
9.151809142082311110e-01
-3.521739382235128391e-01
1.414249992158909397e-01
-7.439064084754678507e-01
1.000000000000000000e+00
2.817616142674894686e-01
-5.400141310465687017e-01
-4.257934116596581164e-01
-6.018316582419758198e-02
1.507882575765691069e-01
-6.878794799954847106e-01
-8.802699317995943407e-01
9.967097917892837611e-01
3.376851072463732395e-01
-8.158823036270086704e-03
-6.516220541755017581e-02
6.223295528795490528e-01
1.004925514139874271e-01
1.851715278734708536e-02
6.034036743703483779e-02
5.310645814291377054e-01
7.101196009270729359e-01
5.479996913109924650e-02
-2.519065764275535413e-02
-1.000000000000000000e+00
-6.267694435790218677e-01
-5.615037077953706213e-01
-7.823121482603565546e-01
-4.427379176333395283e-01
-2.477339101660366583e-01
-4.360854863189159714e-01
-8.666188557125729108e-01
1.572322392942640534e-01
-1.000000000000000000e+00
5.840957723377175892e-01
-2.583635988521704174e-01
-6.116123665798476328e-01
6.241892609926108504e-02
-4.447616737383580654e-01
3.113355504656996064e-01
-5.982341577472447547e-01
-7.979412180215884609e-01
1.152121511084519268e-01
1.773687853114866431e-03
-4.152238356880746939e-01
1.000000000000000000e+00
-5.168091068808128297e-01
-4.266093809188815644e-01
6.624666830635059789e-01
5.429919409782874018e-02
8.721850790742477488e-02
-4.236583910883704451e-01
2.959148529888636081e-01
1.000000000000000000e+00
-1.000000000000000000e+00
-1.000000000000000000e+00
-3.502692108650015679e-01
7.492528456629574674e-01
1.000000000000000000e+00
-2.250072363922054619e-01
1.502979227895480663e-01
-1.720122061383715928e-01
1.000000000000000000e+00
-6.003508708477911515e-01
-1.000000000000000000e+00
-2.254812584853246871e-01
4.170193714179024624e-01
3.638885933241284842e-01
-2.457910370961186031e-01
-1.008129768449666369e-01
-1.000000000000000000e+00
4.642784216251339968e-01
-1.462243676072925991e-01
-3.676698160753021360e-01
5.036608395750713507e-01
-2.385328903855667981e-01
-2.882782560904605385e-01
-2.858708304816673929e-01
4.148825028237291268e-01
-8.910711969052459436e-01
-5.619380657909753829e-01
-3.865802882872073631e-01
1.000000000000000000e+00
4.455377385430167592e-01
-1.780849354968243592e-01
1.891461591831267164e-02
-5.805446115861983003e-01
-2.116024090690962478e-01
-1.420809044453751613e-01
4.922989481804396217e-01
-1.794258826213030733e-01
-7.510655120782726568e-01
1.501175888643899170e-01
1.000000000000000000e+00
4.178527619671360549e-01
-1.000000000000000000e+00
-3.251253543486682940e-01
-9.397294179125843527e-01
1.684232141292442697e-01
-1.786605806811164543e-02
