5.320305649007973647e-01
5.434911178451482527e-01
5.196625310147610574e-03
-3.925624881206957184e-04
-5.642951187463515206e-01
-7.945258584124058610e-01
-1.000000000000000000e+00
-3.634915181930344907e-01
-5.339649508343886630e-01
-9.198570566709743934e-01
5.326690038159360985e-02
-1.169105638527370150e-01
-4.847391915990628131e-01
-5.360979373710974549e-01
-6.296356549779370815e-02
3.495757757103469254e-01
-3.080172457496144767e-01
-8.391964379446252842e-01
9.873582332916827076e-01
9.874837790275140526e-01
3.086165478129545003e-01
8.342920024524410616e-01
2.263695577792553260e-01
1.756145300165742051e-01
-2.602496859134028617e-01
-3.362422002857399783e-01
-2.371151393069557134e-01
-1.810748896460699364e-01
3.792840301133333925e-01
9.893601938279800168e-01
-9.915830725434524595e-01
-1.776863418027399000e-01
-2.250859267662648489e-01
8.127122011885616615e-02
-5.204223545530058948e-01
-3.697293959778815142e-01
-3.553656060647570336e-01
-9.907261254180363963e-01
7.044550679168707363e-01
-2.194578957090471127e-01
1.000000000000000000e+00
3.054420087741571699e-02
4.667469910033601455e-01
-3.608463829593260286e-01
9.852688228463115649e-01
-7.471980658661995234e-01
5.112708342688223606e-01
1.000000000000000000e+00
1.493549452609171102e-01
-2.214705048815633973e-02
1.000000000000000000e+00
3.535437146768171668e-01
-1.581626127068868626e-01
-6.230379033551390888e-01
-1.000000000000000000e+00
1.000000000000000000e+00
-1.000000000000000000e+00
7.471883620974001383e-01
-4.032720429433857001e-01
4.030101427594873220e-01
6.892851563551055660e-02
1.334169396334059510e-01
9.899172477031091821e-01
1.360920846861523037e-01
-3.570126648624991073e-01
-3.273669752193897331e-01
-2.392900796699161392e-01
6.168105247601427532e-01
-1.413109611817141287e-01
-1.098297233599525996e-01
-9.852545238907675085e-01
-2.636083449547001467e-01
4.239469256028672306e-01
1.849648617790416172e-01
3.913855682129747660e-01
6.565444574705096015e-01
8.218616874869377753e-02
-3.397227319868767470e-01
1.310497781437512665e-01
8.554672685192256376e-02
4.209774424543054616e-01
-1.000000000000000000e+00
-2.506862687964205860e-01
8.024188129544308490e-01
-1.338521264277053036e-01
7.351272160548476264e-02
2.016063207028875315e-01
2.249655613520283315e-01
1.603748469068702331e-01
1.817499401082098842e-01
4.234303170388936666e-01
-7.608498288352573136e-01
-9.846388287380541948e-01
-2.226801385355022533e-01
-1.574205455932304321e-01
2.465388551179950594e-02
-5.000925822087871619e-01
-5.447910003154651237e-01
4.281951937099666150e-01
-4.873104321606834544e-02
-6.715471720306428471e-01
-9.203679595434148819e-01
4.813686233192810415e-01
-1.261148733545840450e-01
-7.971274167509374564e-01
2.110813720613727573e-01
-4.875904780724268223e-02
1.959495930295272470e-01
1.000000000000000000e+00
9.652276452484325198e-01
-8.563138822009495055e-01
3.611972817683721249e-01
-2.984085341778608402e-01
5.993127258569933558e-01
-5.221803371259209348e-01
-1.000000000000000000e+00
5.515632552572553582e-01
-3.383000499674608252e-01
-2.596472097760981618e-02
2.468837393838154148e-01
2.117818425183169984e-01
-7.122543968456937491e-02
-2.212622564947754056e-01
-5.757862543385130483e-01
-3.269716129615954370e-01
-5.392079237541995695e-01
-4.200270814379910567e-01
-7.155036588897920602e-01
2.895350228432898021e-01
-1.140264682372014171e-01
8.691677632762337957e-01
9.866370923035754359e-01
-1.969545878075232848e-01
-6.707121256603276738e-02
-1.907459794253016372e-01
2.768935003216823620e-01
-1.236033655661955555e-01
-2.791395774468217669e-02
9.236740423040532555e-01
4.824171549948224058e-01
2.626536420205542455e-01
3.454700615642322115e-01
1.000000000000000000e+00
-9.575367792902396147e-01
-4.684762914368734155e-01
2.417655340466865754e-01
7.948971243780058593e-01
1.791844796757382507e-01
-2.703123148717564289e-03
-4.656492418092818553e-01
4.266680051836819754e-01
5.738513186742013605e-01
-1.573852373542309613e-01
-7.052241297711239233e-03
2.907354626516763241e-01
9.854584113167106363e-01
6.393431471126563848e-01
2.203853527478201735e-01
-1.226083513711280909e-01
-2.380381731515920363e-01
-5.855090640288799220e-01
6.277373575299670383e-02
3.316163997739184355e-01
-1.342168550027785789e-01
4.527957985680649000e-01
-1.000000000000000000e+00
-6.207302455482432979e-01
1.387366988944508384e-01
-1.049189638206944608e-01
6.077961399264031339e-01
3.596848101547519411e-02
4.845013716695169004e-01
-1.607664692139493257e-01
-4.003663449515383332e-01
5.278876715616059867e-01
-2.349129972087695417e-01
4.483503409822112151e-01
7.394971191536234278e-02
-9.945644916569859051e-01
-3.543763789638157968e-01
-1.000000000000000000e+00
-3.041378119360494195e-02
4.719062454486915859e-01
9.033468769304046075e-01
7.201643224755216455e-01
-2.107595905115906276e-01
-1.654670342884646816e-01
-3.654394232105006024e-01
-9.944809474652642756e-01
-8.732440967014474253e-01
8.745931913658788748e-01
3.856016238195748569e-01
1.000000000000000000e+00
1.000000000000000000e+00
-2.634975311662514086e-01
6.070403341679235787e-01
-4.542468970861924249e-01
5.828024079012643632e-01
-2.712970821409718125e-01
6.030423382151524070e-01
6.667581906416768511e-01
-4.030568556690474757e-01
-2.104273118426351896e-01
-2.252819018921838057e-01
-4.096990962016746618e-01
-1.000000000000000000e+00
7.565501748942464744e-01
-4.262017211096592040e-01
-5.524428738460483990e-01
2.612911728218241803e-01
-2.679445954131359775e-01
-6.815778881373681930e-01
4.083874653976690694e-01
-6.970336935084529839e-02
-1.570024068479454193e-01
-2.088377651586612038e-01
2.191139392898490135e-01
-9.893476067026347742e-01
-8.925166596445651690e-01
1.000000000000000000e+00
-4.201342179526014187e-01
-5.943712831728752422e-01
6.402471948038497285e-01
1.209697877436902158e-01
1.435265335678459209e-01
1.000000000000000000e+00
-9.905173324643625765e-01
-8.705833409616625662e-01
3.925385299885741364e-01
2.041728469433164994e-01
-4.385522350807081748e-01
1.162039608177868194e-01
-3.684828024002723135e-01
1.000000000000000000e+00
4.292831440907575180e-01
1.724908538645425204e-01
-1.072820484537776176e-01
4.045738330911951008e-01
-9.835633552596919627e-01
1.000000000000000000e+00
4.733952791882405087e-02
-9.584463196991954703e-01
-1.028129932313697481e-01
5.453972153361912323e-01
5.896999179988502426e-01
6.181428809116253781e-02
-1.539911592698658405e-01
5.640956351968238192e-01
3.717275272801190411e-01
-8.212272990542537343e-01
-7.754932960404874454e-01
-4.823159713843281488e-02
6.883886424437862805e-01
-8.710956268605024588e-02
-4.514324305641152502e-01
7.228479565876133606e-04
1.000000000000000000e+00
4.847631605606279037e-01
9.534155626402633921e-01
-9.866183021511146789e-01
8.919010417310140049e-02
-8.880226251863250209e-01
2.419929906347697557e-01
9.254016045996139583e-01
-3.111095391946078204e-01
