-6.686284985079716803e-01
-3.192634512748008385e-02
-1.552261546095729250e-01
-3.116608495026432779e-01
-1.029826777444734498e-01
1.486138369007453941e-01
-3.726282285668905958e-01
1.467441991212523611e-01
3.326600994904465036e-01
-5.405486784404984757e-01
-6.719850488489786944e-02
-1.993954963334498842e-01
1.900849392103872160e-01
-4.314877405839618318e-01
4.089505763181822129e-01
4.972089168483029287e-01
-3.331224216886698453e-01
-5.435413131023271172e-01
8.558579662428649204e-01
-6.507028341520584291e-01
3.027841485924354092e-01
-7.433066502686400123e-02
-2.792179850820418197e-01
1.833777031372557098e-01
-2.849436119835797587e-01
-4.399098717355098831e-01
-2.125264168289792421e-01
6.955534500347595461e-01
-3.891767652577185488e-02
2.382683453590309086e-01
-5.656752194145714396e-03
7.634140295775153628e-01
3.759798749080089930e-01
1.956110309379351098e-01
-4.264365810507730892e-01
-1.968355628864943418e-01
4.326235893834904922e-01
3.747949660447109643e-01
1.512203583719131661e-01
-5.631234648054104230e-01
-3.072411742187336481e-01
-5.117998356875375077e-02
-1.320905626959494872e-01
-1.329799830774797131e-01
2.951144917296893988e-01
8.722492865949176277e-01
-2.010650264959684963e-01
-1.440618999745877371e-01
-2.604755073822410116e-01
2.935543482235370219e-02
-4.279799487394025936e-02
-2.445366895988935751e-01
1.842385151434564605e-01
-1.152923460129393757e-02
-6.373837862499567852e-02
-2.435180773953787292e-01
7.707068752813166501e-01
-6.484161455474513058e-02
2.789205667619863438e-01
2.966733962145784442e-01
5.898246836566281015e-01
1.651516000103308568e-01
-2.752335841427508978e-01
-7.705712509402329324e-01
-3.161140734843847500e-01
1.464483664212039640e-02
-1.246080396550252323e-01
-1.043282681225547598e-01
6.150292435851958395e-01
-9.975532873264859601e-01
1.145737150015025962e-01
4.583038228469025199e-01
-5.059986933850875168e-01
-5.156616653086320001e-01
-2.105003158640050553e-01
-7.279671184250542659e-02
1.094178658814953659e-01
-3.708590421470733256e-01
-3.735901068195769392e-01
-5.883032443476312809e-03
-5.083053245627603411e-01
2.089988562909244341e-01
3.101579393164394238e-01
5.476490056545944007e-01
-5.477168243912992063e-01
3.699059045814154789e-01
-8.641700895052647491e-01
5.540147370574233232e-02
4.334953721231744050e-01
-1.429578425993644486e-01
-2.627225747175609416e-01
-3.320959781867304783e-01
5.852977288839114611e-02
1.000000000000000000e+00
9.266914288538375954e-01
4.682575042407565169e-01
4.445206694962072214e-01
-4.338420689318945311e-01
-4.009248294834394932e-01
-1.000000000000000000e+00
7.965450298484638703e-01
5.066895365099305382e-02
-5.779131571409528156e-01
8.200552667383951277e-01
-1.455637605507733578e-01
5.326597966581101407e-01
-1.969595555430847245e-01
2.428168531606479386e-01
-1.000000000000000000e+00
4.186566318723050073e-01
4.601969490164882215e-01
2.355714685515636342e-01
-4.650204936608947626e-01
1.795890261166379898e-01
1.583341779002828131e-02
8.792829127078488627e-02
-3.794109332207709628e-01
1.492417539466368154e-02
1.239122779797570406e-01
-1.708890277518471390e-01
-4.628669090270865621e-02
4.118458758621924565e-01
-3.031482201832670365e-01
-5.263027596762552829e-01
2.522513440301121235e-01
-9.113742024034716671e-01
4.360726516989251733e-01
5.443983432994470295e-01
-7.934962898760304639e-02
-1.808673784039924737e-01
-1.078670551146803935e-01
1.087216858635243200e-01
1.965875687428041974e-01
-9.119073671266521020e-01
-6.434054545352843046e-01
-3.173082103208088589e-01
1.744123926093887611e-01
4.577928649729595678e-01
-1.023958060384977109e-01
-4.483895915160507339e-02
-1.122909080187739772e-01
2.470339805395538602e-01
3.826010105773595127e-01
5.449710753625868209e-01
-1.079358906573636007e-01
-6.906074469479774047e-02
1.000000000000000000e+00
-4.681374303086004995e-01
1.000000000000000000e+00
5.124063695763751980e-01
-8.611211345545292106e-01
-4.536882795460700502e-02
-9.101846149571732880e-01
1.246643359805881257e-01
1.719883733749693125e-03
1.630156562706966683e-01
1.585327677629926324e-01
5.514720905245542593e-01
-1.000000000000000000e+00
-3.238706169206106988e-02
1.000000000000000000e+00
-6.760326188080749699e-01
3.281151360942046180e-01
-5.565002846467829167e-01
3.947221414935554451e-01
-3.825877455527289528e-01
4.085854690703625280e-01
-5.892217991493874374e-01
7.191539569632702245e-01
-1.779592460412530164e-01
1.283202447715387218e-01
-4.754717949178569603e-01
9.360167913711403553e-01
-7.367500707342802269e-01
2.765296580269214211e-01
6.910148781015996722e-01
2.572523708065610135e-02
6.357397045257483503e-01
1.262479402038491905e-01
-7.141794058993384819e-01
-6.951857499508508065e-01
-7.137884609759197474e-01
6.592896553230420675e-01
1.000000000000000000e+00
-7.313959283195292649e-02
-1.627319670869719626e-01
2.427214656399679371e-01
-1.469634434566987613e-01
6.297209676423846936e-02
-8.513289554256375791e-02
-6.589436004567953420e-01
2.966082133838361945e-01
2.570022966335420642e-02
7.381776385785542294e-01
-1.899657758403600349e-01
2.470559218182513950e-01
-2.381815257801851715e-02
2.054014515041965305e-01
-3.637547766480003775e-02
-5.958545118322737810e-01
-5.428895963259325885e-01
-1.158208481310160076e-01
1.277731061241721977e-01
-4.053335691738525481e-01
-8.258882150695313895e-02
5.193106968147661595e-01
-7.265021889301961355e-01
6.142337324160551670e-01
-4.853861430824227829e-01
3.505322402739684540e-01
-6.168588655016876698e-01
-6.459104569646691996e-01
8.523303403854185500e-01
2.438760467683844801e-01
4.585168963768930517e-02
-5.530333458787181633e-02
-3.084925393772437047e-02
4.168183991503188190e-01
8.024454540911218903e-01
-7.712216315262532262e-01
5.623330470956053317e-02
-8.765001721008391922e-01
-1.536651214317875103e-01
-6.185783107100234490e-02
2.045146541460652057e-01
1.399157928758348879e-01
3.191688990610782595e-01
-6.054266190618706744e-01
2.164070457016414317e-01
-1.212813776523631037e-01
5.152577291647334468e-01
-6.428648004599879506e-01
5.230428028817135644e-02
-1.785575132882253613e-01
1.240751563695971504e-01
4.201303011873472881e-01
-1.941408537260795875e-01
7.107242596687801672e-01
4.759461096351454423e-01
4.295736635788101609e-01
-3.981788599373196069e-01
-2.714880314799434924e-01
-8.352325617269141800e-01
4.127373190283515902e-01
3.077064131805217762e-01
1.175470550844627537e-01
-4.602774308294317607e-02
2.740287635367044117e-01
-2.913246566005034399e-02
2.124373824651046849e-01
-3.720288804224283763e-01
-4.478241509490570316e-01
-1.236082800848956192e-01
7.797553889069007427e-02
-5.859708617560739352e-01
-2.986702658065761018e-02
-1.860701289155908822e-01
-4.611024557952674297e-01
2.947849107111211731e-01
-3.043731892291975938e-01
-1.000000000000000000e+00
4.970690958388965797e-01
-1.880250668040010231e-01
1.720561271013058002e-01
-9.513031613608188830e-02
