
0 75.200907 1.649983 17.413566 -20.0
1 86.289573 33.874623 20.592041 -10.0
2 90.952628 51.312938 19.56451 70.0
3 87.627846 53.98339 19.544386 58.0
4 89.533532 55.050104 18.997855 46.0
5 87.624051 57.949939 19.34405 26.0
6 87.624051 56.818268 19.651247 26.0
7 87.828738 55.182354 19.100119 38.0
8 87.40307 51.736811 28.945854 74.0
9 87.624051 59.283122 19.766289 32.0
10 87.624051 56.32106 21.427709 32.0
11 88.897367 58.863171 22.829048 40.0
12 87.624051 62.108298 20.567537 46.0
13 88.771054 63.033945 22.482586 34.0
14 88.933532 61.587487 21.136853 32.0
15 88.933532 62.986043 20.204186 48.0
16 88.9894 66.205928 19.560702 52.0
17 88.933532 68.001145 20.037648 48.0
18 90.097367 61.645687 32.78119 60.0
19 88.933532 63.274915 21.197278 34.0