8.693344565794104695e-02
-2.646001633325872904e-01
1.197400166027302593e-01
5.287821118036915014e-01
1.710882942715470645e-01
4.286816640956800928e-01
1.884187527455437050e-01
-4.359472324407993593e-01
-4.263276568731045879e-01
-2.468001191029853270e-01
1.000000000000000000e+00
5.147393176693926264e-01
-1.262983590460989292e-01
-2.090855618538923488e-01
-3.823850604255835117e-01
3.580067462405045475e-02
1.000000000000000000e+00
-1.822594399957327971e-01
4.147789935884045320e-01
-6.866716921016899899e-01
-2.292309140321008021e-01
7.762852450259665193e-01
-8.076394496862988603e-01
3.500131724852902915e-01
-1.727800604672334872e-01
-1.114544834294523001e-02
1.000000000000000000e+00
-3.023318408909518862e-01
-4.430319104955556808e-01
-3.056879261544397375e-01
2.089976873605526864e-01
9.099789114392259348e-01
-5.331667475320072125e-01
-6.214911286796418466e-01
3.761460393146051073e-01
-5.642746756878575659e-02
-1.878207647479046283e-01
3.069559073358274492e-01
1.715684249653031540e-02
-1.939911072776730194e-01
5.164852468799014940e-01
-3.172270376891948573e-01
9.046560690328829535e-02
-3.675726645705931772e-01
8.018975127980041417e-01
1.830054431442165730e-01
2.928983750536756081e-01
-1.896162155900908974e-01
1.672698128248928384e-02
4.747173724362717118e-01
7.462362352905910212e-01
4.957577322580994372e-01
-7.350248939006106541e-01
2.403128734195567884e-01
-2.635205800526029263e-01
5.522634806675192909e-01
3.423586010005141289e-01
5.359404537551709646e-01
-1.551192739294465495e-01
4.723809935025071183e-01
-1.000000000000000000e+00
-3.943376609088156681e-01
-1.321990694661942176e-02
-1.000000000000000000e+00
-3.762836190759272226e-01
-3.867298071219227862e-01
7.709284871159982622e-01
3.366908180073515666e-01
1.031469290314673826e-02
8.367963304034036209e-01
1.136822429025194370e-01
2.696061924438158397e-01
-9.773694497917642110e-01
1.327663983034415573e-01
-2.627863933220250803e-01
-5.563066718366677099e-02
3.667456138381086639e-02
8.364936080951765884e-01
3.188121074546181877e-01
-4.728751287338525677e-02
-1.754587811371347006e-01
-1.621649206088649486e-01
-1.745146386377827430e-01
2.008324857908511674e-01
-7.394901320995573846e-01
1.334046853109249753e-02
-5.664882051865934021e-02
2.249297138167532517e-01
-2.327738624221714625e-02
-3.147491764020741711e-01
-2.120196076266353258e-01
2.830808708642497395e-02
1.000000000000000000e+00
3.930281688530487538e-02
-1.262147633617161646e-01
-4.005537974820301272e-01
-8.401155039637864252e-01
4.873564092105893142e-01
2.125389757824841241e-01
1.000000000000000000e+00
5.938619584883210178e-01
1.197400166027302593e-01
-1.000000000000000000e+00
3.831256496481398599e-02
-7.720965836270108351e-01
3.346068489981176008e-01
2.393129352110366648e-01
-1.000000000000000000e+00
-2.657597787539021095e-01
-2.570067640087320693e-01
1.636436870888931527e-01
-8.406262959864838069e-03
-4.671513914268681789e-01
1.844995217447494007e-01
3.872419369607946193e-01
4.449052691685244643e-01
-3.411667597677566222e-01
-1.312878297627036450e-01
-2.606963013863111134e-01
5.134515032687960723e-01
-5.803944804078635666e-01
-1.000000000000000000e+00
-8.198169918265836298e-01
3.959023021436623990e-01
-1.933391528386650127e-01
5.054664817404156407e-01
-1.774581652070440774e-01
3.981223349673356227e-01
-2.178547411393627897e-01
-2.832279154922345832e-02
6.087625805378873434e-01
-2.937005763476041587e-01
1.276402198393548904e-01
-4.176237294703581404e-01
1.007122179792951100e-01
1.786279728546133760e-01
-4.766877085950049220e-01
2.916171071146164695e-01
2.970009578261689764e-01
5.669551967895121170e-01
-7.561523586543509312e-01
1.000000000000000000e+00
5.887364508686095954e-01
1.000000000000000000e+00
-3.059028387371917623e-01
-1.000000000000000000e+00
-2.732485985703094200e-01
2.609108889036675927e-01
-8.352378718146370729e-02
-4.175912001607430812e-01
4.813327014169735407e-02
-9.029111544804667433e-02
3.353015564327764264e-01
1.483303290812413022e-01
1.496712728430970585e-01
4.571628196410194578e-01
-3.762046889746533118e-01
-1.321466703204219606e-01
-2.151657244407871317e-01
-2.363970002146673632e-01
7.763272668224547868e-01
3.261578083866488731e-01
4.348781618116083769e-01
1.000000000000000000e+00
4.529244240366191998e-01
-1.129101998911978127e-01
-3.824342864755145288e-01
-6.907282757632147163e-01
-6.448063701236256273e-01
-5.450607586461275744e-01
2.520368623426767485e-01
-2.301725866442257684e-01
4.231220473030695289e-03
3.979691767798081981e-01
-3.409974297019156553e-01
3.275724404669446699e-01
-8.427478155882506261e-01
2.839943084886124569e-01
4.733270201972405444e-01
-4.500543711610805464e-01
4.472985123860243606e-01
1.000000000000000000e+00
7.536851804486821571e-01
-4.692298182219261093e-01
2.521980558779666759e-01
3.139714141101231926e-01
5.149352586295191658e-02
7.526885279913066995e-01
5.591374364780313799e-01
1.000000000000000000e+00
-1.000000000000000000e+00
-5.065669053080030793e-01
8.328886140173527575e-02
-3.819132922561043197e-01
-4.705285925967831462e-01
-3.345265036649887058e-01
-1.752883067065758027e-02
-3.354551332201314295e-01
1.278463287268005732e-01
4.424898579802226672e-01
2.189829562714686317e-01
9.941603690803213489e-01
-4.548346158308784748e-01
7.864129088165833226e-01
-7.566222468220000497e-02
-2.696550160874371382e-01
7.820738397396448383e-02
-2.582298718201193610e-01
3.343661466386843584e-03
-3.901379336512943441e-01
1.000000000000000000e+00
-2.706833353948435161e-01
4.234610717533549007e-01
8.915154342662254816e-01
1.358432793535380156e-01
2.760757569538338507e-01
3.159522198168795426e-01
6.042705189293731127e-01
3.035695624707877571e-01
1.960758811721413641e-01
-3.490252234771766271e-01
-8.339323116550569903e-01
-1.794495163699563745e-01
-7.015601139882838844e-01
-8.274012804679624633e-01
-8.847989812387183073e-02
2.559910331285856766e-01
3.591683708978804512e-01
3.922512356901966535e-01
1.000000000000000000e+00
-1.165763008960199465e-01
1.284131902238273559e-01
-4.877811792701042259e-01
1.133732729836872677e-02
-1.000000000000000000e+00
4.564307652760690726e-01
-1.000000000000000000e+00
5.852153957594070643e-01
1.862076024618605774e-02
-1.816521175385532039e-01
-5.041954503479484373e-02
-2.360559499590812182e-01
-1.935070148751057983e-01
1.842120303414401805e-01
-4.150883398413572345e-01
-1.927379002896867921e-01
6.167060051542887500e-01
-2.472318447115570694e-02
-4.352732952554888013e-01
-4.299684117955305807e-01
-4.139656892639613783e-01
9.501816971716887661e-01
3.901041451789877823e-01
7.402716575984132907e-01
-2.487673617954932193e-01
-7.063383540386529713e-01
-1.000000000000000000e+00
-2.918989636955535150e-02
-5.860812720227570605e-02
1.745583918921628230e-01
-4.745233820835976224e-01
-5.046655133511985802e-01
7.020528639972738461e-01
6.432075834700672345e-01
-4.103094195417731349e-01
