4.249892602817634257e-02
-4.260897630934271096e-01
2.209080187632314618e-01
-7.410625788522737234e-03
-2.211859711379754456e-01
5.635625612418624364e-01
-6.472647203091695944e-01
3.519912357801326941e-01
-1.239946581354500754e-02
-5.150691100138051759e-01
1.733187906917462717e-01
2.480491860346479838e-01
9.858346683956394907e-01
3.685666236221454839e-01
-1.179259119272750567e-01
1.165136364284322518e-01
-2.810735626832479572e-01
-6.909053153856020701e-02
-1.017184785775198108e-01
4.063787288158304811e-01
-4.365649657109318404e-01
1.000000000000000000e+00
5.682010737530517330e-01
1.377598972679316969e-02
2.727347581612703520e-01
3.479609498976543591e-01
-6.427654773177148284e-01
-6.583402635385443569e-01
1.774896843127645729e-01
-1.765654680145639643e-01
-3.093882394299353189e-01
-4.733292409735249118e-01
-3.159749167531022418e-01
5.436339731846060452e-01
4.998236365092623146e-02
-1.000000000000000000e+00
-9.980029530888206990e-02
-1.027836263529208205e-01
-5.104942299875769862e-01
2.681193382500913699e-02
1.620744243668397755e-01
-5.734131717810941886e-01
-1.367573719296763524e-01
-7.135769661064759184e-01
2.566676403194001477e-02
-2.597856755696482112e-01
2.588055509212443539e-01
1.000000000000000000e+00
-2.164915151236256330e-01
-7.010408974908960422e-02
4.483105254420134966e-01
1.114149801882793472e-01
-5.625905617744306753e-01
5.223703167309929896e-01
-9.302193565613456894e-01
3.606187790128509985e-01
-2.095168777580901365e-01
4.470993974735903292e-02
2.458998734618201010e-01
-7.561655606983653799e-01
4.377420118265670235e-01
3.346749413281489005e-01
2.537515290535823365e-01
1.877832428694898304e-01
-6.746912366064830580e-02
1.239095512982821418e-01
-3.874940708058665639e-01
1.818199092252721638e-02
1.383154147749615370e-01
-1.211760178515861042e-02
-7.561488025035687510e-01
2.462539468781427265e-01
1.000000000000000000e+00
-1.000000000000000000e+00
1.900418974050087639e-01
4.942983654418580119e-01
1.681761962704628188e-03
3.840043224260333843e-01
5.198171066412735075e-02
2.830259776374577374e-01
-2.499267151065528714e-01
-2.570992933871633079e-01
3.229503872255140573e-01
-1.000000000000000000e+00
-1.000000000000000000e+00
-3.188298153817940572e-01
-1.699603447826742442e-01
-1.366055946339937988e-01
-7.694196011732505891e-01
1.068072212373588070e-01
3.937577369280206852e-02
1.865297642513964460e-01
-2.851752846173328804e-01
2.283870278033605650e-01
-4.925720515891727214e-01
-5.486206529829382728e-01
1.183187785062583819e-02
1.000000000000000000e+00
-2.201485185289597246e-01
3.187971512965369070e-01
6.197632600493893085e-01
1.000000000000000000e+00
5.478230460271726887e-02
-1.724576402123742802e-01
1.733451832253027070e-01
-4.344744356967571164e-02
-6.665741724127594026e-02
3.016845589091550761e-01
-7.952085641748243838e-02
-1.000000000000000000e+00
-4.413612461763758987e-01
-1.510160557623571320e-01
-6.942199748899213763e-01
4.381382585218496772e-01
3.870272998667960429e-02
2.443638028276812757e-01
-1.198343571866876678e-01
5.111391435668637406e-01
1.266199901235494640e-01
-2.695425670793918926e-01
2.740398899010063061e-01
-9.199572751384728075e-01
1.710752636177159669e-02
-2.621914000395821065e-02
6.214030474605346521e-01
-4.758273828692645147e-01
3.849649926834208258e-01
6.377287940304954272e-02
1.796541463742639955e-01
3.971675541127663855e-01
1.496487922275033244e-01
-1.114434990356418798e-01
-1.000000000000000000e+00
1.556834453167838250e-01
-4.519835827766113812e-02
5.063180572268044521e-01
2.666865143074831357e-01
-2.154194253605257181e-02
4.893022602034470259e-01
8.847862075125834114e-02
1.444117190512933802e-01
2.706383760599899713e-01
-9.809531199239329702e-02
8.167419425882649353e-02
-1.000000000000000000e+00
-1.490623993061319652e-01
-4.620652971197172221e-01
4.430718628205113641e-01
6.104177530898631243e-01
-8.858569066060564268e-01
3.498235066169175789e-01
-3.219767786537879317e-01
-1.754920349431879356e-02
-7.799248458232235781e-02
4.926358970333311604e-01
5.061604216291442082e-01
-5.433772167721648977e-02
-7.196528829926576720e-02
-8.917423498778463964e-01
-3.802070989063113249e-01
-5.947098666863054328e-02
4.808042748760670282e-01
-1.000000000000000000e+00
-4.127575344336112950e-01
-3.710591808009889303e-01
6.244953917386724118e-01
9.955668552132035387e-02
4.175189057796534486e-01
2.637554352525890433e-01
8.560111122565865482e-01
4.400741042301196115e-01
-4.134268985122954154e-01
-2.285013424341540145e-01
6.721291593047475921e-01
5.765118035210219372e-01
2.340138339246918275e-01
6.538741588993188247e-02
-1.031093127869218695e-01
9.387429820176733386e-02
2.140485150518747215e-01
-6.020970659021320781e-01
4.016062928884554795e-02
9.196384149286922494e-01
1.516596828900647065e-01
1.117352083273823460e-01
-2.823879142799458064e-01
2.169433988523862544e-01
9.273767335616840690e-02
2.117854147826870037e-01
-8.621873951759859711e-01
-7.001760937311202193e-01
-5.827142291910099026e-01
-1.379503717157471721e-01
5.399190883599928048e-01
-3.428439405707719434e-01
1.834315649492695988e-01
-2.607132449029103127e-01
4.755966853901340552e-01
-5.290375704523540001e-01
-5.088833003335502259e-01
-2.836236433793728473e-01
-2.322195090245913751e-01
3.953739375044157400e-02
-3.718257789220466569e-01
-4.116594224754352993e-01
-4.631387531687014558e-02
1.494877452574383259e-01
-3.958244543515392899e-01
-4.012613322492832729e-02
-2.828560119942760132e-01
4.361440790420882951e-01
-3.186910793561857913e-01
2.305053022578631150e-01
3.491117716663221238e-01
-2.041359134524915186e-01
-5.144236547534877801e-02
-4.995852547206385275e-01
-3.847195898650181412e-01
8.039669823845030372e-01
8.130641678516278836e-02
3.177435844968687362e-02
3.101528475760091941e-01
2.148362913224559356e-02
3.949375100512713122e-01
-1.032923722714754466e-01
1.850203084633217365e-01
-3.319816419968613097e-01
-2.556329983079153045e-01
1.000000000000000000e+00
-2.243675650769604013e-02
-3.358947388358517888e-02
-5.965884934493430602e-01
6.497453693458691282e-01
-6.292757597403358938e-02
1.243030255200588824e-01
-2.497586079817788393e-02
-9.842071280727615612e-01
1.674436988692985795e-01
7.025165655961929101e-01
-8.546775794640877610e-02
-9.844733281465589680e-01
-4.430308945672417620e-02
6.149097418392754921e-01
6.093074340421860136e-01
2.126148521840229288e-02
-3.919954903080943298e-01
-8.446716319998903710e-02
-2.025446875436764660e-01
3.693705994886969379e-01
-1.000000000000000000e+00
-1.056654635501466100e-01
-4.266358707645157011e-01
2.474302541378688991e-01
6.017117875782321823e-01
-2.970634703270593757e-01
1.396514854921846738e-01
-6.746595760712912337e-01
-3.963421111455133206e-01
4.433602982199996712e-01
-1.000000000000000000e+00
1.000000000000000000e+00
-1.926714742383033308e-01
4.386229872613104375e-01
-9.619579108654982003e-01
8.965645441930064630e-02
