8.671342284044151194e-01
7.410908477331040745e-01
-3.337211980599046335e-01
1.776076668127749558e-01
1.427275203733790188e-01
8.147174627532549618e-02
-1.353650262188207942e-01
-7.307013659905744474e-01
6.787694067835903233e-02
4.157411601620545349e-01
-1.575905643691042912e-01
-1.087650294293273645e-01
5.059781465991592952e-01
5.428958589692638448e-01
1.000000000000000000e+00
3.590417407531529825e-01
1.247967525138865275e-01
1.000000000000000000e+00
2.150053060296216179e-01
-6.252050998382697733e-01
-5.680817294492556124e-01
3.845557329581033024e-01
6.220782330947204342e-01
-1.000000000000000000e+00
-3.437725435679137576e-01
-2.948028913572531620e-02
2.778936615497518692e-01
2.153255784352500757e-01
-1.000000000000000000e+00
-4.286194962774868555e-01
6.587328886207460821e-01
-3.276577827163177359e-01
4.720225488176250650e-01
6.399712968881905439e-01
2.735971189516156477e-03
-4.420519581438490109e-01
1.000000000000000000e+00
1.675754406305003108e-01
5.483557318025344962e-01
9.179558136459499140e-01
-4.904107437200287967e-01
1.640316431360690497e-01
9.786935540778470832e-01
-1.369110399457865446e-01
2.872570212482992158e-01
-1.168526588796747201e-01
-1.077825692710172034e-01
8.199477201792378933e-01
-6.332564097327301189e-01
-5.656084677088992763e-01
-4.465229655553556443e-01
-9.262978008229755256e-03
-2.942491979234863053e-01
-3.665580713131555424e-03
-2.573984248829488397e-01
-4.147699796877579725e-01
5.101076929860342002e-01
1.000000000000000000e+00
7.060223082083414425e-01
-9.101672095217028247e-02
4.028605590683718984e-02
1.796824828895398751e-03
4.488367497760359370e-02
2.044122573852338309e-01
6.581743224645935086e-01
7.638054019739862754e-01
-1.400839200043547395e-01
-1.409851657793185220e-01
-1.331477412995267506e-01
1.456806964532857129e-01
-2.219863858983905924e-01
-7.790569628281029946e-01
-5.891100229678321032e-01
-5.519112167910728006e-01
-6.339553396048844824e-01
-1.010144185312710635e-02
-3.325939355509517359e-01
-4.254730830767150529e-02
2.180725780966235039e-01
-1.000000000000000000e+00
2.767056444755924827e-01
1.444584459997531600e-01
-7.273285906951763025e-01
-3.169092623045365320e-01
-8.368659432478512405e-01
-3.562748484454240083e-01
8.456541831436054091e-02
-3.203233101097411883e-01
-1.510018239636903292e-01
-9.535208136606483365e-01
-3.134885969893063673e-01
-5.722164520591701553e-01
6.980432934826147351e-01
1.173785529225983143e-01
-3.192037758599680641e-01
9.996911147218920934e-01
-6.311917018508348409e-01
5.193907417041307983e-01
6.187315409378590925e-01
-5.636392365120961312e-01
-1.000000000000000000e+00
2.631665818560838810e-01
4.665963577791089056e-01
-4.496024785993019690e-01
3.829807490513109647e-01
2.048158581538870870e-01
4.372353305682411539e-01
3.654691723337594178e-02
4.287693387193028949e-01
2.925199019948899193e-01
-2.939156601032840710e-01
6.910120476517850330e-01
-6.237314183948072799e-01
7.783646985418509745e-01
4.578549149357497017e-01
4.381145456632799529e-01
4.332885089875313511e-01
1.921719530973122619e-02
5.628003297203375277e-02
6.491500787319857135e-01
-4.236005434040207573e-01
1.325796927106830392e-01
-1.008976537012588881e-01
1.000000000000000000e+00
1.038715813752242034e-01
-1.365893502284640931e-03
-8.015178415154815272e-02
5.751042353681352637e-01
1.868021707419998401e-01
-7.369092535168730862e-01
4.417201993384993752e-01
1.000000000000000000e+00
-5.266947852200795088e-01
-4.600041917769439603e-01
-7.642534189239343911e-01
1.000000000000000000e+00
-6.215076313785337092e-01
-2.287714037657975763e-01
-4.636784259136386699e-01
8.278669777504633898e-02
6.500527726198501721e-01
-2.091869294804822310e-01
-5.740476981552897762e-01
4.146066364840422236e-01
-1.301289410118681711e-01
1.334804037785204400e-01
-3.089922013845312065e-01
-1.000000000000000000e+00
1.975315761659164893e-01
3.903340522591308703e-01
-2.597566152743190360e-01
-4.463208677648595746e-01
2.560013646680783794e-01
-3.214312287695499926e-01
5.522447927363657305e-01
3.850668996646264275e-01
5.009098104549917219e-01
-4.898799821747561456e-01
3.426873586800835980e-01
-3.536312559800084965e-01
2.551504681742680081e-01
-4.639484484896299055e-01
-2.711346444380950960e-01
-8.656954005977759437e-01
5.458836979690376845e-01
9.083012411936389197e-02
-5.340424409909867443e-01
4.428505952601445861e-01
-1.111364508065740830e-01
-6.951734460158937035e-02
-4.495369142236257387e-01
-6.963356412816387175e-01
-8.738587066869761832e-01
-9.949886798434949553e-02
-2.628229284080254580e-01
6.645529038819611989e-01
-5.197911731741562402e-01
2.876287167084551344e-01
-8.101501982330369112e-01
7.752572972088673797e-01
-2.331799546215896912e-01
-6.045075925192711086e-03
2.177900466685360470e-01
5.024860287968542227e-01
5.176954164372469247e-01
1.422893833110561723e-01
6.573982395525965750e-01
1.571455092281002219e-01
-4.602938049887518313e-01
-4.629989636536163689e-01
1.000000000000000000e+00
1.029598398717865848e-01
-4.944442419438643821e-02
-1.765481028514171435e-01
4.975046956411970367e-01
8.492627662227283381e-01
6.854024319513102315e-02
3.067759116970261712e-01
-1.569207780239768590e-01
2.942306468124442631e-01
-6.163053524827484253e-01
3.327841382105899415e-01
7.234275185507528239e-01
-6.740637151188205722e-01
6.924482706679468969e-02
3.078535426824643984e-02
-1.920826366448768752e-01
-1.000000000000000000e+00
-7.555235416402935611e-01
2.085403731202078725e-01
-8.809729474645009439e-01
-6.948644194466457868e-01
-1.971921419522795066e-02
1.535744487105496492e-01
3.290377210039679978e-01
5.950604637667571417e-01
-8.409388075015432618e-01
2.974592057531798006e-01
9.947608533092011651e-01
-5.940509079810619708e-01
3.206413019906501072e-01
8.353682937270456854e-01
-1.000000000000000000e+00
-4.058103665387648995e-01
-1.728615580752224934e-01
3.003329262775183972e-01
-3.670880122187958894e-01
1.000000000000000000e+00
7.153797206591548941e-01
-7.378027602306986843e-01
-6.079693783768606030e-01
1.000000000000000000e+00
7.227934049996707078e-01
1.617323429581259409e-01
5.033548792983478792e-01
-2.357995261298790612e-01
6.173918056461400461e-01
1.000000000000000000e+00
4.675122220268854711e-01
3.224594846897073375e-02
-8.484119012802532334e-02
-2.787824578249521457e-01
5.626481194009803621e-01
4.091417759240059127e-01
-2.819243694333483652e-01
3.287867501304538864e-01
4.759644282965172501e-01
6.273119814495438096e-01
-2.947274709980722829e-01
4.432655674730329176e-01
2.289667467967197167e-01
-8.712679397443114926e-01
5.401409836531935182e-01
-4.311608899976152043e-01
1.091265666395389994e-01
-5.090998316545056745e-01
3.756683231256347510e-01
1.162344369550203649e-01
-3.832515265123498382e-02
3.080673498974094704e-01
2.555848917215133298e-01
-6.328877992783573658e-01
-2.788278989243655470e-01
9.586212094163838737e-02
-1.444426284382193393e-01
