-1.835765169688335086e-01
7.678052704088327296e-01
4.085634301598123352e-01
5.491170532827002182e-01
-3.555411935176218119e-01
4.443447745721050834e-01
3.502134814947702179e-02
-9.309345003272645469e-01
3.811452174103371893e-01
1.000000000000000000e+00
-3.034486550123111082e-01
-7.437418942066761907e-02
6.698182805480673574e-01
-1.279264154284724120e-01
7.870770241964650249e-02
5.449449953573054506e-02
3.855341665920553607e-01
-8.428313518115012615e-01
3.919935134014926881e-01
3.183951327155183919e-01
8.962582846812464088e-02
-6.059143215847624386e-01
1.000000000000000000e+00
9.109123107642098649e-01
2.465573333206974027e-01
5.931693827594369806e-01
5.009569434887394257e-01
4.694285515943108500e-01
1.149620642350638877e-01
4.517446623617140666e-01
4.663679277996142791e-01
-3.011581024938761453e-02
-1.696266227175778629e-01
-2.038207629320189229e-01
-1.039060236924534558e-01
-2.723864758396717933e-01
-4.694278864639322424e-01
-2.525813264491718613e-01
-7.359136919473421301e-01
7.256838108155475031e-02
-1.000000000000000000e+00
-1.283285935275511880e-01
3.288237185425322284e-01
-8.741727555616367606e-01
4.036101108499035028e-01
1.208643224795623722e-01
1.581917438724314839e-01
-3.706266377411080448e-01
-2.544721118352088474e-01
-2.990324250766825398e-01
6.331325872571486046e-01
-2.856663628562344237e-01
1.599804533058850065e-01
1.000000000000000000e+00
-2.880701420160480808e-01
-1.057791404260924051e-01
-6.322216503109291674e-02
-2.615042560487935708e-01
-4.880534633009677159e-01
-3.799110365797149225e-01
-6.565929843565516677e-01
5.798744620059519406e-01
-1.492790296490269231e-01
7.762732158308516262e-01
1.000000000000000000e+00
-1.318791977549845784e-01
4.516542665622703678e-01
1.000000000000000000e+00
-6.081068790176613614e-04
9.840235455378243401e-02
1.000000000000000000e+00
4.428452627294562349e-01
2.784756649754974167e-02
2.123753239820576899e-01
-2.448087328155831577e-01
1.612810420308057324e-01
4.390446453760021850e-01
-3.097058883691066744e-01
1.084164674598138145e-01
-1.219367827193023196e-01
-2.880465257614670538e-01
9.427659286062262112e-01
3.780475468157087904e-02
4.041741170434099972e-01
-2.727895126977482043e-01
4.739586728384325154e-01
1.000000000000000000e+00
-3.465972470762626045e-01
-3.944706962926406574e-02
1.002850122932288368e-01
-4.983914155139784752e-01
-9.716871048608324846e-02
5.494378225048132669e-02
-7.119905933545542243e-03
-6.532202968239840812e-01
-1.163928148855863931e-02
1.000000000000000000e+00
-1.574808674588276947e-01
-9.492150781866809384e-02
7.454712465412804967e-02
-7.140914553797966802e-02
5.776067433715788291e-02
1.890168061060555071e-01
-2.459912744152769060e-01
-2.316747904082241266e-02
2.470227187456638940e-02
-1.000000000000000000e+00
6.720894738188294415e-01
1.128507576961799153e-01
8.579237660669192245e-02
6.439228310640421338e-04
-9.245146348107657897e-01
-6.948381667277286899e-02
4.605622180855829528e-01
2.440720115753018393e-01
-5.773505758630551737e-02
2.218135474942554697e-01
6.744462678678636580e-01
-1.036939253842223407e-01
-7.131455713146821473e-01
1.752926340753406809e-01
1.540483031293404109e-02
-4.092121847183041727e-01
-7.909544281447684622e-01
-6.310680811129304457e-02
2.804571651172769187e-01
5.049139883428259423e-02
-1.000000000000000000e+00
-6.867339833542840388e-02
-1.000000000000000000e+00
1.521811801757574911e-02
-1.000000000000000000e+00
-7.188444406283966970e-02
5.311981426548725294e-01
-1.890127761182464339e-01
1.000000000000000000e+00
8.042329685763904834e-01
1.439251727812533854e-01
-6.674383965332053581e-02
5.457151666940907031e-01
1.000000000000000000e+00
-2.399475727119582125e-01
8.457729904394731824e-01
6.700863202991659273e-01
3.026859999299691406e-03
-4.877719196781984401e-01
1.220758267055501167e-01
-3.360527631034415652e-01
-4.910287715143188958e-01
-3.687283215582709550e-02
3.209539157613403026e-01
-2.281527885165606506e-01
3.590274629212192870e-01
6.102147322083832925e-01
3.605099002336530356e-01
2.045116856532094851e-01
2.002864822908740350e-01
3.314429993114660356e-01
6.762621156484605045e-02
-1.380193718689763371e-01
6.952946407833117404e-02
4.747782184163725772e-01
7.682541954460986311e-01
-1.000000000000000000e+00
8.153949408322878067e-01
2.304332249966090651e-01
-2.649614324410903832e-01
-3.291506283137419220e-01
-4.938198329032995604e-01
6.829348055370310089e-02
2.454364218864751312e-01
-1.153055177293774158e-01
-6.662913167204582710e-01
-3.009014794467460563e-01
-3.330762217362978062e-01
4.060889019672816458e-01
1.142218099579568880e-01
-2.414822106761700393e-01
-4.806647316567954631e-01
3.467956826313886576e-01
6.624065667439332783e-02
-8.760964715555903393e-01
-2.127736352348881255e-01
-8.382583690426245182e-01
-2.155209993120469902e-01
-9.765389144273211031e-01
2.737596831116314022e-01
4.476184059267047655e-01
1.155871326176369784e-01
-3.330987270420751045e-01
1.000000000000000000e+00
5.079907191695269830e-01
7.813994139891690116e-01
5.151854791372061371e-01
-4.258595994877158453e-01
-1.909713532464675512e-01
-2.676985107947537634e-01
2.441593362942900691e-01
-1.585713398715765665e-01
-2.487517061913450123e-01
1.890595377810038169e-01
-3.752787388456445550e-01
-8.519312563995777854e-01
4.956033226989287055e-01
3.800954694341557305e-01
5.152302161204032060e-01
-1.000000000000000000e+00
-9.780607311676843274e-01
-9.838870556752227214e-02
-1.000000000000000000e+00
4.545575293829589025e-01
-1.784900559299357481e-01
-6.392766370448881297e-01
6.700305308338455612e-01
-9.635561311969823572e-01
-5.829763152248007563e-02
8.213182500766680327e-02
-1.531792482641506081e-01
-9.273585233237821024e-01
-2.104409186479822558e-01
2.653208263117604049e-02
1.619600842146956543e-01
-1.110675004510401770e-01
-3.210213021951769941e-01
4.720436412068690357e-02
2.878093893514461210e-01
-3.876514953201232738e-01
-8.792764752374523929e-02
4.125607733253051634e-01
3.710345862009365447e-01
-7.756686254188678298e-01
-2.658460677804259653e-01
3.857667634102008858e-01
6.690749983969126458e-01
-5.541490353057979545e-01
4.326841256999630625e-01
-5.258281410582386906e-02
7.975681443403068172e-02
-2.340809714029079558e-02
-6.377744717276088160e-01
1.067546390901117359e-01
-2.772858854193736566e-01
3.067156024868655795e-01
-3.534464530521261860e-01
-4.211972805629949912e-01
-1.000000000000000000e+00
-1.000000000000000000e+00
6.711174375139804527e-01
4.417366427747673741e-01
-1.892181607607316407e-01
-5.399041130235193719e-01
-4.875230026061991295e-01
3.789820609203270463e-01
1.134995096727858255e-01
1.417364414397186134e-01
4.124214590195164343e-01
-1.682331726839844943e-01
-1.683094155312034323e-01
1.411133104946581118e-01
-8.414331551199399906e-02
3.609855478480169383e-02
-1.106030197150561362e-01
-9.416226185436574747e-01
5.144298933105120181e-02
-1.254386174286786226e-01
