-1.998567988623641822e-01
-3.641293379554318976e-01
2.945888076225154362e-01
-3.979129648834265898e-01
4.552482148656886163e-01
-2.353429520286609566e-03
-2.035026367388307889e-01
-4.974908497333781904e-02
-4.687144608272942881e-01
2.583861772196321960e-01
-1.000000000000000000e+00
1.000000000000000000e+00
1.738164738655208208e-01
2.248690098501691104e-01
1.000000000000000000e+00
-2.957786372887027393e-01
4.701737506362947960e-01
-5.828000959854886531e-01
-1.007097925906009911e-01
1.779791867093567515e-01
7.653972769459993497e-01
-1.091159983476187589e-01
-2.704743119611694446e-01
-5.776821953857924630e-02
-9.924653098468598778e-01
5.574408273056501439e-01
1.000000000000000000e+00
1.534956239379416387e-01
-3.771901620372655195e-01
-1.427945008888948375e-01
-5.997583933650622035e-01
-9.749188809408970702e-02
-1.175473645980543991e-01
5.204027948940566084e-01
-2.814487419295280679e-01
6.076209631275326650e-01
1.637482163358529030e-01
1.340167837809431717e-01
2.904332677466172630e-01
3.425469589166385553e-01
-4.590656541885020370e-01
6.290325038458768336e-01
-5.162899513891749947e-01
-4.567880275663308565e-01
-9.763757157225516625e-01
-2.946967219277015215e-01
4.324995557966055948e-01
-6.561696568626095016e-02
-4.585394496266855247e-01
-1.822215509160162450e-01
-3.627358970788793213e-01
6.379797996862006659e-01
-7.644829146596381353e-01
-8.171642747625531555e-01
3.839257787587091464e-02
2.856886378598024745e-01
1.681870604700693994e-01
2.173268986121616175e-01
-2.287521918153540001e-02
-2.250960590240955461e-01
-3.185958570162913950e-01
1.304564005638140511e-01
-2.845592893235548981e-03
-2.041995690913696593e-01
1.969097985138402729e-01
-1.400061841380303151e-01
-2.759409353170675927e-01
-6.828089737266275494e-02
5.868607014456141968e-01
2.815081151627826447e-02
4.193538781102393864e-01
-2.490066778967257588e-01
-6.279671960530186503e-02
3.010268528061932347e-01
-8.702697009146352636e-02
3.281896550931517886e-02
-2.051028065412324741e-02
1.124017043509006886e-01
-1.543361206596660373e-01
-3.015164098131239978e-01
4.782777862323713824e-01
1.771768749354984684e-01
6.187656008290304266e-01
1.520421251532016460e-01
-1.925385089547682893e-01
5.222210969254597046e-01
1.201006900880253608e-01
-1.000000000000000000e+00
3.279327243960100113e-01
5.959546744456972744e-01
-2.596809164337068321e-01
-3.411461500980731421e-01
-1.540240267440757260e-01
2.431511767158452963e-01
-8.353249275837557608e-01
-1.285392850136686249e-01
-2.953384085397301462e-01
-1.000000000000000000e+00
3.747840967116405908e-02
-3.427857815273827047e-01
9.889333449775267182e-02
-1.077803057764404882e-01
-2.983386657708357870e-01
5.030496348204580581e-01
1.561328526536376327e-02
-7.672701197419030950e-02
-2.283328211213745684e-01
-9.182496351429674242e-01
2.746572051061329511e-01
6.757254709755765587e-01
-8.507618766886226869e-01
-4.335822747350311090e-02
-1.790409738086068403e-01
-6.850790956729108094e-02
1.000000000000000000e+00
-2.779712113955500330e-01
1.616506154952269680e-01
1.000000000000000000e+00
6.282148329782476504e-01
-5.166431875101117344e-01
8.288978760475537166e-01
2.918997064032514133e-01
4.447197129501055946e-01
-4.522831879188527471e-01
-1.000000000000000000e+00
-1.902757435367244954e-01
1.432295199961255705e-01
1.088018882913679014e-01
8.472680755619796389e-02
-1.000000000000000000e+00
-4.843867200456707378e-01
1.287447387484697281e-01
6.442771557974190655e-01
-2.426703874741795719e-01
4.505844008158639558e-02
6.699733270881839120e-01
3.344166751552182237e-01
-6.108580318364150719e-01
5.275056558599843237e-01
-8.603326987539899884e-02
2.293640057321663928e-01
7.440014157512016002e-01
-5.985169633880490503e-01
1.710044843978317519e-01
-3.559938397781090558e-01
-3.172953692532696213e-01
3.421647510441255258e-01
-1.000000000000000000e+00
5.567434081484017028e-03
-1.000000000000000000e+00
6.012297073882082454e-01
-2.294967465205029200e-02
4.417897806570090236e-01
-5.512619388579098612e-01
-5.539310125348948510e-01
1.228795103392052723e-01
4.011778128113469011e-01
2.934303016330958719e-02
4.346468135366873264e-01
4.901855360202713729e-01
6.699329559754161334e-01
1.922240771416626470e-01
4.066401708395631642e-01
-8.851070962761428684e-03
-5.230304717024084060e-02
-2.913426861201006690e-01
8.233899707093371712e-01
-2.064125023974534012e-01
-1.000000000000000000e+00
-7.165054730783080306e-01
-7.054278807893161751e-01
-4.497787618476059568e-01
-3.047353661485612264e-01
5.690661942985616450e-01
1.432661708477880880e-01
-2.476135769322014291e-01
8.713919666940965758e-01
-2.420380007301520253e-04
7.474685082084285837e-01
-5.355330309904868802e-01
2.907762482772744406e-01
2.863827433492787677e-01
-5.033599259445761809e-02
-5.379164034781954706e-01
4.866843822586069956e-01
7.448270100136326066e-01
-6.486977867254445362e-02
-1.589418306249968382e-01
-5.099336506858434537e-02
1.552769008838100484e-01
-7.332130962306844524e-02
-2.245895763371922316e-01
-4.378250714749127304e-01
1.000000000000000000e+00
-3.990744706349501625e-01
1.105673601077351853e-02
1.000000000000000000e+00
9.101326105442807402e-01
-4.206334174564775874e-01
-2.848060937941231940e-01
-1.068887928979511126e-01
-1.029967001742247840e-01
3.591332654152655790e-01
8.136748675397329489e-01
9.518456098167991930e-02
4.377431587770705401e-02
-6.036131682599007453e-01
-3.753252062550188062e-01
2.353634066684433257e-02
-1.509584284396680298e-01
-2.564052542237269527e-01
-6.290125697296968799e-01
-2.055564971355088311e-01
6.013086905858602282e-01
-1.775741319943212326e-01
-2.705827104786399651e-01
1.759069085003596156e-01
-3.767556076879367000e-01
5.674792876808399944e-01
-4.445565591438241926e-01
-3.011413536613726794e-01
-1.384681952589929821e-01
1.000000000000000000e+00
-1.887177935708681531e-01
-8.038114216950457136e-01
-4.149913408528863590e-01
1.292420226673580419e-01
6.998696543916010926e-01
-7.933506515507404711e-02
-1.634184824451171414e-01
-2.061242656581724342e-02
3.154336856297732528e-01
-5.889328791058719148e-02
-4.169453856311421958e-01
-1.000000000000000000e+00
-2.313415556165079878e-01
1.000000000000000000e+00
-3.590999445881136731e-01
-6.333127015230538559e-01
-1.144268079156895990e-02
-1.000000000000000000e+00
-6.866139788685332590e-01
1.000000000000000000e+00
-4.659795133563544578e-01
-4.287059520102151078e-01
-1.321407281271910206e-01
-5.852680038066903068e-01
3.376302536968342483e-01
1.813301252046762013e-01
-5.900747947570195162e-01
-3.122634244431554684e-01
6.316832485699104272e-01
2.521749175267026799e-01
6.863741737889825778e-01
3.837849023100972090e-01
1.542315070044075198e-01
4.109829912754264791e-01
-1.000000000000000000e+00
4.123946641321656337e-01
3.483060626946776761e-01
-2.042273065409158095e-01
1.000000000000000000e+00
-2.671937458182072622e-01
3.774080345944123560e-01
-3.553438665582355216e-01
