6.791411262005669913e-02
1.253832358285364990e-01
-5.650402823992453083e-01
-1.916576074988051159e-01
-1.688430860602465888e-01
-1.000000000000000000e+00
-1.930380736328010105e-01
-1.022741575148968796e-01
-1.611636786250732478e-01
4.209989259406560214e-01
-1.282081456126806795e-01
1.477907152116593181e-01
-1.069788300144406956e-01
-7.631523471463510511e-01
-4.035975902558532891e-01
1.468325279126187488e-01
-3.964262744676880779e-01
1.000000000000000000e+00
-1.000000000000000000e+00
5.338318238937189708e-01
-2.662186170263611817e-01
-3.608552140609731507e-01
-1.000000000000000000e+00
7.412585157735769315e-01
-7.800885399123592689e-01
-1.330120102018096384e-01
-1.932810935321066792e-01
1.014430172026384303e-02
3.849938339945515042e-01
-3.900526018955400853e-01
1.279025168661870049e-01
3.113949186067260233e-01
-1.000000000000000000e+00
2.298450350782453300e-01
-3.772705004735828482e-01
-1.525310818080058972e-01
1.000000000000000000e+00
8.266444206330301192e-01
-8.303953149477188989e-02
-1.470252032352540317e-01
-1.997906275900321604e-01
-3.045653456334511677e-01
1.000000000000000000e+00
4.741005875811661885e-01
2.881931557980077496e-01
1.636857420055182200e-02
2.598039660069677570e-01
4.833796291697227132e-01
1.438104668339046377e-02
-4.856026290629419928e-02
4.171711339524555306e-01
6.662113968957904253e-02
-8.873136001653664229e-02
2.519487322817242081e-01
1.622892236084853140e-02
-1.000000000000000000e+00
2.173779185255715896e-01
6.816934967751266949e-01
5.785361559302062279e-02
-4.206712102168587708e-01
-4.220586661884916935e-01
1.000000000000000000e+00
3.075372677317791403e-01
-2.171463522013973302e-01
1.000000000000000000e+00
6.382645229105494700e-01
1.000000000000000000e+00
-5.262016189145914957e-01
-4.365134457549312286e-01
-1.900196762999720179e-01
-6.471353556426731601e-02
4.830041854293971593e-01
7.623465631273734777e-01
-6.232227887442584602e-02
-5.037150855886012302e-01
9.845413468692587600e-02
-1.582040100641783631e-01
-1.884866351959516018e-02
-4.412000567131771356e-02
4.179008219635942378e-01
-3.252475361829421652e-01
7.453986517698500958e-01
4.335795832435382913e-01
8.668481310338738144e-02
-6.920443817470267600e-01
-6.524591902458018455e-02
-2.651356989411157716e-02
-9.049834605618495287e-02
3.703280814543560839e-01
-1.000000000000000000e+00
-2.782072955198168149e-02
-2.393816563152961763e-01
-4.087611662966557369e-02
-3.114161090111550179e-02
6.144970521642032502e-01
-3.524314426191897387e-01
-2.386602097627989749e-01
-2.533164528515375880e-01
1.000000000000000000e+00
2.447421733322448223e-02
5.312980107061604507e-03
5.549785182876694201e-01
-5.883687120347937949e-01
-6.543064032736845004e-01
-2.302880127899385732e-01
3.583847367518353533e-01
1.087483950455546133e-01
-5.927049054564561548e-01
3.002818047679404745e-01
3.559879396035408039e-01
-4.548021818312169562e-01
1.134118189220209919e-02
-1.272876762845781828e-01
-1.540660085032584947e-01
2.171264739157842960e-01
7.609150065567871213e-02
-2.743205645914354451e-01
-2.701105434594201077e-02
-3.492763937693266763e-01
-1.403201305330680215e-01
-2.387829911226473367e-01
9.056446200375118938e-01
1.000000000000000000e+00
-5.912821976577158078e-02
4.941462329957120869e-01
3.736646582748658768e-02
-3.370936740795968944e-01
4.554867706701575258e-01
7.404777246324059647e-04
-2.652310752046470044e-01
2.670381127704879454e-01
-2.947203965902257528e-01
2.003443255781433008e-01
-1.380115887459987256e-01
-8.046187267217193295e-02
1.000000000000000000e+00
-1.000000000000000000e+00
6.844030761882384795e-01
-1.000000000000000000e+00
-2.053640304248189885e-01
-6.397490890773143146e-01
1.000000000000000000e+00
-1.361364440017543975e-01
1.000000000000000000e+00
7.979050822037965229e-01
6.953508739481376044e-02
1.261130236233130864e-02
3.555999151893570742e-01
-1.000000000000000000e+00
1.392826390113403034e-01
-2.612655422196211163e-01
-1.000000000000000000e+00
8.191631446336465894e-01
9.407994798216080812e-02
8.313729417970614488e-01
-4.855085403040935721e-01
1.359663012960279915e-01
-1.000000000000000000e+00
-2.519584159592451189e-01
8.057697852757395029e-01
-3.831127133276899244e-01
7.063483614091770058e-01
3.305137927279839793e-01
5.833145685790638857e-02
4.430552179790481215e-01
-1.984901863648936560e-01
5.229096231576620957e-01
-6.902013331663101603e-01
-3.898810842729413806e-01
-4.190992428597976605e-01
2.483883924613480565e-01
1.452745029358027198e-02
1.978676312345397370e-01
-1.881428462784958400e-01
1.417549846943382541e-01
3.070189222369424931e-01
5.653376218414748466e-01
-3.767772581180925395e-02
-1.000000000000000000e+00
-7.714511449199261406e-03
4.169162764303210866e-01
1.734553829164768024e-01
1.301539002301896897e-01
-4.295283964084142259e-01
-1.324160349688808247e-01
-2.477396225929202611e-01
-1.460472884621862866e-01
8.349761908700092938e-01
7.305831657330388307e-01
-5.036277409919313053e-01
-4.479291432082949109e-01
2.424861155240524979e-01
3.728399297795409462e-01
-5.367034493160681707e-01
1.312836260159188501e-02
-4.057120543248226574e-01
-8.951909275918568110e-01
-1.011881391399825081e-01
2.782039441360808496e-01
6.386021190971769013e-01
-1.330611564834154881e-01
1.964646179723696096e-01
-5.075938157166570014e-02
-1.000000000000000000e+00
-4.082058042515169238e-01
4.608931069233003219e-01
8.524552847287686363e-02
1.487940539223947534e-02
2.894395220856330608e-01
1.000000000000000000e+00
-3.125098702576080134e-01
-3.154514882414401478e-01
6.906740601832619397e-01
8.872494753646533727e-01
-6.402743782110154047e-02
-6.951279774885901208e-01
-7.880266823244685970e-01
5.599854160114410284e-01
1.000000000000000000e+00
-1.131992266802217401e-01
-5.264150186629141803e-01
-7.500601414552809931e-01
2.538940209064561859e-01
1.000000000000000000e+00
2.914234376844024310e-01
-6.080100253910376562e-01
1.173183290436874693e-01
1.714187833900991387e-01
3.452323446091004611e-01
3.915345033743867775e-01
1.604666752922599138e-01
9.579881069874297550e-01
-9.526121433668044425e-02
-3.722294155705545560e-01
-5.588869832532639137e-01
-7.517526440532935617e-01
-4.990669531862674813e-01
-3.199450140114723506e-01
3.534623483096062113e-01
-3.720185572383092887e-01
-1.004263597699279198e-01
9.949339544060380458e-01
-9.663540242834350869e-02
-1.075525150419161524e-01
-2.225687771729933928e-02
-4.308351950544353492e-01
-8.608886485072763106e-01
7.401247516557338257e-02
4.009023246005161134e-01
-4.189638291814338777e-01
-8.873076251820734006e-01
9.496870564334886078e-01
-8.873905031653198106e-02
-3.881350219522031741e-01
-3.720681937738932743e-01
1.000000000000000000e+00
-2.373532258086640256e-01
-1.540403023050320730e-01
-4.245204745922143696e-01
-2.381958992408479414e-01
-2.076750000447173117e-01
3.173220440937264408e-01
1.000000000000000000e+00
4.550086336193984726e-01
-3.867292877775241888e-01
