4.251891362689412257e-01
-4.617810604121032614e-01
-8.840121448053679665e-02
-2.613479195361392837e-01
5.165224195625495868e-02
1.900634079484790906e-01
-3.542907807008099930e-01
4.795437949254874321e-01
-3.394098955865381129e-01
9.937836910929995771e-01
9.843638528324778481e-01
4.953844018502187030e-01
1.968875603715481426e-01
2.729748533462681426e-01
3.744230014726980249e-01
3.854365507152785475e-01
1.000000000000000000e+00
1.190094520228879432e-01
-4.829371370247011463e-01
-4.630372186318391092e-01
-1.133882502143794373e-02
-5.130020666537168372e-01
6.771235756230408603e-03
9.919551747201874603e-01
-3.485478012844522855e-01
9.548314856090693858e-01
7.737701563214899325e-01
3.701340060576870927e-01
7.474268305398771295e-01
-9.882647398852043574e-01
3.927820918691087709e-02
-5.570337430103783349e-01
-1.000000000000000000e+00
-1.995177219426800541e-01
-1.669444451743393176e-01
2.139414613116809583e-01
-2.337847708598246588e-02
7.682701595668250949e-01
4.643106550669747756e-01
-7.312422895905771325e-01
1.205849307018535960e-01
1.739839729810414570e-01
-5.935381779878696751e-01
9.576723959843018719e-01
-3.839229734531139030e-03
3.892084091700891424e-01
-1.618976781542464938e-01
1.989602430890370088e-01
-5.813792237861701295e-01
-2.190686706676363837e-01
-9.867912901813571391e-01
-1.000000000000000000e+00
-9.581053112248911763e-01
-7.533601334009228934e-01
8.325333320364446399e-01
7.962011872476061347e-01
3.409149143214560973e-01
-2.702267015689676505e-03
-5.274313833995118994e-01
-5.171021523895060756e-01
7.385349281101623031e-01
-3.335610523784167114e-01
6.150624466237484267e-01
-1.000000000000000000e+00
-4.574389681413931208e-01
3.316978112905229481e-01
6.631274125539919906e-01
-1.000000000000000000e+00
4.788957123047133946e-01
-9.532338126732105010e-01
3.257052236183796690e-01
-1.795349242622993613e-01
-9.694481768690161871e-01
9.896685395065537572e-01
-8.186399369164362727e-02
3.650901844944426378e-01
-6.704447276181851878e-01
-5.035908394200460103e-01
-9.679141388529294288e-02
-2.300835489245250109e-01
-1.713095691586784819e-01
4.972341035685720785e-03
9.850507512960313683e-01
9.572585184668661595e-01
5.990064560597334609e-01
-1.950822188684903646e-01
6.218497373819646956e-01
3.001614204914995199e-01
1.000000000000000000e+00
4.762317210228725894e-01
4.687852484707273615e-02
5.326426931933250231e-01
-4.576399454166396596e-01
-7.670268710957579561e-01
9.338618481608024213e-01
-1.150147096567238625e-01
5.360634299507963801e-02
2.552978137228641420e-01
-9.847872148639479351e-01
6.770934095247631568e-01
6.898781815260157657e-01
2.228174804017976074e-01
1.000000000000000000e+00
8.216033695107345380e-01
-2.998323550321563280e-01
-2.430514780578310052e-01
7.081129667289330909e-01
1.000000000000000000e+00
5.466943074705418182e-01
1.889420407844520644e-01
-2.892903945364438401e-01
-1.811337838392814981e-01
-2.372105127106870492e-01
8.446589860434252639e-01
4.297748857860684835e-01
-5.518202658376527570e-01
-1.742397759149981462e-01
-7.715626951153369273e-01
-1.000000000000000000e+00
-1.000000000000000000e+00
-7.614016317212644880e-02
-5.775124856513185190e-01
4.681161696855141996e-02
-1.000000000000000000e+00
3.133360249373778328e-01
-1.639554701791714197e-01
9.899673829076998111e-01
1.517538304604083288e-01
4.888167502716485591e-01
-1.983135889477923297e-01
-1.231999751978201246e-01
5.304025197978013556e-02
1.092343028437997854e-01
7.325790185509297725e-01
-8.206871926539363038e-01
-3.012276756985714510e-01
3.230646606314131059e-02
2.007938083578323929e-01
-1.694586778261554863e-02
-1.000000000000000000e+00
6.420367790436596334e-01
2.675230905292048100e-01
3.254431430740197251e-01
-6.073033933443376942e-01
2.378357007232214937e-01
-3.274309483545718158e-01
4.337949403782094260e-01
6.553921396565800528e-01
-9.869445688067218780e-01
3.736527605634802907e-01
1.810211766868494720e-01
-3.315278993623538284e-01
1.152127589282402054e-01
1.000000000000000000e+00
-1.389459728150292672e-01
1.968090454909860731e-01
4.297333869733940270e-01
1.000000000000000000e+00
-8.161478134548970642e-01
1.594478839466990094e-01
-9.346270351835972434e-01
9.819825029197277733e-01
1.120509274626261542e-01
7.999428024703869600e-01
-1.000000000000000000e+00
-3.145660973196760107e-02
-4.576728171015246871e-01
1.000000000000000000e+00
1.293982469167527516e-01
-5.215026857989379927e-01
9.835832889776131571e-01
-1.000000000000000000e+00
-1.863244204292955342e-01
-7.675881429449032956e-01
1.099651991096192855e-01
4.673912703936947133e-01
2.679284749500444041e-01
1.000000000000000000e+00
3.016412462518344717e-01
7.369990687769296944e-02
1.772967862089827040e-01
-8.964229576565763136e-01
-3.349792174602552186e-01
3.285562000958358597e-01
5.085992952102831310e-01
9.826764559298493129e-01
-5.624506062386045446e-01
1.283326052748845481e-01
-2.405881473848529850e-01
-3.249000427425911552e-01
1.070412217983681691e-01
9.619525855342453413e-01
3.745263706240760104e-01
-9.576976818400448899e-01
9.614806348244231415e-01
-4.290507626331900304e-01
-4.476673540395590956e-01
-3.101767391500950266e-01
1.000000000000000000e+00
9.016028080895074903e-02
-8.227000612553627690e-01
-1.000000000000000000e+00
3.550274367311623824e-01
1.000000000000000000e+00
5.829992524981287838e-01
-3.647456783033038441e-01
1.676828151768381958e-01
-6.717091932800557386e-01
5.648122073698081946e-01
-2.718706094020005848e-01
-1.299524629791285746e-01
-1.734496890342391850e-01
8.603297479980923645e-01
-5.353814727316810046e-02
-3.326238799136044255e-02
9.923479649035726879e-01
-2.102858672503361143e-02
3.060009944634577428e-01
8.685485519314859459e-01
-1.000000000000000000e+00
2.636266235152572857e-01
1.799117742521512131e-01
7.104142053320714467e-01
-3.349666831650855575e-02
-1.000000000000000000e+00
3.018319610191932956e-02
-5.004262745492632503e-02
1.142347739036321946e-01
-5.853346208525191940e-01
-4.162391745136935217e-01
-9.864652582106427925e-01
-5.788092915302410768e-01
9.955144989162723057e-01
-1.000000000000000000e+00
1.000000000000000000e+00
-3.715434557942466909e-01
-2.776339960771717630e-01
-9.361036694168714534e-02
2.445555102639177247e-01
9.196332043567455594e-01
-6.341466535761014489e-02
-1.000000000000000000e+00
6.750093146442891490e-01
2.256427562170734424e-01
-2.562596470386766523e-01
-5.978883860365413749e-01
-9.922742466854281851e-01
6.721671874353499776e-01
7.042469855046076255e-01
3.462703369153209421e-01
-3.372821477455817396e-01
-4.756306764542170273e-01
-1.392974637883301614e-01
1.000000000000000000e+00
-9.874098595922218280e-01
5.628918910241049733e-01
3.298380887788954774e-01
1.918972431395427614e-01
-1.000000000000000000e+00
5.732611018455813917e-02
1.000000000000000000e+00
4.181336441301125584e-02
3.303981689581494963e-01
2.108508829122240635e-01
-2.304889194299053201e-01
