
0 57.732142 -1.459483 8.742191 -70.0
1 57.16227 16.468113 15.314845 -20.0
2 66.752976 25.68356 16.74119 -30.0
3 66.165189 22.782974 17.92155 -12.0
4 66.752976 30.385158 17.953185 -20.0
5 66.752976 32.067918 18.287395 -10.0
6 57.732142 28.419168 16.273669 0.0
7 57.732142 24.305581 13.773573 0.0
8 66.752976 28.469382 17.267994 -30.0
9 57.732142 25.728151 14.985814 -30.0
10 57.732142 26.484914 15.463782 0.0
11 75.706695 30.151733 17.817537 -20.0
12 57.732142 29.08402 16.929352 -20.0
13 66.094638 29.957708 22.969253 -30.0
14 66.16227 26.634089 16.745285 -20.0
15 57.752976 30.5948 17.569701 -20.0
16 66.094638 32.502697 17.772925 -10.0
17 75.752976 30.675609 17.845786 -10.0
18 75.752976 27.143315 17.477829 90.0
19 94.023266 28.775939 17.518178 -10.0