
0 22.002788 -2.60681 6.389224 -30.0
1 57.276415 13.713796 9.74768 -20.0
2 66.094638 20.468158 14.367492 -20.0
3 85.316796 27.197356 19.114775 10.0
4 85.716796 27.374525 17.796371 6.0
5 85.716796 28.037762 17.731917 10.0
6 84.776954 30.229776 18.307436 2.0
7 75.091917 28.261336 16.789031 -10.0
8 94.023266 31.179191 19.512948 -20.0
9 75.752976 30.325135 18.057924 -20.0
10 66.727 25.741245 21.039193 -10.0
11 66.116678 31.262826 17.972927 -30.0
12 66.179917 25.707375 15.243397 -20.0
13 66.752976 31.070673 18.42678 -12.0
14 66.16227 28.00401 17.689855 -20.0
15 66.16227 32.036048 19.202082 90.0
16 57.956575 29.314451 17.828851 -30.0
17 66.16227 29.923734 17.772618 12.0
18 75.752976 26.808629 16.969344 0.0
19 66.16227 28.756508 17.842283 -20.0