
0 22.002788 -1.692159 6.804795 -30.0
1 57.732142 14.200965 11.865012 -30.0
2 57.950144 18.18423 14.325242 -10.0
3 66.752976 26.263697 17.402411 -20.0
4 66.752976 30.107664 18.371562 -20.0
5 75.747727 32.278351 19.677426 -10.0
6 75.16227 27.37902 21.618362 -10.0
7 69.292245 31.109788 17.053446 22.0
8 75.250607 30.825038 17.537955 12.0
9 57.732142 27.37147 16.411441 22.0
10 94.023266 31.902355 19.144857 -10.0
11 66.276415 28.772483 16.518369 -14.0
12 66.168118 27.659978 16.47728 0.0
13 66.203942 29.038011 17.294296 -10.0
14 75.174 28.233561 16.78457 -20.0
15 57.732142 28.518755 16.377744 -30.0
16 75.054579 25.113863 20.086035 -20.0
17 57.296218 28.226165 16.669602 -30.0
18 75.051965 30.4187 17.543414 -30.0
19 66.16227 29.690758 17.454874 -30.0