
0 21.721885 -3.107055 5.145566 -30.0
1 66.601837 13.25981 15.116114 -30.0
2 66.601837 20.646515 16.425051 -20.0
3 66.601837 24.734215 17.61071 -30.0
4 66.601837 28.696596 16.90526 -20.0
5 94.023266 31.027807 18.171032 -10.0
6 94.023266 29.334447 18.98212 -20.0
7 94.023266 28.658482 18.256016 -20.0
8 65.614806 26.190701 21.573974 -30.0
9 66.225448 29.126884 16.871804 -20.0
10 66.16227 29.745305 18.12134 -20.0
11 57.752976 27.785294 16.98023 -20.0
12 75.601837 29.881489 17.265135 -10.0
13 57.732142 30.074769 17.403379 -30.0
14 66.296218 28.721022 16.929376 -10.0
15 66.054579 28.910429 16.686775 -20.0
16 75.721885 30.367261 18.486144 -10.0
17 66.601837 26.935067 16.413382 -10.0
18 75.286267 27.550556 20.768351 -20.0
19 66.094638 29.955866 18.233836 -10.0