1.626076020633963060e-01
1.770374776267934769e-01
-4.761721591726192360e-01
1.000000000000000000e+00
-1.500492770982290724e-01
5.062017302743419128e-02
2.082689145727179558e-01
-7.880812744946443793e-01
3.647367907110994345e-01
-7.254897301589269265e-02
-4.828788166429842654e-01
1.630666960158959344e-02
3.539462312655735632e-01
3.543113058803584736e-01
-3.567475484610501124e-01
-1.309304347422622639e-02
2.173185124511593236e-01
9.140956182873813951e-01
-6.685527721089909448e-02
4.379852097032403968e-01
-1.782748073877993000e-01
-7.750301947944820968e-02
5.071277915172931472e-01
1.333694165724869374e-01
1.108278933096135122e-01
-6.609305445531270529e-01
8.173795397773527815e-01
-2.911033470289130509e-01
-8.211416531186357393e-01
-3.961044152764752607e-02
6.296058983823557553e-02
-7.687518978195545527e-01
1.000000000000000000e+00
2.891821774110417964e-01
-5.283210649536247416e-01
3.091916954442786580e-01
3.375084019376251021e-02
-4.632929623225637839e-01
4.727584741827917103e-01
-4.565038084798288265e-02
3.326229767586809660e-01
1.000000000000000000e+00
6.522233501080514362e-01
4.994742630053737309e-01
4.396241285156996526e-01
-8.201847759029745610e-01
-9.025559932887586290e-02
-5.483550020539219583e-01
1.000000000000000000e+00
-5.583858062462701000e-01
4.515761108774510868e-01
-3.903847840631451960e-01
-3.196345082391191528e-01
7.224771365666417255e-02
-5.644459048546984770e-01
-3.984593701900136786e-02
-4.141636587775042733e-01
-4.473385608009003422e-01
2.100037660764972614e-01
2.081449466890751832e-01
-1.000000000000000000e+00
-7.406249923300307625e-01
7.094621498404665716e-02
-3.972468198947879392e-01
1.000000000000000000e+00
8.923135617672262043e-02
-1.172492466752570461e-01
-3.084033642308398604e-01
1.720905978532754066e-01
-4.367114539614047608e-01
-1.595607495482516403e-01
1.000000000000000000e+00
6.337874953427706792e-01
8.602632121049202940e-02
-7.406633279325458563e-01
3.398621817112943422e-01
-2.337716923095804200e-01
-1.708177529997052524e-01
-9.668351567312793993e-01
3.391874450211864733e-01
-3.336266751220302584e-01
-2.480458587823380079e-01
-3.773646062534542073e-02
-6.274002635236575198e-01
-2.151185645222199461e-01
1.864847116749460965e-01
3.265848054484495055e-03
-1.174018100825461458e-01
-2.307886833630637125e-01
-2.949773127670065054e-01
3.069749442022680630e-01
6.516666076986475931e-01
1.968135109084050149e-01
-2.768234711199700770e-01
3.131812054000991385e-01
1.724031162419454311e-01
-1.101193030251590432e-01
-2.797311551509367167e-01
-9.262274263560641430e-01
4.449634193305900820e-01
-8.843192525422041705e-02
-1.055556268538531683e-01
-1.071567931574555210e-01
-2.350643065012925081e-03
4.026881456906757362e-01
-9.980136342869885824e-03
3.515262587142319040e-02
-1.457444450973681693e-01
1.871869014924103791e-01
-3.673108418431738631e-01
-7.145306917761978793e-02
-3.220140961908127819e-01
5.390004392371393338e-02
2.768127030247051756e-01
5.710501785780596612e-02
7.849779651727200047e-01
2.917724977321525248e-01
1.000000000000000000e+00
-1.000000000000000000e+00
3.025020156683366768e-01
1.112754316871205074e-01
1.831563315873186437e-01
-2.819309850426520159e-01
-4.890117051921699098e-01
1.363971455904724739e-01
-1.695717139384900762e-01
1.272243199665813729e-01
-1.000000000000000000e+00
-3.430627084463035992e-01
-7.720992782296458579e-01
5.538669899929296037e-01
1.000000000000000000e+00
9.697738669263468447e-02
3.239228578246015067e-01
-7.065790396137470175e-01
2.867593192084801901e-01
-2.339778572544021218e-02
-6.478559343378040847e-01
-5.492596666344407713e-02
3.408191435375734213e-01
-9.043134280563114302e-01
-2.225098523630111291e-01
1.956306538743564916e-01
2.563659828067826330e-01
-3.977149837161878532e-01
-1.582496601542057735e-02
-3.166020163337019966e-01
-6.221909360246417053e-01
-4.786642139650539862e-01
1.245023677623188496e-01
7.300535509079006946e-01
-1.000000000000000000e+00
-1.301070632987346709e-01
-2.822562159492933986e-01
1.980264961666763912e-01
6.554123800673925526e-01
-8.249280559106670907e-01
-3.601564209383963933e-01
-6.622912869654344961e-03
1.981506021803894069e-01
3.314765120257570086e-01
5.532706596337233496e-01
-1.025023222203123308e-01
3.170656058063907601e-01
6.638993503490264736e-02
-2.486713522392755560e-01
1.000000000000000000e+00
-1.075606414266642163e-01
-1.757554096577851610e-01
6.824847078973023118e-01
-4.757536121131602513e-01
3.526211895887240710e-01
2.880777717406912131e-01
-3.392905584004081154e-01
-3.438785833569127370e-01
-3.444181934256264621e-01
1.051642318872582360e-01
1.745495258707019381e-01
1.390294740042228028e-01
-8.277763042756539624e-01
4.659998615929278332e-01
-3.701882883546477321e-01
-1.330576938909811824e-01
-2.297942622608538099e-01
-3.675866534783380213e-01
7.364955538646178468e-01
-3.230464595597182798e-01
1.669747957175482800e-01
3.810819470605636416e-02
-7.088037798491320096e-01
3.992154845676995634e-01
-2.111308159736639545e-01
3.864821141657805437e-01
-2.827043562980889324e-01
-1.621292712314620910e-01
2.153664872396588159e-01
-9.845038794365601476e-03
1.000000000000000000e+00
6.958062744928017462e-02
2.754039697318536595e-01
9.943198214382582556e-01
6.639698895856244176e-02
2.886411232816062378e-01
-2.827361501660306531e-01
-1.059538060275038995e-01
1.000000000000000000e+00
4.714810404224084595e-01
-2.490721470617278110e-01
-1.644600164557083743e-01
5.819595696052650702e-01
-7.629331085777026900e-01
-1.000000000000000000e+00
4.934549346806268999e-01
5.976238635943580402e-01
4.163053246622074322e-01
-6.479474112235581451e-01
-1.664298404581877056e-01
1.621963414999593733e-01
4.341198087825391960e-01
-1.430657308617752643e-01
1.370517052553818227e-01
-6.256792433392137642e-01
-8.725437968052035531e-02
-5.031820685197302412e-01
1.188106717831443893e-01
1.530430135958233684e-01
-1.787316626037800116e-01
1.775464686162031847e-01
1.000000000000000000e+00
4.620171466830894635e-01
-1.000000000000000000e+00
-1.966651814875627069e-01
3.796701322759078040e-02
5.089701365233363362e-01
3.272417529178686668e-01
-3.383677023797925232e-01
-2.130808422113091016e-01
-1.000000000000000000e+00
5.668081888453825323e-01
4.436648120408090423e-01
5.949260159541744919e-01
4.713411150162721830e-02
-3.490021913419278365e-01
7.389549385570683970e-01
7.529724743903373763e-02
1.856839553234184703e-01
-5.417292317699162751e-03
-4.436602649598115899e-01
2.082642743148787057e-01
1.000000000000000000e+00
-1.000000000000000000e+00
3.750557071134930087e-01
1.222223025458250290e-01
4.412355707200105170e-01
-8.962699687396685766e-02
-8.297436405886918775e-01
-8.421455664434966959e-01
3.516333991455400376e-04
7.368344553819554665e-01
-5.467771096450195767e-01
-5.839476147218805036e-01
5.049615778570494262e-01
1.170769779334913663e-01
6.838615607065361146e-02
7.294896164490149992e-01
