-3.122532338522984730e-01
-1.000000000000000000e+00
-4.537836147032610068e-01
1.779360664777007717e-02
-1.234742030325763906e-01
1.000000000000000000e+00
4.348209771870734791e-02
1.702431243673388217e-01
4.948260800392237369e-02
2.096039815887566216e-01
3.523550752691994581e-01
5.555802889650198750e-01
-2.453291257101723466e-01
-3.437500405371931023e-01
-8.403260235264629896e-03
-4.470274673003949428e-01
-1.000000000000000000e+00
-1.760200429309353720e-01
8.494349270826155873e-01
-2.551851082445857899e-01
1.000000000000000000e+00
-3.125091089312159731e-01
5.900386754176161208e-01
-2.484175508178372294e-01
-1.284024587104980186e-01
-5.207284826327263083e-01
-2.704405618031707204e-01
8.188386945601566769e-02
-9.737252433557563869e-02
8.490003305181407223e-01
5.814455209168693794e-02
4.544702306121961577e-01
1.000000000000000000e+00
-1.543252970300423854e-01
-7.124806499441649343e-01
1.624308698037746357e-01
3.500210415484938942e-01
6.388577922130744824e-01
2.775053684668832288e-01
-5.183991459597049323e-01
-4.037847939537725361e-02
-2.715166939949394953e-01
-5.302418493016841650e-01
-1.000000000000000000e+00
3.532321121804021802e-01
-2.974921027975511167e-01
-7.021330240195658989e-01
6.224095094101907144e-02
2.958890156769681812e-01
-1.000000000000000000e+00
5.780484512619774029e-02
4.123610325434917678e-02
-1.187991015843336551e-01
1.966506122943613988e-01
-1.279224310241207918e-01
-1.000000000000000000e+00
-1.334680631180015231e-01
-1.000000000000000000e+00
6.951575719111623419e-01
2.293702560195115814e-01
-6.180771429729052802e-01
-1.983871650860698221e-01
-4.294984444831658754e-01
3.220450198652874407e-01
-3.009928124276033401e-01
2.925930325767490681e-01
2.506594501596074442e-01
1.678540750937130288e-01
5.734158514768022963e-01
4.000144369503764730e-01
7.319266089478134729e-01
2.400598261990604665e-01
-6.417477070213672974e-03
-2.079401911628017685e-01
-2.433776100834560974e-01
-1.908342751684279359e-01
9.495096091784896442e-02
4.771956743118928590e-01
8.710376063953191306e-01
2.796968630971837233e-01
-3.603413199815654333e-01
-2.704683314661639471e-01
-5.087251047500526147e-01
-2.530752628693062611e-01
-6.279842317528649964e-04
-3.655816604657856073e-01
-5.265993248670529647e-01
1.000000000000000000e+00
2.549311577899427972e-01
2.410270015938593136e-01
-1.000000000000000000e+00
-1.465350622746179332e-01
-4.851158324956760803e-01
7.684175781250882631e-01
6.236028562771007283e-02
1.000000000000000000e+00
3.997239824302200040e-01
3.485614689982788339e-01
1.000000000000000000e+00
-3.966950991634570212e-01
3.794464762166396277e-01
1.935367567719563642e-01
2.023204224346035196e-01
4.360511413905315270e-01
1.000000000000000000e+00
1.096869240172243104e-01
-8.821793121551445571e-01
-2.894120995100522564e-01
6.820424612307153245e-01
-8.146052352442112454e-01
6.135623538997744125e-02
-1.000000000000000000e+00
4.377133223950121499e-01
2.161397857555196200e-01
1.000000000000000000e+00
1.136348718781686890e-01
4.828036780955244911e-01
-6.029678870906325372e-01
-3.090575747302369281e-01
1.375851664820108289e-01
1.139154074855925208e-01
3.162928200352785324e-02
-3.717540695531064698e-01
1.869354218434796100e-01
1.000000000000000000e+00
-3.562150641418302399e-01
5.221880205353373050e-01
-5.927529871706445075e-01
9.200353079457566086e-01
2.407646951414946779e-01
-4.654719233200763640e-01
1.000000000000000000e+00
9.201781412232684643e-03
1.399055789787597148e-01
-6.247610294662295227e-02
6.554261869742947222e-02
-4.748340882299453836e-01
-1.985650443583584224e-01
-2.815039634635430055e-01
3.070777759134563634e-01
8.130026599184125846e-01
-7.076456344500019202e-02
7.220425366700639058e-02
-1.077909267047986175e-01
6.684575040088183706e-02
4.490991363053870034e-01
5.012579097763721070e-02
-4.820910488263049354e-01
-9.883639442833809241e-01
-4.579225580723636502e-01
-3.257272641673439328e-02
3.923991095138119611e-01
-1.770832336520893335e-01
2.017903786459452342e-01
1.846563769242270947e-02
1.877677118349523055e-01
-1.650136376477169264e-01
-9.815848631519624723e-02
-1.698937563676505835e-02
3.442924492375741830e-01
-5.856266702524197676e-01
4.454110815708519633e-01
-6.624336086934479173e-01
-5.590116379543524916e-01
-1.551007082795232139e-01
-3.048534515330842964e-01
7.049991128755124237e-01
-1.053008473381816801e-02
6.298368057020929944e-01
-5.631567219923307999e-01
-1.561081487920112643e-01
3.239647191876636745e-01
-2.710001375686363345e-01
-1.000000000000000000e+00
-1.928893647671741374e-01
4.094949200512994908e-02
-1.000000000000000000e+00
-4.235283471829839330e-01
-1.478342000942320933e-01
6.920604664838334585e-01
5.186488671679441165e-01
-3.654146505709149895e-01
3.436975048694020929e-01
-7.914498187076089986e-01
2.439082843429828673e-01
2.134992890276387612e-01
-1.755345597336868679e-01
1.000000000000000000e+00
-5.393973643192562228e-01
-5.325145155012722675e-01
3.573834352180508267e-01
-2.305200505112164899e-01
-2.489284864173118422e-02
-2.971716247242636375e-02
7.040733114464101661e-01
5.365194778202763137e-01
3.312915254953969213e-01
1.720991444832528361e-01
-6.706574974647643295e-01
3.392027256860792317e-01
-4.572618931402370190e-01
-3.008132740330475563e-02
-3.856003686556391807e-03
-1.459940350854380953e-01
8.595332449807160380e-01
5.551186789043459635e-01
4.581428544385890422e-01
-1.106750803611679101e-01
-1.000000000000000000e+00
-5.295783208029879452e-01
9.414016662474201658e-01
-2.736107716456525063e-01
2.476010145104834692e-01
1.979679847635043011e-01
2.733687868666060394e-01
-4.540279849761112985e-01
-2.429824500478014737e-01
-4.213645126802093577e-01
2.316518596905204064e-01
1.418007286804282285e-01
1.706830495065584374e-01
-2.231959509713067336e-01
7.282019939639220452e-01
-2.101176326369248726e-01
-1.721196887737350412e-01
1.000000000000000000e+00
-3.039576809219752818e-01
3.087611852765037024e-01
6.257917100978798164e-01
2.625622193263689730e-01
-3.283919439335382662e-01
-2.899751252590935802e-01
2.592280288639324248e-01
1.323315836219491337e-01
7.244737126856353182e-01
-1.479612186935612694e-01
-2.028340051751603701e-01
-6.267055032331966258e-01
1.101329446121920991e-01
3.014458235863615165e-01
-1.000000000000000000e+00
-8.004679647310691815e-02
-2.562247543757741886e-01
6.843452173398377747e-01
5.683920188021036601e-01
-2.456842604834998112e-02
-1.617888055980722384e-01
2.958394187490548388e-02
-1.000000000000000000e+00
1.000000000000000000e+00
-1.000000000000000000e+00
-3.770755667065722183e-01
9.606327031024541885e-01
-2.299161426990884161e-01
2.786034526584165727e-01
-9.533173040819129529e-01
-4.903733451701187684e-01
-1.654330726716211342e-01
8.143587272021581835e-01
1.164810264485976465e-01
-6.359294144026024220e-01
2.878959822249357314e-01
-1.466235665416724121e-01
9.407410792220177731e-01
6.341835924589198092e-02
