-5.424627654228178497e-02
-3.644505812346068852e-01
-8.124591693182953156e-01
8.190785150574804163e-01
-8.576991151478705611e-01
-3.559362758213599487e-01
-1.000000000000000000e+00
3.493670097067896330e-01
-8.692176389153879468e-01
-1.000000000000000000e+00
5.644563498041739180e-01
-6.080577179113463293e-01
1.167918060430276767e-01
-4.287353872601342153e-01
-1.182741899520126372e-01
-1.986772060581402100e-01
-3.151812197301527840e-01
-4.777309803896850893e-01
4.623355486182383900e-01
5.870886876710874613e-01
4.993293810467139826e-01
-5.974828760326604815e-01
-1.454423644833457430e-01
-6.582405216703974826e-01
7.024707277932610294e-01
-5.395564345986952892e-02
-4.911160622680868504e-02
5.137955401551446144e-01
-2.980612297376473707e-01
-2.746351358534924736e-01
8.964148278838598438e-01
-1.681277437319462220e-01
-1.744378420534703489e-01
2.576634611799073493e-01
-1.000000000000000000e+00
1.481407372735518702e-01
-8.901232691726111979e-01
-1.000000000000000000e+00
9.621085026129880813e-01
-1.000000000000000000e+00
3.274814457166056458e-01
-2.949747030667014269e-01
-1.000000000000000000e+00
7.576186082403734146e-01
-1.940585499923440926e-01
-7.515471955978174634e-01
-9.702495187569133706e-02
7.717743956759341994e-01
-4.526016717149861091e-03
3.131152247511433950e-01
5.189265029404257490e-01
-3.832352343176825826e-02
-4.478092640278124592e-01
8.813896914383070325e-01
8.727086256984495360e-01
-1.759024089615466441e-02
2.346165261956823511e-01
-2.683630756904732406e-01
-5.950247463268629744e-01
2.400359699199192676e-01
-2.200714958798101195e-01
7.002501216305008214e-01
-3.787190854744766910e-01
5.169255452683912955e-01
7.186399683107178027e-03
-1.846773694147245126e-01
2.206002852091040745e-01
3.669638593439384922e-01
7.497756185446721178e-01
-5.284320433909933667e-02
1.579244749875269999e-02
-5.918179265370139275e-01
5.571384726411476862e-01
-1.000000000000000000e+00
-8.679474659224949429e-01
-2.036827229144183016e-01
-6.377153621215516655e-01
-4.669720022528669467e-01
1.031557972619474850e-02
-1.082147470443113324e-01
1.000000000000000000e+00
-1.208827521712172587e-01
-4.875916928346399892e-01
1.244029622180757855e-01
4.611684160664997756e-01
-7.068649138684571231e-02
7.683319536898000068e-01
4.319186066907251820e-01
4.491940793357301343e-01
-2.766433950537233177e-01
-5.446952771339406141e-01
-2.357462353682460154e-01
2.655529861484119403e-01
1.868601785540954796e-01
-8.576617095675291569e-02
-1.683820545701894544e-01
-4.870467364477841787e-01
-1.868431224201308194e-01
-3.268869195889129720e-01
-6.664510945824737853e-02
4.002533250260638109e-01
-6.710636746066949154e-01
-1.495345006635732388e-01
6.465292193356144690e-01
-6.082352399507446883e-01
-2.830008619393197672e-02
6.683909453255538757e-01
1.420764815311444662e-01
6.736884237162397149e-01
5.443503136051249802e-01
-4.872745264754910904e-02
-8.188013743649170950e-02
3.466230572292162693e-01
-7.148233220072919281e-01
1.000000000000000000e+00
6.899203251578376328e-01
4.964701228959787493e-01
7.234045309039027760e-01
-2.208956940810112568e-01
1.000000000000000000e+00
-3.597302193225679900e-01
-1.000000000000000000e+00
7.632318608972196161e-01
3.341093288456274957e-01
1.480363306377627530e-01
-6.328603601759024144e-01
-1.000000000000000000e+00
1.743465321094890830e-01
-2.787654778559488511e-01
-2.082828230008094694e-01
-1.562015783977007966e-01
-2.022024527892996582e-01
-5.743322419620120467e-01
-3.085660157253511393e-02
4.027221920640108865e-02
-1.426542592554698730e-01
-8.746627654956899978e-01
7.079453806181063014e-02
-1.156350288978417185e-01
-8.082137383889999305e-02
6.246680583835975131e-01
4.106969831560113859e-01
-8.299903089653732913e-01
6.135003821248018463e-01
7.093101384121255348e-01
7.613135743132184441e-01
1.747094412502975258e-02
3.319348044937744380e-01
3.986205387561390645e-01
6.388418226521282994e-01
-7.004766867448722900e-01
5.458277149642356552e-01
5.347211765733331235e-02
4.371150116556495879e-01
5.809904490410670863e-02
8.845217790937726088e-02
1.462410858014817072e-01
5.415891615898290601e-01
1.493081791853656526e-02
7.882043998424728137e-01
-3.804220289748617700e-01
2.189376734529273338e-01
-1.059516540824590042e-01
7.697350286726566404e-01
1.173821811074468036e-01
1.598724863544876973e-01
-1.199221781007350218e-01
-3.093374240394125563e-01
-1.539987194342881394e-01
3.894977408962865262e-01
4.908370713399506924e-01
4.393686402053532669e-01
-1.940644470503152808e-01
2.609364011421060336e-01
-8.057549236569980788e-01
4.662163013555722935e-01
-1.000000000000000000e+00
6.547078198292672901e-01
-1.197800531598923468e-01
1.365240238563159847e-01
5.418895340596984189e-01
3.684158031344759721e-01
-1.006879177511383616e-01
1.695849378454089562e-01
1.210740576582995942e-01
-3.978937965665733933e-02
-3.784340288495315341e-01
-1.485110520276754498e-01
-4.498098276070181534e-01
-9.735246441641732806e-01
1.671321928897211151e-01
-2.586072996762970311e-01
-1.000000000000000000e+00
2.804418485523785254e-01
-1.463408388931114121e-02
3.874750426292034033e-01
2.269222824193001531e-01
1.553004193348204651e-02
2.327358969179436354e-01
-9.898880992931590184e-01
-7.885988564508902288e-01
-2.468536833570909306e-01
-1.205467299946998416e-01
3.092594666045913460e-03
7.526970165980263749e-02
-2.399720669033134079e-01
5.173426665302532923e-01
-7.903558306140968659e-01
1.392889775700727195e-01
4.853394686391082624e-01
-3.923814063367047078e-01
-3.258227976151900074e-01
1.039768596245035925e-01
5.247440168181253251e-01
8.693835980252208329e-02
-1.997250182509726635e-01
-1.111849535056524396e-01
8.979380210050693645e-01
-3.723943382374761413e-02
5.634298989306311123e-01
1.416728278195496793e-01
3.012644592178042591e-01
3.088794779319110062e-01
8.942789553884485931e-01
5.040579572352520410e-01
-3.102441593114035334e-01
-3.621007310532248225e-03
1.470693133534157204e-01
4.332631241478333006e-01
-1.000000000000000000e+00
-8.975391142332054262e-01
-6.651864767736275219e-01
7.992119354810203191e-01
6.886843745143614859e-01
2.630331520541874246e-01
2.401340085742930536e-02
-4.594614211533170622e-01
-7.643368632253929595e-01
1.320926615691012662e-01
-2.866791905252880079e-02
-4.757197992828735567e-01
-6.760581465842454563e-01
1.000000000000000000e+00
9.503258426160033912e-01
-9.257373292576592805e-02
-7.931969261769808988e-01
4.987491344179890707e-01
-1.089827997007916660e-01
1.660990498097144330e-01
-1.055166250500204211e-01
-8.640304807907431828e-01
-3.878633207362694457e-01
-2.086336854391174778e-01
-1.295191299946720775e-01
5.586289560772375040e-01
-2.833412706795693931e-02
1.348241821614974412e-01
-1.634217927264877135e-01
1.805702295344549513e-01
2.283622896182400663e-01
-3.426237668096602240e-01
3.521320574050782470e-01
-3.111363066409595368e-01
8.813378245957859125e-02
3.186917913781959211e-01
