1.917103658292140522e-01
-5.823967354782612071e-01
1.000000000000000000e+00
-8.103218801685103667e-01
-9.710179581689997175e-01
4.371820262190517226e-01
-1.076078960240016147e-01
9.319794683518519696e-01
-3.753302221935440608e-01
1.012016094780951447e-01
-2.312669672623927641e-01
1.000000000000000000e+00
2.987092979398004444e-01
6.064199147157413317e-02
-5.609383805145186086e-01
-2.810666713555654561e-01
1.043668702145811172e-01
-2.198253235001603190e-01
5.957615147929025412e-02
-1.243779229150169391e-01
-6.454579755320166701e-01
3.411630494289597526e-01
7.986681458762857622e-01
2.517150971090096889e-01
1.796164894054319006e-01
5.812468532285927081e-01
-2.542077034431116100e-01
9.642902536954792159e-02
-4.366027465535774477e-01
6.286816706210057726e-01
3.425241629581370906e-01
-8.849420893359094542e-01
5.291340840951687108e-01
-1.958567225983909310e-02
3.034144385604770067e-02
1.811080583668244620e-02
1.000000000000000000e+00
-2.388468813247605349e-01
2.417729293223727927e-01
9.819850328770991510e-01
3.175141711452292848e-01
7.257213178439160250e-01
2.690311168180450352e-01
-1.309564265030341845e-01
-1.000000000000000000e+00
-3.535638863016286049e-01
5.121211415140462103e-02
3.118084015852383706e-01
5.189097250445902088e-01
2.726564069362135134e-01
-6.555368832872383866e-02
-2.145990440147132472e-01
3.697589795586889161e-01
-3.039404443721763771e-01
1.000000000000000000e+00
4.029754431980162033e-01
2.488587593688887378e-02
-4.961044426599233725e-01
3.379491139676371603e-02
-2.538718913409507838e-01
7.087001744596206354e-01
-2.642499060242239906e-01
1.753682210433966104e-01
-4.956161564647831863e-01
3.692991035391431365e-01
5.700327846591637382e-01
-2.032457692662150706e-01
5.064079998315745845e-01
4.600832843572111308e-01
-1.000000000000000000e+00
3.442700807791598261e-01
2.635326449036094476e-01
-4.278510742326262495e-01
3.359136395357718574e-01
-3.058108333745941931e-01
4.243841615163859160e-01
2.702507885833938528e-01
1.334473312896888031e-01
1.809202590501934604e-01
4.314299539716855980e-01
-5.346477670740891197e-01
4.924993619414534674e-02
7.804960138025625049e-01
-5.274811738565277075e-01
3.711826427977699128e-01
3.216512022018787054e-01
-2.426944591474931578e-01
-4.538032134637720039e-01
-1.000000000000000000e+00
2.750887699787781249e-01
-1.247002536339596457e-01
-5.611573576154544885e-01
1.000000000000000000e+00
-3.116931054242625954e-01
-1.794523966460669362e-01
-1.000000000000000000e+00
1.502377712936394938e-01
1.000000000000000000e+00
6.971648251528754781e-01
-3.723953213189458156e-01
5.450340728629226028e-01
1.467444895917686676e-01
-1.789556383552498575e-02
-4.685739723098976128e-01
-2.699468132876338133e-01
4.862769634374502492e-01
-5.336626715168090174e-01
-5.902771249678331333e-01
8.163971202781448167e-01
4.215529419073626993e-02
7.361108016916281249e-01
-1.180230728915276361e-01
-1.693055979010738565e-01
-4.090198606806568216e-01
-4.558699325734067442e-01
2.440494480351683149e-01
-5.479191854477283297e-01
3.051437038980377991e-01
-4.858145677315429678e-01
-3.742753307316947220e-01
1.618033999838143222e-01
5.386207842408455848e-01
2.536892914407618549e-01
-3.859722033744812375e-01
1.604965331022193409e-01
-5.825045297631200603e-01
5.079887117902052163e-01
-3.828934754857267198e-01
4.568513942093949814e-02
-1.000000000000000000e+00
-1.734410184972452196e-01
4.799904925380545917e-01
-2.748059803695772629e-01
4.715163636217289955e-01
2.303301974457432066e-01
-7.613416574744213960e-01
-2.158549206161385070e-01
1.000000000000000000e+00
7.158381367958974173e-02
1.466106399763986989e-01
5.086912781798116345e-01
1.180017446790113250e-01
3.809024796690976822e-01
1.451642684936690353e-01
2.109701560616324967e-01
-6.896527829942276089e-01
-1.501710723143921955e-01
-4.533276208474349422e-01
-4.201582842527466499e-01
5.400665133001962825e-01
3.214779634419279719e-01
-3.879023606073435104e-01
-2.524916277378075335e-01
2.193174494448019152e-02
1.627642643791996913e-01
2.665816788644397306e-01
8.228426358350564573e-01
2.025284077811109196e-01
1.131899866628483242e-01
-5.477115660738308689e-01
-8.599285280391277819e-01
-3.324366752029490613e-01
-2.060068924197207274e-01
4.954333015143207453e-01
-4.991894116865112085e-01
3.438960262030351100e-01
8.445367931395995897e-02
3.667684579216907714e-01
8.649097654939787994e-01
-1.837161286980935060e-01
1.169380764360217206e-02
9.772498852041726636e-01
3.624893077304221223e-02
1.000000000000000000e+00
4.648484026414398951e-01
1.486076854585971774e-01
-3.739343819269417835e-01
-1.000000000000000000e+00
-3.497683711890604563e-01
1.000000000000000000e+00
-3.077003808400774476e-01
-3.789914966338172597e-01
1.068784472710615913e-01
-4.890809816535894305e-01
-1.410059157079866510e-01
2.900556291563896605e-01
-9.218784426450932212e-01
-2.678629431397158006e-02
1.000000000000000000e+00
7.043953712806905187e-01
-3.050783810452977196e-01
-5.354384782493408768e-01
6.769496070918474828e-01
8.368078908747162981e-01
8.333190804139073427e-01
-3.870972448171883240e-01
4.876028016013414512e-02
2.283401528852535556e-04
-1.918610795887333298e-01
3.295576642063421935e-01
-1.591202771833932494e-01
-1.168021341553049791e-01
-9.739107587494126861e-01
3.407569328233241851e-02
1.726427085711272347e-01
-3.198039530430019095e-01
-9.827357068575586219e-01
1.000000000000000000e+00
1.913730002036208022e-01
-3.672569833478247503e-01
-5.860987859984992943e-01
-1.000000000000000000e+00
1.829772392031372985e-01
5.386124670796481606e-01
-5.746926408893308080e-01
-4.527534071236589269e-02
1.066050038175138243e-01
4.341643274258070728e-01
-1.652438581354995217e-01
1.780015950204325015e-01
3.583074084323666086e-02
-6.372122967055422471e-01
-4.795886770183393488e-01
-3.919806325491739796e-02
1.052736601078501644e-01
-7.726815341446019447e-02
-5.713270313493458152e-01
3.265607776895563252e-01
2.764259808550620923e-01
-5.925658425423119269e-02
-1.916136017092283927e-01
-1.490618610935707522e-01
7.135222565959820074e-01
3.239180335269272182e-01
8.101358958179998293e-01
5.065244547712836054e-01
-1.447595896532963278e-01
-7.994917578202345165e-01
9.544168285756351455e-01
-1.974508643686102016e-01
-1.893836187382496872e-01
-1.731418918815470220e-01
3.526514311414616909e-01
4.124226009241196977e-02
-1.000000000000000000e+00
-4.305039758034132635e-01
-1.348188446582881672e-01
1.000000000000000000e+00
2.474936914178308411e-01
-1.000000000000000000e+00
-2.782887304372005377e-01
1.747092677061157229e-02
5.222292002528761135e-01
8.834862243335510623e-01
-2.834310702757776856e-01
-2.334892785550723715e-01
-1.787949123320863032e-01
-1.372165735169454948e-01
1.972329880012274606e-02
2.180041142954045608e-01
-1.531855208669233304e-01
-2.388536997458430566e-02
-2.200215003141332004e-01
8.299308901107793623e-02
4.958942587235531940e-03
