-2.660239986617819463e-01
-3.291612199780938885e-01
-3.476619144327000033e-01
-6.848058004875429150e-02
1.914282401649338161e-01
5.570358877723795565e-01
1.382573464267717878e-01
-4.114005760130777234e-01
-6.156628110224378059e-01
-4.982656428976136587e-01
-1.000000000000000000e+00
-5.069766805342521554e-01
-7.323534007939613844e-01
1.902783303056704567e-01
-1.000000000000000000e+00
1.039702590009178862e-01
3.467789566761674824e-01
-1.000000000000000000e+00
2.319859065496072681e-01
-3.765247492439132704e-01
-5.634266510476189094e-01
-3.890844580808410225e-01
6.357404654189926507e-01
-3.536648585136413503e-02
-2.486926005792484129e-01
-7.890788944566432539e-01
3.595436913691425485e-01
3.205760903519980776e-01
-1.000000000000000000e+00
4.885826837846415360e-01
2.445389184833141050e-02
6.827530553079602660e-01
4.444400668434595469e-01
5.180220157786333823e-01
-4.595662623916850209e-01
2.818312538671527423e-01
-8.800613769689120680e-01
-2.568937575329359735e-01
1.546978281105374220e-01
-4.834362974254742262e-01
-2.797401682604558348e-02
1.578920787407225024e-01
2.549176382246897687e-01
2.054107583814524240e-01
2.445685019777221469e-01
4.382234775789505266e-01
6.938932984800836312e-01
-2.945136687246299734e-02
-4.942075908350335167e-01
7.671412176583831954e-02
-5.504319756051873069e-01
-1.000000000000000000e+00
-1.361440992887749946e-01
-4.168166594041475825e-01
7.091188763761729907e-01
-1.000000000000000000e+00
8.986136378463822627e-01
8.269913042918978219e-01
1.622149952424331021e-01
1.669600017164366013e-01
-2.834121801724809320e-02
3.964309500470411529e-01
1.073200027041796428e-01
-3.900424664432787791e-01
1.000000000000000000e+00
-7.145919933457360873e-01
1.000000000000000000e+00
3.688228240883387743e-01
-2.097073858114922307e-01
4.144249021841772129e-01
-3.336788078962488191e-01
-8.305595624959168921e-01
-6.584750758430620854e-01
-6.821876488980054276e-01
4.236107161520662467e-01
4.743738993183378994e-01
-6.014179943455058019e-01
5.954314897464202394e-01
2.682934530959745212e-01
2.237918359373894384e-01
2.181907892989755071e-01
-7.688497456744448622e-01
7.305319917790518147e-01
-9.977251749101053724e-01
-1.770868847393696766e-01
2.139639128229015586e-01
2.744347546671264126e-01
1.223254826133180206e-01
-1.000000000000000000e+00
-2.900696046171794551e-01
-6.315918670063401796e-01
-1.910225140115835996e-01
-2.512425041273949611e-01
-3.389165819979650385e-02
9.479067294241186326e-02
-3.735725795404432059e-01
-8.708918758793884884e-02
-5.462400618058178559e-01
-6.976230710295663329e-01
-4.889426395224091837e-02
3.116245259198353601e-01
-4.869719873957390477e-01
-5.723208622804708268e-02
4.090993634583698912e-01
1.000000000000000000e+00
-4.761886887610662367e-01
2.345140180738390090e-01
-4.679712240672291856e-01
-1.553694488442602939e-01
-1.798954233128293168e-01
6.861271566224216301e-01
4.077820936079864511e-01
-7.193209156312095898e-01
-4.971948720353068230e-01
-4.987391165280138927e-02
-2.355071045522310613e-01
-3.517138172284325348e-01
8.823601649209316111e-01
4.025689916358355935e-01
3.021490221896253603e-01
-4.235872280258120015e-01
-9.013178150745578820e-01
-1.000000000000000000e+00
3.120083836834559032e-01
-5.110489505312425934e-02
4.162873384395319731e-01
1.059825564768252931e-01
1.469686387197550181e-01
8.455778002508822500e-01
-2.151006469708492963e-01
-1.757501641341393805e-01
4.608597040355955077e-01
-6.245485210520389935e-02
-3.570832446879709798e-01
4.283149528123670335e-01
3.673771855410505327e-01
9.946851458573917337e-02
5.571448223792737492e-03
-3.349911566302192778e-01
2.631567361381004777e-01
1.865788986595888210e-01
-5.828360318855629885e-01
-2.787145434630526261e-02
-5.530514103447796703e-01
6.575771901909642780e-01
-2.989678686129916274e-01
-4.934427102293630907e-01
6.020941788905268544e-01
2.041159514072389547e-01
1.506489790560315845e-01
-2.577307639317407695e-01
-9.752568137676363713e-02
1.971353944966627580e-01
2.186177031899280421e-01
-4.739392710352681726e-01
1.327558392121477859e-01
-3.426675614873320175e-01
5.311540882270548991e-01
-4.000287495736445931e-01
2.322037527123575196e-01
-8.172225680144269422e-01
7.548141511172723472e-03
1.684619198202431944e-01
-1.000000000000000000e+00
3.834618213308799706e-01
-1.777348181436256280e-01
-1.485893309691034836e-01
2.869942473072206179e-01
-6.160002527283121865e-02
-1.821946713186642919e-01
-4.729470066799552619e-01
5.123702354851298324e-01
4.089998554442592638e-01
1.012917717020873076e-01
-1.041396484737238254e-01
7.799969148774454908e-02
-2.081073389322018463e-01
3.102863218298612669e-01
3.726119957435600205e-01
-2.341826509662687517e-01
2.365747047110965118e-01
-3.304900681893293002e-01
5.343196800932784596e-01
-4.654939845226705453e-01
-2.077951002179263540e-01
-2.731537446382180379e-02
3.143912433542652707e-01
4.289178349917247002e-01
1.000000000000000000e+00
-1.969462165438719548e-01
-2.188310702021249721e-02
1.000000000000000000e+00
-1.434754073356878101e-01
4.330044962154902533e-01
-2.693283569321592852e-01
1.565458264096810520e-02
-4.830156668256086472e-01
1.968929430733811770e-01
-3.029927796225954234e-02
1.766145616248028793e-01
-2.088366900256762720e-02
-1.000000000000000000e+00
1.248568166101728660e-01
3.874260632559214934e-01
-1.902845099458207456e-01
-2.678978210670934779e-01
2.208924068971562793e-01
6.470235973633693405e-01
1.890712543653106092e-01
-7.254341899174816533e-01
-6.919585510292109998e-01
-5.132402032907505962e-01
-5.326736664065581661e-02
5.717100521991478335e-01
1.897171039224696820e-01
-3.170110599105336879e-01
2.960500584878656971e-01
3.054275703644715456e-01
3.790929344391786304e-01
5.740246236424572102e-01
-1.280778123370271970e-01
-6.342861226979906730e-01
-3.383844584908347053e-01
-2.187227165668355899e-01
6.102394460707431800e-02
-1.000000000000000000e+00
-2.181148470107104331e-01
5.789966288031671571e-01
2.073956678937766973e-01
7.056830610128461689e-01
5.813925371849647250e-02
-4.990021203326147070e-01
-2.424860983666567715e-01
-1.347073910589463575e-01
4.774262002638185454e-01
1.663381058088433950e-01
4.385020584381427722e-01
-1.953315739049673594e-01
2.591975274678330332e-01
9.239914004852628482e-01
-7.561241936740328295e-01
-1.998448033503541499e-01
-2.676263420196163256e-01
1.000000000000000000e+00
-3.984803934591948926e-01
9.730613399370234839e-01
5.701517761732377565e-01
9.236034319436168261e-01
1.000000000000000000e+00
3.727519951624817529e-01
-7.010898302842010210e-01
2.072907315977540188e-01
-3.429096348843426179e-01
-1.000000000000000000e+00
7.553827634035467087e-01
-5.766486976458343738e-01
-9.470309209395963990e-01
-3.442693373131832657e-01
9.920737450789909873e-02
-1.506767780636456000e-02
-3.706609569062570553e-01
-5.089416108506694680e-01
-6.847090278424156073e-01
4.787997855373071210e-01
1.552154865527703154e-01
