4.187234515039358618e-01
4.335958164586928287e-01
-4.783832804708503250e-01
2.391684576349529801e-01
2.980025836975285225e-01
-8.796767299390140238e-02
3.954650930596793623e-01
-2.588150693041632033e-01
2.930000890217659415e-01
-1.000000000000000000e+00
-1.000000000000000000e+00
3.882408339375345019e-01
3.970160332583017038e-01
4.226410311946616760e-01
2.990687281421079424e-01
-6.055911548209862855e-02
4.745714835505939755e-01
-4.732534868887477431e-01
4.905454260926759846e-01
-2.960659717792269996e-01
8.743717409818401176e-01
-2.682939182778469878e-01
-1.317139194382588308e-01
-3.594490431904329153e-01
4.753001041342528321e-01
-1.000000000000000000e+00
-1.644474697302750754e-01
7.556563450198990894e-01
-9.799708893476362093e-01
-2.283719319930476721e-01
6.371439825829612325e-01
-8.923453156482178406e-01
-1.721934970916342567e-01
8.382321884359070774e-01
8.222456602311453699e-02
3.224949541401178621e-01
3.009526455711055704e-01
-7.779302630639602090e-02
5.698567398193747913e-01
6.420353959560315404e-02
-7.743253957795184772e-02
-9.869416707941738864e-02
1.298402139910427577e-02
-3.021045228701740304e-01
6.034225020158869857e-01
2.410986947916870377e-02
3.777957546126474719e-01
-1.271154669962636374e-01
-8.785448193547795714e-01
4.298954312359756780e-01
1.000000000000000000e+00
1.000000000000000000e+00
4.075978439339217885e-01
-2.063905387313343942e-01
-3.879591027255489544e-01
-3.709416898482322811e-01
3.479325010418309327e-01
3.145409069247748213e-01
-9.929860093106921415e-01
-3.929431955443367097e-01
5.306677841939380080e-01
1.146998616276365124e-01
6.352982623113889726e-02
9.346980073313744253e-01
-3.996062410849400282e-01
-6.553053336383296568e-01
4.229686658112277176e-01
6.343991750053845635e-01
-7.854116795735368584e-01
-9.836375109478667778e-01
-2.707186519906572553e-01
1.000000000000000000e+00
-2.948771759646898194e-02
-7.833516466089812669e-01
-2.336182238833242886e-01
-2.567983687009986471e-01
5.643357005116491631e-01
2.932774126196127096e-01
-2.942482605569745613e-01
2.622467609661772725e-01
-1.725046029578503337e-01
2.334114269266927000e-01
-4.880613113785341461e-01
-2.355673292747901826e-01
-2.733037202003683608e-01
-5.912299812312615810e-01
4.872511996390193473e-02
8.936136492171370405e-01
-5.044197561123731077e-04
-2.532648689664533381e-01
-4.850746287256383349e-01
1.000000000000000000e+00
1.174254073712496932e-01
2.457735464904236278e-01
6.071635247034348759e-02
-5.395469865871976856e-01
-5.145345642972107281e-02
-2.868505368917394494e-01
5.324384992301959413e-02
8.846740719661938535e-02
1.615950816132191159e-01
-2.542638182825037174e-01
-6.697741441988975808e-01
6.500003788785720937e-01
-2.464597866307172980e-01
3.204906836214115040e-02
8.325715355353513480e-02
1.000000000000000000e+00
-6.234151597553293511e-01
-7.207330194834667969e-01
8.348667572445258589e-01
7.997334261187785120e-01
-3.177065247715662455e-01
-5.497308397678277170e-02
5.538889600608086772e-01
-3.706428722242174206e-02
-2.920424497278715226e-01
-3.307130122291390695e-01
-7.349302250432008243e-01
1.198147601819881253e-01
4.924861231229639702e-01
4.040063207054015448e-01
-1.906641252973683420e-01
-1.012008619677322585e-01
4.766800449494518199e-01
-3.965594895101344219e-01
-1.000000000000000000e+00
8.724062038642647066e-01
-3.801561009948389303e-01
8.639172997799111631e-01
-5.552378298109152954e-01
-2.971147167651543297e-01
-7.707990360799582552e-02
-1.234309751492805862e-01
-2.560417104673162747e-02
7.711566980656581194e-01
-5.056522601494231051e-01
-6.161617567242044791e-01
-3.201356643743800967e-02
-2.986393200395615621e-01
4.851111147696393622e-01
-1.187429094084630349e-01
-6.820401038583060460e-01
8.380305522542501606e-01
3.577193479216718153e-01
-4.898962151395439002e-02
-1.659964568789167871e-01
-6.596602563170899103e-01
1.000000000000000000e+00
-6.843847749472953268e-01
4.974038698206484921e-01
1.104992077953071417e-01
-1.000000000000000000e+00
-1.000000000000000000e+00
7.038299363007993747e-02
-2.040768773090586019e-01
-8.977926472740262176e-02
-7.349482832789266951e-01
-1.802946056184049350e-01
5.547455645298146054e-01
4.329962464984296600e-02
1.599095778199856044e-01
-6.161142655401987689e-01
2.084862096838058232e-02
-1.000000000000000000e+00
3.426254291855826972e-01
3.681409523501764647e-01
-3.278406940273850267e-01
-1.616170993689930169e-01
-1.000000000000000000e+00
7.104295941221748512e-02
-2.655058915497002792e-01
-5.566128656776427874e-01
-3.170385992120838270e-01
1.673002789381859007e-02
-3.959134944452962213e-01
5.030827497143470772e-01
-1.014416845552929547e-01
-5.155158454042555460e-01
9.094047537358047606e-01
-1.116481275692646213e-01
-8.372529238493520154e-01
5.611937143423291474e-02
-4.751290600129705610e-01
1.896666299825005009e-01
8.381225713000807487e-02
8.017029964827988575e-01
3.044817027351697236e-01
-1.000000000000000000e+00
-1.570580079579705218e-02
1.000000000000000000e+00
5.968134070674726566e-01
2.018088845622698357e-01
-3.615174479355214299e-01
-1.060416970262957753e-01
5.715022654271081914e-02
-3.077850077668528583e-01
-7.258555473519308077e-01
2.341138804852991584e-01
5.445585311146214913e-01
8.378181307147051227e-01
6.895462974701623837e-01
-9.871027288233031882e-01
4.861742644534240987e-01
8.811424190501868647e-01
-7.332071907082777784e-01
5.030637408166809266e-01
6.272236500823001881e-01
-1.000000000000000000e+00
8.852483399373117789e-01
-5.138825410694743967e-01
-5.990562083606821853e-01
-1.000000000000000000e+00
1.940273429228269175e-01
8.632856188822767285e-01
-3.301429714617352129e-01
3.744795730778205378e-01
4.521906395549191715e-01
1.000000000000000000e+00
2.911845048492757715e-01
-6.268606530331685134e-01
-1.000000000000000000e+00
-2.068880543392685456e-01
-4.041048261375718154e-01
3.665487312851762880e-01
2.167524077649471137e-01
2.806149901125793988e-01
6.425877864751216029e-01
-1.008299033988659110e-02
-3.407263106496218330e-01
-4.152758304906200015e-01
-8.482249591940742572e-01
2.649762320014089623e-01
-2.249381596432013242e-01
2.244844839631932598e-01
-3.258658945256587280e-01
-3.870247735292237090e-01
-4.396631870939679554e-02
6.570129446416741459e-01
1.000000000000000000e+00
4.494615624842864671e-02
-4.810569542132420162e-01
1.743789353068050663e-01
-8.369310748694759328e-01
8.541634537176789888e-01
-5.209245283744765587e-01
-1.992718975533263603e-01
1.413898900834985040e-01
-1.135865850099272989e-01
-4.432595336369353767e-01
-2.028079082697448743e-01
6.075435982316589323e-01
7.970778803609778196e-01
4.755992896301283190e-01
-2.878441527735954297e-01
4.014500266836341646e-01
-2.024341548381725364e-01
6.418168136534295742e-01
-8.312969216229260105e-01
1.953277890956562068e-01
1.480533431505350883e-01
-9.238812473340796139e-01
-8.733666922182004022e-01
1.000000000000000000e+00
1.000000000000000000e+00
