-1.000000000000000000e+00
4.698976119407893837e-01
-1.580572473061579442e-01
-1.094676513064103129e-01
-5.223693412311897211e-01
6.593302299227608021e-01
-7.350429233328068523e-01
5.257847964448159050e-02
7.947185126775743735e-02
1.615642875431054504e-01
-1.797567074458090997e-01
7.125046271149881871e-01
2.724085797758691307e-01
-4.638949004832556566e-01
-1.045717759852769352e-01
-7.027728858693522707e-01
1.978747789169308935e-01
-7.068861418867491420e-01
-4.939960538983179106e-01
4.662114784376771848e-01
4.964108595603616836e-01
-8.311638276902781897e-01
-4.188919030161032397e-01
2.580349291052841387e-01
-8.307204196564457743e-02
1.000000000000000000e+00
6.674269209869441166e-01
6.729186341933794668e-02
8.918478986497819783e-01
-3.837450877327608922e-01
-1.000000000000000000e+00
2.218973294607791136e-01
-2.663202423900896676e-01
1.256401011745076346e-01
4.109729712660686873e-01
3.307983584682561151e-01
3.365886243113453968e-01
1.333131091446460026e-02
-7.245977623509135546e-01
8.807804338660454313e-01
1.000000000000000000e+00
-9.711077637054994494e-01
1.715831702410811066e-01
-4.570300752389944154e-01
5.736422385452581985e-01
-2.757903167266103628e-01
2.435522153818899804e-01
6.676195801496410953e-02
1.113900967150577292e-01
-6.643294672372609400e-01
4.962436058665415928e-01
-4.852990683774208169e-01
8.827455866045408328e-02
-1.341933794530553170e-02
4.932973495511339124e-02
-4.955219831385129226e-01
1.457955648046428965e-01
-9.965881357922024009e-01
5.362876968725887039e-01
-2.214425441656417970e-01
2.581771340731582598e-02
7.228034662460693927e-01
8.565816092502417933e-02
-3.549735041253240797e-02
3.924885972007605139e-01
2.674214804553375902e-01
-4.740841052079080575e-01
-1.876208890586142375e-01
9.360766751759874715e-01
2.402656989279925992e-01
-8.288613839807881245e-01
-3.427157427762871911e-01
-1.437241474124182627e-01
-1.000000000000000000e+00
-4.325070277147680664e-01
9.513216615593573788e-01
5.899742761630639709e-01
3.294895342013887674e-01
-1.899130057636846391e-01
-1.528840171142028526e-01
1.000000000000000000e+00
-2.160951242569222885e-01
-4.836022218090818559e-01
-1.761309268377492798e-01
3.687616198580553895e-02
2.026873146026852979e-01
-5.083402116003988835e-01
-4.056557240780046536e-01
-4.207798156360990222e-02
1.000000000000000000e+00
-8.622638203632089215e-01
-3.435866140304680294e-01
1.984848552512623321e-01
2.786128469099221072e-01
2.092445739122803794e-01
-2.689691415793921125e-01
-1.000000000000000000e+00
-8.160260283848055907e-02
3.723974617369620876e-01
-1.000000000000000000e+00
-3.745237229782775179e-01
4.072579375421624959e-01
-2.552690690148382013e-01
-5.864568966404845596e-02
-3.159677989197031689e-01
-3.053775274902501002e-02
-6.867995253437078618e-02
-8.254555331045938804e-02
-1.393476443386761354e-01
2.550536457917878530e-01
-1.129825944073775679e-01
5.823751371180992953e-01
4.561247856143417212e-01
-1.778019361223711903e-01
1.531101938370659499e-01
4.159874319277330756e-01
-5.834844540386997513e-01
4.297345589158599877e-01
-1.196683025896627672e-02
-2.785207675920949866e-01
-3.883775205655501939e-01
4.294728836691030227e-01
-4.188350845038461556e-01
3.265139500246553861e-01
1.000000000000000000e+00
8.657468363485993912e-01
3.754287498817499014e-02
-2.546760979597553765e-01
-1.096867263899081735e-01
-4.017417338012102546e-01
-3.865182427881658778e-01
-2.608495994492019965e-01
2.818402006067860510e-01
-2.970266445921460607e-01
-4.917461093889352597e-02
1.662651518565044784e-01
1.000000000000000000e+00
1.999478630346782637e-01
-4.475669074933413816e-01
7.207498054267706955e-01
-5.068892631394044113e-01
-3.933336134407556250e-01
-5.982272802536922063e-01
1.258451902842147030e-01
7.922156404785063444e-01
7.039339820128528435e-01
7.856416886203549943e-01
2.823183378603727478e-02
-2.346127667014803464e-01
9.586824688763664337e-01
3.550794867252704545e-02
1.307267249251787555e-01
4.894668384898748781e-01
-7.704034899494427435e-01
1.000000000000000000e+00
-1.000000000000000000e+00
-1.929939193063789915e-01
1.071185946542955042e-01
7.249703682322272691e-01
1.991811217468777984e-01
3.433197006783861305e-01
6.261429151464967952e-03
4.729976108024514514e-01
-2.423794475289360040e-01
1.000000000000000000e+00
-6.929784213575940210e-01
1.901142934230979908e-01
-4.548906976796671109e-01
-5.459586512040367490e-01
6.043772841151373587e-01
5.742328051787506382e-01
-1.764798898956277395e-01
-1.883203936501721409e-01
-5.805522210270270822e-01
2.364138964098104756e-01
-1.000000000000000000e+00
-6.083052437755067654e-01
-5.782523777685895094e-01
-6.518770824610289893e-02
3.027565458370201634e-01
-5.334167948466855824e-01
6.109116555916545011e-01
6.589203260361843340e-01
-6.060316130326159900e-02
7.763165935240456950e-01
9.769063257683285872e-02
7.995264113422295704e-02
4.042300833925447368e-01
-2.290523970541458176e-01
-6.265177017612271193e-01
6.558563955449362437e-01
-5.237691539111195560e-01
1.200957849038704062e-01
4.385313645257032933e-01
-3.949748070248347842e-01
-5.490215538013945018e-01
8.841902533807798337e-01
-1.441647053078849716e-02
-4.475989574060723064e-01
6.723341938422033870e-01
-3.662835982324944006e-01
5.195642953122223684e-01
-2.008327429576386991e-02
3.222441437290876620e-02
2.783109876195066779e-01
-3.740140358563033285e-01
-4.915261869495076152e-01
2.485639540558838845e-01
-5.289008545767603930e-01
2.926631004429822713e-01
-7.956684153441258012e-01
-1.290164548497835517e-01
1.621440416583844468e-01
9.031663882927156717e-01
4.135038789651565017e-01
-5.043164171083983627e-01
-6.350806893008226206e-01
2.454474323547917169e-02
-1.352756486548264969e-01
1.709279648974608434e-01
-9.981860855286991407e-01
-5.865724942292824262e-02
6.391945720930337638e-01
6.240929943962219006e-01
-9.649994581843956976e-02
-4.645839677446317317e-01
9.403121139512671256e-02
1.369107567696669636e-01
2.379301732832657945e-01
-3.491761864245871427e-01
-4.500515577742087991e-01
-6.463569283587132785e-01
7.649867627427260341e-01
2.278901722741209779e-01
4.046559399991442874e-01
1.381669772988394773e-01
-4.233831709821932465e-01
-1.367381418119751335e-01
-2.422673152233065230e-01
-1.454139688487008919e-01
2.095840902556732055e-01
-5.864136687481588672e-02
3.100134502547052806e-01
-7.107206200422401254e-01
3.141165635614688867e-01
2.476417439999671899e-01
-5.708737371437554442e-01
5.562722195773082134e-01
5.105151288290026290e-01
-8.807932196702291661e-01
-1.000000000000000000e+00
8.164144209382946382e-01
3.575728413640147374e-01
-6.140645980065739806e-02
5.307494088160908952e-01
3.957801162778135096e-02
-1.183686835730998477e-01
4.137330589710140338e-01
9.833820969909494725e-01
2.230979935204726039e-01
2.167096719572089158e-01
-9.893112218999520202e-01
6.189056334935658654e-01
1.842598233239528260e-01
5.596226336365880405e-01
