1.003337747908645827e-01
-5.585622566160847180e-01
-7.016521452276516246e-01
7.423712438952797532e-01
-6.000577828009152626e-01
1.193969208666044446e-02
-5.087013745442626744e-01
-3.711546469981205076e-01
-1.236943447280002273e-01
-4.923862266165064394e-01
3.847579905997585148e-01
-1.323370921635154962e-01
2.305780147335053099e-01
2.617905370922913311e-01
5.692230538998566125e-02
-6.194245714772519396e-01
5.166662222233892737e-02
-4.589852068022658438e-01
-1.774208980445532990e-01
4.026167904137550879e-01
2.337232212542442733e-01
-3.133966255761825859e-01
-4.521796246289674359e-01
4.630856044051387399e-02
-5.912539016251409096e-01
-1.992548914725182085e-01
2.331866068448412987e-01
-5.468123135294051806e-01
1.000000000000000000e+00
-7.471676446945622052e-01
7.118892665859349878e-01
1.670812475619325443e-01
-5.809632064570663390e-01
3.465698730804944727e-01
3.516796588803084989e-01
1.146150009307463913e-01
3.702117977758204170e-01
-5.277104608703783173e-01
7.377650682896517154e-01
-4.188140943718095532e-01
-1.000000000000000000e+00
-3.391554061297246125e-01
-9.873302728285562324e-01
-7.823437373717181398e-01
-1.000000000000000000e+00
-3.297005787139061783e-01
1.000000000000000000e+00
9.027070921687858907e-02
-5.507151649698204254e-01
-4.066632633092918114e-01
-2.002032840099943201e-01
-2.291662708052067399e-01
-2.186711406816888026e-01
6.231296717689085995e-02
4.382698211666334331e-01
4.226231928619624267e-01
5.377364219253966127e-01
2.113975292980233012e-01
1.000000000000000000e+00
1.730314423637426824e-01
-1.039811923198187132e-01
3.985319752225693346e-01
3.973387120735226152e-01
2.285637543742323474e-01
4.352103811249860565e-02
6.338108512510345904e-02
6.285665410427683231e-01
7.721193465432657499e-01
2.918886393663649992e-01
-8.417974937717040418e-02
-6.598212467792863301e-02
-1.000000000000000000e+00
-1.275198606104560595e-01
3.031592719280570281e-01
-6.294183290922730212e-01
5.044254458099922678e-01
-2.350904013929774883e-01
9.985951542483192944e-02
-2.086595045673852455e-01
4.691470327392146533e-01
5.894940056177968568e-01
7.873012545508799587e-01
-1.000000000000000000e+00
1.770175128205139226e-01
-6.383145713863781490e-01
-4.156677308791174863e-02
-6.432754857103463175e-01
-5.565556834057604485e-01
-3.938404753214472809e-01
-6.540365619171057965e-01
-1.000000000000000000e+00
-9.472012014944274361e-01
-3.892661511987290934e-01
-4.679770118861113770e-02
7.472565632838058802e-02
-1.000000000000000000e+00
-5.553418172242623463e-01
3.791925510579632203e-02
-3.021233663493155808e-01
1.358703122798376461e-01
4.590125597905159727e-01
8.677839908397623481e-02
-8.079733525511861858e-03
5.389199274293781095e-01
-5.711639577868484752e-01
5.303080362628088268e-02
-3.692231458786555121e-01
-3.873669089937484267e-01
-2.814950734647042041e-01
-4.593089979015202995e-01
2.265298892749186555e-01
-1.003652178860945238e-01
8.599660887314197755e-02
-8.759820900721575487e-01
2.516064189829352871e-01
5.981549330412410104e-01
8.684268354875235296e-01
1.138055128473787203e-01
7.309739867717822692e-01
-2.343409993341937780e-01
6.839568580572472634e-01
-4.313912831297975203e-02
-1.482920505020808299e-01
-1.049931192628996562e-01
4.217179785632684808e-01
-4.566395686682340749e-01
3.047427937292000732e-02
-6.238677417485563037e-01
-3.158764732437381595e-02
-3.015605844772374922e-01
5.024854933403386514e-01
1.233233984754095736e-01
-5.188126453803278970e-01
-2.171443184394196702e-01
5.296736808502674476e-01
-1.803942173744944866e-01
5.454201880982212369e-02
2.291486384073115612e-01
-3.623054991944500425e-01
4.288957316101412731e-01
1.055831665546846376e-01
9.535512489939614034e-02
-5.132432655907828156e-01
-1.000000000000000000e+00
8.528831783650682175e-01
4.149127193604936203e-01
-6.179329362167951256e-02
3.123820883137658488e-01
4.233134437244744364e-01
1.813749873345945618e-01
5.587110460468223128e-01
1.035117255688117327e-01
-1.000000000000000000e+00
5.398977417644101884e-01
8.413670385946073749e-01
4.299116953031788535e-01
-9.245997469618396636e-01
1.031217598603760277e-01
3.558410008984204675e-01
5.780245663727079375e-01
1.762473507502406722e-01
4.266078587067244077e-01
2.244006395266630038e-01
9.003071333268963805e-01
2.159923846435234385e-01
3.847845236452015483e-01
-6.921777033388623046e-01
-3.240147883259282269e-01
-3.441025069362297906e-01
6.164966847478199619e-02
-6.904772098680949100e-01
-4.299680541335601514e-01
5.170633547248292272e-01
1.871479007610417633e-01
-3.567244063267240306e-01
-4.887378393584160263e-01
-8.259771947943298498e-01
-1.000000000000000000e+00
2.101131333887322206e-01
7.960299797648560105e-01
2.547003081396280177e-01
1.000000000000000000e+00
6.837932973590890029e-01
9.657179450360948991e-02
2.069492425846053418e-01
-3.737892951553063448e-01
-1.784832136476319220e-02
6.081858949907665846e-01
-1.098669572734219113e-01
1.034851512160655240e-01
1.257935411117893643e-01
2.464692996827715088e-01
6.592441461332437802e-02
2.517119450901144084e-01
3.725890550344987950e-01
4.639361226115141790e-01
3.039205433301429560e-01
1.818705867952895017e-01
-6.312314346199358051e-01
8.936435416572457990e-02
5.014633675948871466e-02
2.440382382481374457e-01
6.974665323203262934e-01
5.436599905032860613e-01
-8.270327496377624654e-02
-1.832605382927435800e-01
1.710420500461004578e-01
-6.297392096838586584e-01
-4.918684309906794228e-02
6.461712395991114910e-01
-3.586924258424670220e-01
-7.753743510547811413e-01
-3.636290438557232552e-01
2.156326875124389697e-01
-6.055374962795950777e-01
-1.236832635024742721e-01
-1.000000000000000000e+00
8.837320411004311316e-01
4.484421013634134479e-01
-6.314654381181666887e-01
9.592032458915614179e-03
1.295656299544086787e-01
1.334087660444165657e-01
8.147710902029856039e-02
6.080216233195876452e-01
-4.969815700818920323e-01
-5.110123963520496471e-01
5.174120671163210394e-01
2.430031682336081800e-01
-3.814104919988862141e-01
-5.194404613078170696e-01
-6.853802608194565771e-01
-1.828130901827322574e-01
4.464848501630111488e-01
1.650348093996132914e-01
-4.721072002118067434e-01
-1.589681613980771790e-01
1.383552553987504041e-01
2.405387605735471168e-01
1.565230560901195722e-01
1.149365002586325291e-01
-6.176636840648033200e-01
3.199335668047733616e-01
3.212801540427492886e-01
-3.162294198856103744e-01
-7.228100753995327921e-01
-7.519813437220639329e-01
3.886328224698509803e-01
-2.499057187698157378e-01
-1.000000000000000000e+00
-2.707432740279697714e-01
-1.918473771705266062e-01
8.256448913050762339e-02
1.764711160396860989e-01
-5.535103308498887653e-01
-1.639160639731917363e-02
-9.104252872981323519e-02
-2.750490376365471445e-01
4.659916500178717391e-01
-2.611899174903551946e-01
-8.196628152786834820e-02
1.200816307856246157e-01
-5.593711767185559625e-01
2.753407182053643765e-01
-5.208282657703159485e-02
