2.032810198783545352e-01
-1.000000000000000000e+00
-1.000000000000000000e+00
-1.688747236081629133e-01
-1.751600637906097213e-01
-1.930685489043167669e-01
4.287738368335525796e-01
-7.279871554097643027e-02
-3.191972233472116782e-01
2.911431088757242547e-01
3.832501385196105947e-01
-3.127984363758877784e-01
-6.958967161361037657e-02
-3.808292033768895246e-03
-2.569650496820752306e-01
3.461426485221233973e-01
3.403472242235805467e-01
4.624419932687967583e-01
-4.944097108503389126e-01
-5.791892561519198512e-01
-1.000000000000000000e+00
4.063930864514930796e-01
1.000000000000000000e+00
-3.585541984901852719e-01
-6.248329756425772263e-01
-4.309371074895583242e-01
-1.000000000000000000e+00
7.021198455154709084e-01
1.061168798927165646e-01
6.428780537978069365e-01
2.964566122014091962e-02
-9.037998587664981820e-02
4.900694628884368353e-01
-7.960106619173840103e-02
-6.143827755428156179e-01
-3.621769121468239039e-01
-6.621233904436552020e-01
3.383663149494231526e-01
-5.334493483530908797e-01
-6.172071106055037060e-01
-5.872779934862567552e-01
-8.735836315545832953e-01
5.208102221708797719e-02
-3.024552357480432829e-01
-8.095444393848046927e-01
-6.912204910546110304e-01
-1.000000000000000000e+00
1.072762512633429477e-02
2.691293754818502859e-01
2.901821600110318089e-01
-2.390778722004330836e-01
-3.029942644048103650e-01
9.461261625155401034e-02
-1.791347484755958785e-01
1.487151208547843884e-01
-8.114902326516257869e-01
-8.135488717041033935e-02
8.849684735132695712e-02
-6.659805695510059853e-02
-5.203903413704265013e-01
-6.345807142997827999e-01
-1.479866016569857390e-01
-4.098613596696863426e-01
-1.919564867882403714e-01
1.000000000000000000e+00
7.577433302442785346e-01
1.201578138288951214e-01
-1.576093596610965153e-01
-4.122373537559030909e-01
9.256734234599010014e-01
-3.122613022290706697e-01
4.914623009503246709e-01
1.755129629592815099e-01
2.302147636069249992e-01
-5.007110837615032228e-02
2.801212425739722789e-02
-6.362393461797510863e-01
-4.078311822179719881e-01
-1.964889176420827333e-01
-6.747217884628772255e-01
-3.801700066903220265e-01
-4.894675455979204115e-02
-5.834471795244277059e-01
4.947466119487061720e-01
-2.928256987603957695e-01
4.915218265492576899e-01
1.850485421555384674e-02
4.594511945648086515e-01
5.351738180276496282e-01
1.915743552994516319e-01
7.752056215638336578e-02
1.881338578872914502e-01
-7.008147208525131733e-01
2.210439251090951240e-01
-3.134431638610818971e-01
4.520360930735214389e-01
-3.182145565828001788e-01
3.708728367401964987e-01
2.965944477804868251e-01
3.421687120895062773e-01
1.514473343713356422e-02
7.803281283515269839e-01
-5.768344141753656285e-01
8.530210847479238745e-02
2.244213161310649740e-01
1.000000000000000000e+00
3.145050253509867888e-01
-4.184477155391321812e-01
-4.227704806484601507e-02
-7.407352714483653178e-02
5.053102235757769289e-01
1.753289872325064780e-01
2.268111617403199554e-01
-3.368864542125846184e-02
4.156330634433140769e-01
-2.197583108003153818e-02
6.452174163048521871e-01
-5.299041659053904674e-01
-3.162826085079480931e-01
-1.354842945724756276e-01
4.986615609996220555e-01
8.623931144275307492e-01
3.787629633660465345e-01
-4.949545607745002851e-01
-7.245719734013190971e-02
2.471996857002561887e-01
-1.042594602240913687e-01
3.180574036798629600e-01
4.621507303463781025e-01
9.562826858455657497e-01
4.671427159667392304e-01
-2.738834693269756038e-01
-1.000000000000000000e+00
7.095190424515117611e-01
4.319329996222226464e-01
-4.261849459737290235e-01
-2.245845684358725447e-01
-1.456933445981563602e-01
-1.000000000000000000e+00
-4.616797469261326725e-01
1.000000000000000000e+00
-1.917861255258272030e-02
1.000000000000000000e+00
-1.000000000000000000e+00
6.913642517524355435e-01
-4.355736296819068265e-01
1.738638999651639927e-01
-1.000000000000000000e+00
3.527457682817664031e-01
-2.324357045511133979e-01
-1.000000000000000000e+00
2.809370452997591583e-01
-4.977756681808377937e-01
-3.107229811286056353e-01
-3.898144373929446904e-01
-1.053425056380831171e-01
1.476917110726285245e-03
6.537419978013464528e-01
-1.034564441805530810e-01
-5.544715120340631964e-03
3.966041222848603609e-01
-9.163454455822391820e-01
3.046914680803237130e-01
-1.651383606434072282e-01
9.796923646477155856e-01
9.289311527530227375e-01
-1.345344140505164154e-01
-1.000000000000000000e+00
1.104115935489701772e-01
-3.544398178586166681e-01
4.721746487321098473e-01
-2.893663117290535824e-01
-4.678616263114410145e-02
9.233013580155825517e-01
-7.811694167791718435e-01
2.835003833016331298e-01
3.093682860630115328e-01
-2.465671607947351740e-01
3.483978690065789308e-01
1.460238160362810900e-01
4.567765661373495156e-01
-2.361671341288768336e-02
1.506345697945802864e-01
-1.000000000000000000e+00
-9.830155298752113469e-01
3.118565753687195796e-01
5.912864773061873302e-01
2.008763509735120023e-01
6.212788630940723200e-01
-7.460253517401495005e-01
4.060532296627165638e-01
5.890932138739224389e-01
1.468662506977407578e-01
-1.477719387016966091e-01
-4.553964782674502776e-01
4.891621286865109330e-01
-9.697435141173379458e-01
-2.772948702621951256e-01
3.386946424330583016e-01
1.117032205990084598e-01
3.107520530011396720e-01
2.453397897171025743e-01
8.688674843035164574e-01
2.933488877553471208e-01
2.661566891760860226e-02
1.933499528714583970e-01
4.933592544304772343e-01
-7.640037555140912762e-01
-4.145501871867799393e-01
-7.213006258071458232e-01
-1.000000000000000000e+00
-5.730836016683179546e-01
9.399752456531625944e-01
-3.544199486855615505e-02
-7.158850381462477097e-01
3.022175578771860716e-01
-2.473651067244654889e-01
-9.187734568053844697e-01
-4.796517279194956185e-01
4.436730639751278460e-01
-4.926707933747896950e-01
3.350095046099136886e-01
1.722525755304640804e-01
3.457712322738044630e-01
-6.700782936675218904e-03
-1.000000000000000000e+00
3.811790301065042796e-01
1.105180571409796614e-01
-2.398337298379263072e-01
1.608609520452481401e-01
-8.845043452888836644e-01
1.000000000000000000e+00
-2.429046534074152941e-01
4.238994325950239395e-01
2.921559723240184647e-01
-9.609051379694293349e-01
-3.975165505699567725e-01
3.703898532037802616e-02
1.000000000000000000e+00
6.148888713944566931e-01
8.982019682566854124e-01
8.840114849294460342e-01
1.370800357602290076e-01
9.535434080524862743e-01
1.224245934570041550e-01
-2.957156713603638076e-01
-1.000000000000000000e+00
-1.801011438909575491e-01
-7.535702118396213345e-02
8.175925973009565140e-02
4.654708052696483744e-02
-7.423761345767523334e-01
5.681398685308488572e-01
-6.666916084777454454e-01
3.449632943600681734e-01
-4.456271573644429163e-01
-6.201888297696563912e-01
-8.105668792238528431e-01
9.141558808374813383e-01
8.691923137000785449e-01
1.764203187056865296e-01
2.302646613230968642e-01
-2.000003111743462458e-01
2.199923112815633519e-01
3.717450077550524951e-02
