9.617898571904692773e-02
2.961882731498677312e-01
-2.891388771394575730e-01
-4.368437479232135934e-02
-6.924606039487679610e-01
-5.932661000220298408e-01
1.282162360297822989e-01
-1.709678453496241146e-01
-4.892526965277591566e-01
2.637420945007832307e-01
1.000000000000000000e+00
-4.209431707034148595e-01
-4.265067550011397701e-01
6.097892033886811447e-01
2.186625413443933075e-01
-2.870460195300269524e-01
5.559779785463304647e-01
6.312983811325223460e-01
1.909364207785352874e-01
1.685893585978017750e-01
-6.476809012171017566e-01
9.183223828823541823e-02
8.008987835796471666e-02
-7.501234203364426367e-01
-5.605248402876124025e-01
1.387475291635916763e-01
3.441078648381872829e-01
-2.351801289630455483e-01
2.876042276245102669e-01
4.975966180791170368e-01
-2.810303274986550304e-01
-6.023478343846538907e-01
6.018528164937428926e-01
1.542926778312873615e-01
4.372403906002818585e-01
-1.244375883572332309e-01
3.002119237663557483e-01
-5.627493363294595596e-01
-1.811133516304524738e-01
4.048923163626692023e-01
-1.987963930677957292e-01
1.000000000000000000e+00
3.353778493457383880e-01
-3.190626560863349948e-01
4.733594900211787193e-01
2.230548223158700938e-01
3.940782832627949817e-01
-8.780702141405745120e-01
2.519739767680242437e-01
5.124395730279934780e-01
-3.481006738608198869e-01
6.953840818691043868e-01
-1.000000000000000000e+00
-6.938129637290864071e-01
-4.328763319279773092e-01
-2.027420234384647024e-01
-8.080601928150465962e-02
-8.972569769566464126e-01
-1.826373226805378946e-01
1.000000000000000000e+00
-7.348857753727214281e-02
2.432026101712898292e-01
5.335020504835211730e-01
-5.707647437816815161e-01
5.648921200899214429e-02
4.547195712026562142e-01
8.135697563462902515e-01
3.905379175305327966e-01
-6.848653594517177812e-01
-4.244198541987813378e-02
-1.543339117198126720e-01
-2.625972453853220312e-01
-7.156240713387980179e-01
4.398453549348171343e-01
-3.739188462138309799e-02
-4.633441995105019862e-02
1.089190337784840673e-01
-5.199800599483540564e-01
-2.501384600993526025e-02
7.690501288236534227e-02
5.417730295672145147e-01
4.226217581118276584e-02
8.774478472527269535e-02
-4.664810952456556747e-01
-3.522073969148008521e-01
3.107698157184980436e-01
5.615932187670878983e-01
2.721719826670881415e-01
-1.000000000000000000e+00
-4.707758697433174766e-01
-2.201539110470547844e-01
-4.170609936930269601e-01
-6.427512859544839419e-01
4.148712737500547254e-01
3.227200022374461241e-01
-6.110823011363367696e-01
1.859130034283518196e-02
3.873303360040159515e-01
-2.149351013194998328e-01
1.334457887360968043e-01
-7.342078223657964031e-01
9.753020468122418629e-01
-3.513917264407089847e-01
5.975620585914742655e-01
1.212076271758877055e-01
-5.994400852729990341e-03
5.715677340162101938e-01
-1.841467642740172161e-01
1.950089252064733658e-01
-6.137738958622386554e-02
-8.914608171167430761e-01
5.057501041520460205e-01
-5.104850549538904048e-01
-1.826632501886180093e-02
-2.251265724154488390e-01
-8.908479977927280524e-02
5.247906452542312472e-01
2.992526822225584637e-01
6.510526226672577188e-01
-5.988826242321116933e-01
6.125318577876628368e-01
-9.885761451632951724e-01
-5.069538351948250643e-01
-3.872136518439117658e-02
-6.752694010164603244e-02
-1.000000000000000000e+00
-6.959057754526785100e-01
5.295045917142457981e-01
6.827059984084182798e-01
3.755783017578395722e-02
4.681449184105114791e-01
3.802414936014715807e-01
-5.281262835127183974e-01
7.215606248351332797e-01
6.394784405189590792e-03
2.991210444525990719e-01
-5.912674227878120803e-01
2.444974503207279493e-01
-3.716612659625223580e-01
2.813331698249146307e-01
-5.837841708540171259e-01
-9.658232044117669446e-01
-1.386438940616089577e-01
-1.000000000000000000e+00
3.257382632634174269e-01
-2.437816109108083273e-02
-6.219750498837885999e-01
1.073513564961535299e-01
5.201169728638567191e-01
-5.066712838178512313e-02
3.742641697625218589e-01
9.910528014015172749e-03
2.177291599180478654e-01
1.047329194410194231e-01
-3.030986720063271189e-01
5.368156392817088340e-01
-2.987127370511869495e-01
-6.945820721837999701e-01
-4.594660074628740265e-01
-6.733174464438149154e-02
3.534748860056372566e-01
2.024012664436723730e-02
-9.241548371785728300e-01
1.272121149934675732e-01
7.068417042852238596e-01
-2.633272742422840818e-01
-2.754243922397647260e-01
-3.034147397938199431e-01
-7.888796301459020111e-01
1.141516414533725599e-01
-4.665706537888440752e-02
4.748640709313002861e-01
4.878496010688453954e-01
-1.000000000000000000e+00
3.866422109115046912e-01
-2.089833663966815525e-01
-2.088837358513976616e-01
3.988769314815389100e-01
2.064213618047905652e-01
-7.409147985545883053e-01
1.000000000000000000e+00
1.469322058679975451e-01
2.676090254231948129e-01
-9.036568333864731795e-01
-7.996467068749109064e-01
7.469648218620963398e-01
9.579724939151317009e-02
4.108893803164755942e-01
4.021734573143164737e-01
-5.661163589648339212e-01
-1.465344451948071836e-01
9.839996392395411462e-03
-7.672187265603177542e-01
-1.833502716763265872e-01
-6.091603860476002552e-01
-4.309228721414251062e-01
-1.715182458576700320e-01
-6.924697084545134995e-01
-3.020123540660715755e-01
-3.014164984610719356e-01
-2.582026839775466986e-01
-3.985365838235400693e-01
6.701073839761558792e-01
4.798419980329179380e-01
5.203777003747667163e-01
-1.541242664205364488e-01
-7.773849386818129648e-02
4.309382512086742389e-01
-8.576445404494986713e-01
4.652842451129936968e-02
-7.949393830230815361e-01
-2.170856769718280121e-01
1.777920682781201911e-01
-8.883454609622885856e-03
-1.917957352797373949e-01
-1.474883860230523924e-01
4.182683936456769169e-01
6.856463959554504051e-01
5.007363794718139305e-01
5.902817323780762404e-01
-5.429291587377247374e-01
-7.508383197246033536e-01
-2.753591432702590103e-01
2.432325215931450124e-01
6.048151014771281364e-01
-1.876159486711138358e-01
-4.122324619643166210e-01
6.793947434157837639e-01
-9.223357053392481353e-01
-8.577546642266986598e-01
-3.973767386316849337e-01
-3.585083985288469166e-01
2.401976564398120850e-01
3.991688282237671470e-01
1.000000000000000000e+00
-2.176068058178781683e-02
-2.091068173494495808e-01
7.233207911272632185e-02
8.390265980609551422e-01
-1.701469453286011055e-02
-3.098360851869871868e-01
-2.427003410274378714e-01
9.911838976664293366e-01
7.713515844696769985e-01
7.321683099176509724e-03
-8.163448157833381735e-01
3.049951596115176300e-01
-2.995726366051229550e-01
-3.325932209532786454e-02
4.931896343139673955e-01
1.000000000000000000e+00
-2.214631391076000155e-01
-2.705531994126252338e-01
3.758721075321591054e-01
1.993748126971958134e-01
1.030417813112738112e-01
-1.000000000000000000e+00
4.085221733166787272e-01
9.182798998037033922e-02
-2.024833431506518622e-01
9.129653109149910017e-02
6.638194654086819468e-03
-5.386810160417612181e-01
6.802628470718428133e-01
2.891763680784461554e-01
