2.160543632550630533e-01
1.924936082573341922e-02
-5.829156725893895885e-01
-1.031029186111532547e-01
7.123816838509082761e-01
2.422566505181411867e-01
1.383962321165360665e-01
-1.847278559809878429e-02
3.552576876687443819e-01
2.842700150586278118e-01
-7.075097498870085433e-01
6.437112050210314074e-01
6.122903556488084043e-01
1.467914015078758960e-01
-1.175572756544388253e-01
-9.819277163241396655e-02
-6.925931933277182928e-01
-2.787045532727084884e-01
3.337975944585597210e-02
3.711826975533106809e-01
-3.545550809061974173e-01
-5.374793395325763168e-01
1.925782470952568382e-01
-3.805475852628111832e-01
1.484572317955776821e-01
-3.510689013442647721e-01
9.330209100105962827e-01
3.632458025539849616e-02
-5.210483094368125734e-01
-5.245606525068878812e-01
2.321780778016813707e-01
-8.869801845507895299e-01
7.405156715468234063e-01
-1.561687282310327829e-01
6.337540154504837098e-01
-1.786191277073935213e-01
-1.000000000000000000e+00
-5.903231471741293701e-03
1.710694007955010087e-01
3.639832232861906491e-01
3.598332028224274226e-01
-5.960822711339229807e-01
1.420416206821984717e-01
-3.804382880126371269e-01
-6.446255204153005236e-01
7.339429753634611753e-02
8.090154641621671860e-02
-1.000000000000000000e+00
5.398432744575089037e-01
4.368494578176925769e-01
1.848349794088856024e-01
-2.006340201951071212e-01
-1.000000000000000000e+00
6.859537297319221461e-01
-3.834388245960487218e-01
-6.019130767776649238e-01
3.980238825220918653e-01
-3.732426024663448305e-01
-2.930750777312382538e-01
1.000000000000000000e+00
3.106225800278231697e-01
2.301906431439578737e-01
2.766251755441914151e-01
-7.226557111053711902e-01
2.841858560488886853e-01
-1.643098304386539921e-01
4.369292488990298429e-01
5.545407025065387518e-01
7.696989983669331181e-01
-5.200175768849919083e-02
-5.885105082756082462e-01
9.543769787466546695e-02
4.342473455500008850e-01
-3.323484736320624355e-01
2.464532973313458275e-01
2.044751504541322262e-01
3.736759500164063552e-01
6.294705084305787790e-02
-6.284522839492281410e-01
-7.497390795384599738e-01
6.779194866545344977e-01
5.960149814682734748e-01
1.805452643890904929e-01
4.149783268811124692e-02
-2.737476801605348009e-01
2.637626902466941314e-01
-5.818297241075494064e-01
5.124451591613343737e-02
1.911571694575860125e-01
1.428960127942431602e-02
1.000000000000000000e+00
-1.416107885394910504e-01
7.224811082343713942e-01
-4.044927176476931785e-01
-4.709599355775970775e-01
-3.630194919063639558e-01
-1.463246841858623082e-02
-1.000000000000000000e+00
2.483908757837268166e-01
-1.523165993652198513e-01
8.503974672172444071e-01
4.783330274213635214e-01
-2.055032802519963786e-01
-8.759120015039854878e-02
-1.770059236259208524e-01
-1.000000000000000000e+00
-6.675288775640844663e-02
3.281995129376584219e-01
-1.904157523630063409e-01
-1.737397009606465037e-01
5.937118824345588575e-01
5.313731059295081494e-01
3.339787780673547646e-01
-1.971562294065626886e-01
4.402520949804955563e-01
-5.178708569835028808e-01
1.937977472507853433e-02
-1.835919904835670580e-01
2.259308354846500944e-01
1.000000000000000000e+00
3.663350903712221940e-01
6.423962240360846510e-01
4.768447822354829890e-01
1.000000000000000000e+00
-6.988533070209533848e-01
8.913964884607268324e-01
3.289335587048733966e-01
4.448472188811839478e-01
-5.176834156046532520e-01
-6.464462946584730307e-01
-1.000000000000000000e+00
4.792825354119994996e-01
2.640655882978637514e-01
6.902991772143293736e-02
-1.919064875603502252e-01
-5.162846350338615720e-01
3.430388084373859892e-01
4.783696728099800510e-01
-1.000000000000000000e+00
2.296946010495305376e-02
-2.940808194881465165e-01
4.687474346905229350e-01
2.399511975467806257e-01
-2.274384668346752791e-01
1.668311588836282333e-01
1.274553944438123476e-01
-4.200601740579605892e-01
5.927168257234132209e-01
3.515829628299459442e-01
9.135655158989411384e-02
-5.093360312578675275e-01
3.788636323449873777e-01
-9.519710580865119454e-01
5.087955593000903498e-01
1.212854328919170388e-01
-5.699408272505963602e-01
1.422630073306849208e-01
6.948186978005477243e-03
3.840929722744766961e-01
-1.139004716793751981e-01
5.767398810240766949e-01
6.732319990988550051e-01
-3.849523262008964775e-01
1.578438162310554782e-01
-9.688118858104899367e-02
6.133735549799399500e-01
2.755436723393285270e-01
-3.490114661190869827e-02
-9.105238276958316224e-02
-1.647346354671773150e-01
-2.122230392809437705e-02
-3.147100449080975082e-01
2.296843162744803893e-02
-2.207121008033461340e-01
-7.599563116722201084e-01
4.339335549130454162e-01
-7.589103292150778390e-01
-2.718252414193547128e-01
-7.202385255834085065e-01
-5.719448958102391067e-01
6.951547279733838458e-02
-3.666885926035235999e-01
-7.918204501843907617e-02
8.037605123779044680e-01
3.431055954063910174e-01
-6.337617124973113913e-01
3.856579357788346429e-03
-1.460192536705575417e-01
-6.291277386543162597e-01
-2.120505556179660689e-01
-1.537797032524092500e-01
-1.414160273578480842e-01
9.064868482982973985e-01
-8.344378237678619081e-01
-1.000000000000000000e+00
-1.000000000000000000e+00
-8.765227105297453136e-02
-4.744827374823225030e-01
-1.357376638889824794e-01
6.293336059847350061e-02
-1.316002152973549943e-02
-6.885005507876940101e-01
1.889193367006772595e-01
-3.230112803670019961e-01
6.377344138020603070e-01
-3.830949802140936056e-01
-3.195993396389654739e-01
1.083384886697288663e-01
2.542130960534592088e-01
-2.404576522418776785e-01
-1.633447062235650615e-01
4.975754049089168851e-01
-1.173111864216107858e-01
6.071926701342770238e-01
-3.396811841236813123e-02
-3.771713056980956491e-01
-4.708735171937052932e-01
-2.422528451766697288e-01
3.153460191706726201e-01
-1.516980890415924321e-01
-2.336458695219424675e-01
-6.707019112028445029e-01
1.684392542806515680e-01
1.465710998426143774e-01
-1.000000000000000000e+00
9.457186789807844329e-01
-4.610165738532377988e-01
1.265272941009384366e-01
2.084535228718269739e-01
-1.312329371571742120e-01
3.738852656434810129e-01
-1.208641525295782587e-01
-1.720997217056069173e-01
-4.661512901369310735e-01
-9.343100726900467612e-02
-4.020898521405195658e-01
-3.782635941220912068e-01
-2.612163088595669813e-01
8.609599519093446007e-01
-7.688416038192971147e-01
-4.650277705145620666e-01
1.353873570172502705e-01
3.143764642606767246e-01
-6.016067467149951442e-01
6.588540331650641346e-02
-1.000000000000000000e+00
-1.896727814545130231e-01
6.343389558241053772e-01
6.930390149643030906e-01
2.013385809518229430e-01
-2.309584114709102576e-01
-6.385017451053434101e-01
1.786104443590177671e-01
-2.440121607606082765e-02
4.730550374358104548e-01
2.893868619387237814e-02
3.750680691267922751e-02
2.910268234120430009e-01
3.687732669967473953e-01
-3.025367739951698165e-01
-4.560909213884575819e-01
-2.762653939520526292e-01
3.007294290549850091e-01
-1.572132564484095829e-01
1.214632050397269347e-01
