
0 35.809389 -1.738899 9.60551 1.658541
1 35.809109 3.848631 13.013805 -8.397531
2 37.883356 7.231991 14.076297 0.428078
3 37.913612 11.960852 14.7043 -8.397531
4 37.964136 13.692755 14.794866 0.428078
5 39.786943 16.589122 14.934994 6.756061
6 39.125336 21.80307 12.659723 6.722573
7 37.966726 25.017799 9.706695 -4.75985
8 38.027559 24.197336 11.756494 -8.397531
9 38.039823 24.333447 10.994999 -1.998426
10 38.095992 28.047847 6.853379 -5.312135
11 38.036103 27.060645 8.290457 -1.998426
12 38.757833 28.277001 8.00852 -1.722284
13 38.0665 28.741399 7.622412 -1.998426
14 37.98213 27.978 7.766742 -2.274569
15 37.975551 29.373855 7.181365 -8.397531
16 38.002059 30.528817 6.069306 -8.397531
17 38.059151 29.508816 6.392907 -2.826854
18 45.777168 30.400574 6.442029 -1.998426
19 45.757913 29.258992 7.679194 -1.998426