
0 29.130283 -2.631993 7.911181 0.373059
1 35.177505 1.259628 11.00664 -1.572325
2 37.928623 8.785347 14.762791 6.756061
3 37.975551 11.600376 14.886863 6.756061
4 37.913612 16.664514 13.127761 5.397089
5 37.965745 19.275805 13.407067 -3.379138
6 37.958976 20.266931 13.774235 -4.207565
7 37.98213 24.398976 12.078308 4.933522
8 37.98213 26.321322 10.065432 -3.096441
9 44.466145 27.09805 8.789903 -4.207565
10 38.011566 28.981479 7.759344 -4.207565
11 37.98213 26.813614 9.733025 -3.096441
12 38.034619 27.137449 10.343246 -3.096441
13 38.028826 27.12064 10.647602 3.961021
14 38.104392 29.313654 8.330447 -1.998426
15 38.003207 23.994744 14.539794 -1.998426
16 38.015788 26.632111 11.012037 6.756061
17 38.130075 26.841967 9.873293 -1.998426
18 37.98213 29.824337 7.707382 -4.207565
19 38.004942 24.039299 12.40197 -5.035993