
0 33.704632 -0.970301 9.661741 -8.442454
1 37.365257 3.648435 12.129341 -8.397531
2 36.855016 9.817292 13.029197 -13.096441
3 37.899995 13.36691 12.81903 -4.207565
4 37.950268 18.90561 11.359776 1.658541
5 39.866663 18.37564 12.086347 -0.836939
6 37.997248 23.154377 10.032389 6.756061
7 37.956434 23.272056 10.056645 0.373059
8 37.975551 21.07004 11.90042 6.756061
9 37.974379 20.713797 11.642734 -1.572325
10 38.064759 24.4255 9.356501 -8.397531
11 37.976649 23.707775 11.037559 -7.08664
12 38.00728 24.894793 8.76887 -4.979075
13 40.304692 22.888798 12.011666 5.397089
14 42.857298 22.54329 15.641991 -5.035993
15 40.31104 23.199927 11.79542 -1.998426
16 37.98213 26.291367 7.20111 -2.826854
17 38.073007 25.246622 10.680624 -3.096441
18 38.01255 24.647765 11.94067 4.237291
19 38.006094 27.699473 8.295565 5.397089