
0 33.608392 -2.282926 8.981489 -8.397531
1 29.125608 0.50292 10.908913 -13.096441
2 36.135811 5.095166 12.781094 11.161237
3 37.947964 10.861888 14.687337 -13.096441
4 38.004198 13.094041 14.401029 -5.035993
5 38.013193 19.018883 13.929082 -5.035993
6 38.018409 19.247653 12.515874 -8.397531
7 38.06184 21.525786 12.678774 -1.722284
8 38.118624 23.32505 10.577963 -4.483708
9 40.400701 26.767676 9.447892 -1.998426
10 38.006632 25.360852 10.330917 5.397089
11 38.004287 25.99648 9.506983 -1.722284
12 38.013849 26.529187 9.826626 2.91336
13 38.010862 27.555966 8.221865 -2.550711
14 38.030215 29.342888 7.011176 -1.113082
15 37.974379 25.04731 15.722244 -4.207565
16 46.832561 28.916916 7.432777 -1.998426
17 39.798636 25.392794 9.702785 6.756061
18 38.054962 29.413987 8.572861 -8.266526
19 38.035102 26.858544 9.512451 -3.096441