
0 37.449545 -1.904226 9.159409 -11.991871
1 37.464138 1.513388 11.589165 -9.33987
2 38.042906 7.443833 14.578118 -2.550711
3 38.066289 10.334931 14.722668 1.658541
4 37.978667 13.126491 13.899439 13.342733
5 41.559537 15.763202 14.078976 1.658541
6 41.784147 18.747024 14.098407 -4.658916
7 37.974379 17.418028 13.07515 -1.572325
8 38.109907 19.503808 12.447874 -1.998426
9 38.032752 23.411288 10.403611 -4.207565
10 39.834318 23.861523 11.345046 6.756061
11 38.077938 25.759449 10.261096 3.525195
12 38.114624 24.205577 10.5371 -6.140562
13 45.010495 24.157626 11.76706 -1.572325
14 43.429299 26.180799 9.431152 -1.998426
15 39.183822 25.924492 9.124082 -7.08664
16 37.983765 28.290626 7.242361 -8.397531
17 37.98213 26.960354 9.250678 -4.409739
18 38.024099 26.162475 11.077081 -8.397531
19 37.98213 28.164819 8.303415 -1.240954