
0 37.52129 -1.252491 8.951273 5.397089
1 37.572604 2.121994 11.585536 -19.669935
2 36.177187 7.774225 13.601451 -5.754605
3 39.9375 12.912944 13.082868 -5.781245
4 38.081216 16.155588 13.072539 1.658541
5 44.468232 15.365686 13.130689 -2.857807
6 37.976577 19.687802 12.752275 -1.572325
7 44.472255 20.150402 12.237342 2.166223
8 38.003551 20.822926 10.864524 -8.397531
9 38.032752 22.492124 11.349999 1.658541
10 38.060209 24.156286 9.852497 -8.397531
11 37.974379 26.574209 7.009819 -1.998426
12 44.574081 23.918971 11.734782 3.525195
13 44.950906 24.570386 11.127063 1.658541
14 37.975551 22.769486 12.648 6.756061
15 38.046429 27.471358 9.130412 -1.572325
16 37.968182 24.706832 11.608574 -1.572325
17 40.300282 28.112011 8.452762 -8.397531
18 37.976006 26.002098 9.472665 -8.397531
19 37.98213 28.909778 7.068199 -4.207565