
0 30.328379 -2.809495 8.092646 -7.08664
1 28.345085 -0.701494 8.556076 -16.313714
2 37.847933 4.162485 12.720096 -8.397531
3 37.954005 10.654912 14.654838 5.844791
4 38.02851 10.508168 14.948034 -3.974493
5 37.966726 14.801345 14.754808 -8.397531
6 38.122543 16.772088 14.285499 2.331909
7 49.771442 16.458573 15.490433 6.756061
8 37.974379 17.434685 14.530054 -5.035993
9 40.03753 19.167157 14.285823 14.342556
10 38.005524 19.043716 13.610129 2.166223
11 37.991599 22.148145 12.54967 -1.998426
12 47.932776 20.995279 13.440714 5.397089
13 38.017343 23.428619 11.93937 3.525195
14 37.98213 23.251222 11.96843 2.166223
15 38.123907 22.279592 14.440391 -4.979075
16 38.066421 23.234218 11.983342 2.166223
17 37.974379 25.068038 11.012821 6.756061
18 37.994024 26.231023 10.940099 -2.859569
19 38.065953 26.195827 10.574325 5.397089