
0 39.908537 -2.261893 8.926937 -10.721568
1 30.298022 0.737165 9.905216 4.767836
2 39.893251 4.778252 11.913268 3.408864
3 37.975551 9.222183 13.362348 6.756061
4 37.966726 13.722176 13.883669 -3.096441
5 37.988815 14.88295 13.384286 -3.096441
6 37.958976 14.682717 13.55365 -7.08664
7 37.966726 15.796054 13.494471 6.756061
8 38.062861 17.092157 13.174864 -8.397531
9 37.834669 19.874588 12.313048 3.525195
10 43.083926 20.689525 12.6376 -1.998426
11 38.026044 22.049093 10.678479 -5.754605
12 37.98213 23.737503 10.481004 -5.035993
13 38.025938 23.422865 11.714073 -4.207565
14 39.801035 22.090887 15.163537 -5.588277
15 37.982872 19.413293 15.145184 -7.08664
16 38.022769 26.10343 10.109126 -4.207565
17 40.183224 26.249751 10.558098 -3.056513
18 38.121659 26.5739 10.090725 1.483971
19 38.116404 27.442692 8.923114 -5.588277