3.776247157550986500e-01
-2.532330195557219721e-01
-1.081471785568557248e-01
1.220034046564238417e-01
-1.376008546940712673e-01
-1.198270228952596494e-01
-1.829333047522532507e-01
-1.398542660140420987e-02
-2.381217891418404842e-01
-1.653180321103899786e-01
-7.752026875473305711e-01
3.983491777913242826e-01
9.391514014391514342e-01
-3.420956774471669015e-01
9.191431423489501706e-02
-1.000000000000000000e+00
6.726892018700627585e-01
3.224414942505149373e-02
1.073924626782228053e-01
4.829913916374909966e-01
-3.813262065085920582e-01
1.000000000000000000e+00
-1.000000000000000000e+00
1.657430638259832223e-01
-2.183017662847488438e-01
4.813564291121712191e-02
-2.436271519330546198e-01
3.104713931948811512e-01
1.234561769001822629e-01
2.739520152705574585e-01
-3.810550016351449965e-01
1.000000000000000000e+00
1.925933374906344531e-01
-2.754332007393753279e-01
-4.629289008128589233e-01
-1.091097691450933632e-01
3.197715484406572495e-01
-2.578371477214081442e-01
1.193051416210243743e-01
3.351747174825386866e-01
9.333259466829889328e-02
8.615786970741731166e-01
-5.062103722719002441e-01
-1.059996687320462760e-01
-6.153636334116066586e-02
6.761279974185389063e-01
6.186326918900877936e-02
1.392842905497896910e-01
-7.570658038224776787e-01
5.357142988436695008e-01
1.259946105076097944e-01
-5.674312230324702888e-01
3.460236118251889259e-01
-3.392686759503963367e-01
1.598842101775517222e-01
5.407649076601706017e-01
-5.191407162316500346e-01
4.174439253322825283e-01
-9.262880719820377751e-01
7.936174705998301215e-01
7.200966730709505992e-01
-3.012701136787504508e-03
3.567362097334780824e-01
-2.550727473386729116e-01
-6.691265882179750490e-02
5.325194825645150898e-01
2.930311770571858432e-01
7.254628494522201709e-01
6.668336542429972869e-02
-3.023247597600640657e-01
-6.847096740757612210e-01
-2.084492375030968514e-01
3.856622240298896998e-01
1.549548594347602282e-02
-5.269635140729697076e-01
-1.000000000000000000e+00
7.056333175923816814e-01
1.333221541510331565e-01
-2.334767856666080388e-01
-6.934675888719338266e-01
9.015351983309749517e-02
3.268764211838046663e-01
-5.795607014314647643e-01
2.842261346800266097e-01
1.000000000000000000e+00
3.031357442236816135e-01
6.591743929287205983e-01
-1.594744031222460334e-01
-5.075655729810675254e-01
5.489225585798042095e-01
2.260565632818054005e-04
9.234095005520358557e-01
-7.325612301225118417e-01
-3.969572434578828579e-01
-5.204204497367512783e-01
-4.741996713926471263e-01
2.054209592605114876e-01
6.305413011051045347e-01
1.294929604020418068e-01
-1.608301346742796456e-01
-1.163208840213817048e-02
3.003192173466045500e-01
-3.135850144627171376e-01
2.741652798788787315e-01
2.197488488753898128e-01
3.686908891215403550e-01
9.413598657437741712e-01
-1.796083796926926934e-01
1.000000000000000000e+00
6.772101237320993228e-01
6.174013050440219086e-01
7.615235880092617871e-01
7.634194123355907413e-01
-7.740651822604021071e-01
2.236370171506049664e-01
9.047284735139992096e-01
-1.000000000000000000e+00
6.845355582599154110e-01
-3.256065574101531246e-02
5.592567979748450657e-01
9.662238418658017913e-01
1.000000000000000000e+00
8.343250394613292986e-01
2.543078384227295818e-01
-1.603379260327980893e-01
-1.182768289891630298e-01
2.108773930941597596e-01
8.102063299273069008e-01
-1.031518647152588342e-01
-2.560694457652941680e-01
-4.350895475465586526e-01
-2.881694419723098699e-01
4.766463552645819890e-01
3.729301824715508529e-01
1.211464863724327490e-01
8.365666107347417002e-01
1.266364319128866489e-01
8.765529676716028451e-01
-1.875824289258056499e-01
5.637630378723095248e-01
4.650393500141351555e-01
1.000000000000000000e+00
1.857002737258185154e-01
4.142365945261815563e-01
9.415229727255428616e-01
9.307395015540528282e-01
-6.815443019993951967e-01
-8.813432166341410301e-02
3.137137110592192468e-01
2.503404178288479859e-02
8.930751517812058893e-01
-4.455138269840218657e-01
2.620123959418654280e-01
-8.756843824824400713e-01
-5.093516752113613766e-01
6.245220589536516487e-01
9.299062709603544974e-01
-8.244650501456721736e-01
-3.560310760485261294e-01
-7.891702368625100328e-02
-4.721429169663176051e-01
3.966805343373634996e-01
-9.313057650013454314e-01
-2.948582781687807824e-02
1.195258796758922326e-01
-1.863834647838572001e-01
7.892830655115574690e-01
-7.539291635564557836e-01
-9.048908378825653021e-01
-8.293592986382626597e-02
3.430715504228438184e-01
7.064991879215516413e-01
-3.250348342645126842e-01
-3.599969884043112134e-01
-7.453883969705338286e-01
-3.596599347280495795e-01
8.795244529414488754e-01
4.546164558411981416e-01
6.508891332415185360e-01
-2.012800529167807495e-01
9.767789332963416893e-01
-1.114594980145975078e-01
-1.259869348695947799e-01
7.589663416397965379e-02
-7.380392851014706546e-01
-1.373479567415641367e-01
-1.000000000000000000e+00
-1.353993309175727244e-01
5.256575052896279854e-02
-6.202245205084901958e-01
1.000000000000000000e+00
-1.000000000000000000e+00
-8.438872458016675182e-01
-6.880763124428530553e-01
-1.707742266163725375e-02
-3.770205822684358221e-01
3.322493984017210189e-01
4.518761913386885598e-01
-8.416983046509788347e-01
7.842273582493235196e-02
-9.400230926924838526e-01
-1.000000000000000000e+00
-3.640887860705259160e-01
8.501271738424720503e-01
6.521896983427788452e-02
-2.795620338347490907e-01
8.966564764332121129e-01
7.094817388941233594e-01
2.498996444300791431e-01
8.241128854539701010e-01
-1.100812733045017089e-01
-5.610441238298995437e-01
-1.513060183161767935e-01
-1.730350266187382080e-01
-1.939503161153695587e-01
-1.000000000000000000e+00
-9.796237432010965751e-01
4.408640817421008995e-01
3.443570366725922094e-01
1.000000000000000000e+00
-3.659415169801065737e-01
-2.414297638341217356e-01
-9.675824870913527498e-01
3.004668175441653766e-01
5.892006505392399784e-02
-9.207751668128184575e-01
-5.639352533235859610e-01
-4.484978467264896795e-01
3.411787079469159045e-01
6.189468751301423488e-01
-4.499456596136646724e-01
6.491045811193776327e-01
6.768909227842108134e-01
4.000137996003232804e-02
8.228548568679487918e-01
-5.379298460456245490e-01
-7.628109661354351596e-03
3.041102424870467114e-01
6.065660248313127223e-01
-1.203579134062135320e-01
-3.073753542367551050e-01
-1.099057476285338758e-02
8.431564177891309741e-02
5.491550609930763160e-01
5.657825129069131709e-01
1.000000000000000000e+00
-2.527925103403761420e-01
4.792991246705216590e-01
8.706790093675891296e-01
-2.811571314740624050e-01
-2.283751336845818991e-01
-9.470788113794199603e-01
6.404031708192361450e-01
5.350157006570165769e-02
1.000000000000000000e+00
-6.688612120814997342e-01
-3.716150603332190605e-01
-3.842956452174947080e-01
-1.842528973311033103e-01
-3.811538528990771613e-01
-2.358261300575065222e-01
5.536464415731209288e-01
4.455474052810755592e-01
5.023704395845109971e-01
4.711508962122014643e-01
