-3.523816887853529201e-01
-4.036244995694480697e-01
1.360305784401560913e-01
-2.008659635931251131e-01
5.390177887946494550e-01
-1.632738723098145495e-01
5.036405137945630939e-01
-7.205517817815609849e-01
1.769047437368612835e-03
5.194527648184217306e-01
-1.527793112801915099e-01
-8.925474081301158769e-02
1.361235711580663366e-01
5.377958987472196695e-01
1.260206091064206835e-01
-4.434550671398185262e-02
-6.089972708517354255e-02
-9.475543328834868939e-01
-1.254883903723493233e-01
2.179606137025185131e-01
1.724142683423146583e-01
1.071248523192967483e-01
1.921048138424772678e-01
-4.673409265809065904e-01
-2.338858539911990442e-01
8.736091679137070187e-01
-8.567410667380244149e-01
3.154460024950490882e-03
1.560501900506058581e-01
-3.999927082495333686e-01
4.538850478768383656e-01
-6.907041268712554860e-02
2.956904214656386753e-01
-9.339559150911147523e-01
-1.974034338937569188e-01
-3.077505438658196812e-01
-1.616526109335358063e-01
3.075753771236949818e-01
2.471459349756735535e-02
3.139817422917070555e-01
2.299951438529690972e-01
-3.436578804490449945e-01
1.215859975469662929e-01
-6.288382908110398128e-01
8.942996115211410135e-01
-3.108864878112685970e-01
-1.747530867286626877e-01
2.017990507912854892e-01
4.044223802237018606e-01
-6.427880667922780678e-01
-1.652982519211107226e-01
-3.006882751138565402e-01
-2.652133577223754202e-01
-3.179301973419895733e-01
5.196565313924142449e-02
4.210089814058586011e-02
-7.421527728963611681e-02
-1.344370760837745871e-01
4.133966272554866206e-02
-9.318193097228349986e-01
-2.127787533097975636e-01
-1.899723501169577611e-01
1.477829433228339540e-01
-3.345060488802434340e-01
-1.032682578854961786e-01
-4.190067757271072058e-01
6.281858041598439302e-01
-4.142805934476900820e-01
-1.000000000000000000e+00
-3.840542452964934017e-01
-1.271502340870641068e-01
3.289327382749429041e-01
-3.304383880436652654e-01
-4.833276447218718963e-01
-1.000000000000000000e+00
4.278603783102916114e-01
-4.784638989970846357e-01
-4.147395486861458758e-01
4.380137940667128693e-01
7.229836159840230536e-01
3.202994345636552831e-01
3.424782491041395982e-01
-4.328400502006286565e-01
-7.464633413542262064e-01
7.722579554378377065e-01
6.763047781360176369e-01
-6.748002679938930326e-01
1.321083763633780772e-01
2.045052119721669226e-01
-1.800588161721524416e-01
3.878536042187806787e-01
-1.259340433549651639e-01
3.830302618471592702e-01
1.000000000000000000e+00
1.390064287498811169e-01
-1.002452384253724738e-01
4.094718198926221575e-01
1.000000000000000000e+00
3.024188693519693216e-01
-3.442672076367786493e-02
-3.366041672447850353e-01
-3.833182152545330235e-01
7.635448109046392984e-02
-1.000000000000000000e+00
-3.652479216594521905e-01
1.000000000000000000e+00
-4.670076941698224626e-01
7.485998793982657773e-01
7.536350577087447267e-01
1.000000000000000000e+00
4.233605875752712300e-01
-2.005184003938566828e-01
2.293502595117827281e-01
-1.346046634400776543e-01
1.111413041259096679e-01
1.329990722244539236e-01
7.780622251367269593e-02
-5.435134939009710342e-01
-8.317111343871657070e-01
-4.070104885483177282e-01
4.681113129239122816e-01
-3.938619318450595208e-01
1.943698628945411677e-01
-4.479332311316167048e-02
-4.280022334242319926e-01
8.112138973238219863e-01
7.521333878890393287e-02
1.000000000000000000e+00
3.604564262375906658e-01
-1.000000000000000000e+00
-2.200763422882096865e-01
-4.080986364603761407e-01
-2.745713257094555826e-01
-4.487573820299754768e-02
-4.567265034054757145e-02
1.000000000000000000e+00
1.000000000000000000e+00
1.063818845773766564e-01
-1.201586966317118588e-01
1.069181942153815817e-01
-2.528517024883468467e-02
-3.081258773397541617e-01
6.075218652140639275e-01
2.427658642867130956e-01
2.348511672923134785e-01
2.137217709662916632e-01
4.572625240620217246e-01
4.339464884767289532e-01
1.000000000000000000e+00
-1.531885989706566475e-01
-1.000000000000000000e+00
-2.951498341563520422e-01
-3.452959782838401215e-01
2.487577641874275103e-01
7.406825423025809041e-01
-2.978560480187270043e-01
3.129632195261216054e-01
-2.923749947629589174e-02
3.499563778654861679e-01
5.167816809942549217e-03
6.048421265284720238e-01
-5.031737350767402639e-02
-4.918686515935069559e-02
-3.323420631520070945e-01
-7.003342956609787118e-01
4.170774469163696097e-03
4.792171489941032814e-01
3.558127835385968551e-01
-1.000000000000000000e+00
2.939056822997517249e-01
2.966621582542365299e-01
4.360462053812891314e-01
1.668588220314469184e-01
-2.343550719342126221e-01
-6.399394445856759761e-01
8.873731745412338778e-02
2.248089418972564757e-01
-4.082312666215074937e-01
-7.797623170252780955e-01
2.131152913524664572e-01
-8.533025708459324177e-02
6.611797928164342419e-02
-5.582304323180486971e-01
-2.755035129681217554e-01
1.663341965023218405e-02
1.954871432330039238e-01
-3.435070785756796363e-01
1.236327243944369825e-01
2.179466986443545917e-01
-4.561633338236423252e-02
-3.586953507772056016e-01
-3.009685290088358611e-01
4.514738530037892134e-02
-6.904305086922675194e-01
-5.683383680214815215e-03
6.111191803195650252e-01
1.189983741809924889e-01
4.371571853711895828e-01
5.661667405805370645e-01
7.197720784667943628e-01
4.340313571934842907e-01
3.319575082252647635e-01
-4.333886499589334473e-01
-3.224135148282527008e-01
-2.282394478528572690e-01
-1.886282513544361161e-01
4.059537508111040749e-01
3.339497950430001527e-01
9.188811832469012675e-02
-1.000000000000000000e+00
-9.495355275011274632e-01
-1.000000000000000000e+00
2.240695756861948995e-01
6.213963461197277161e-01
6.969665653572763020e-01
3.913228822109713345e-01
-4.166309787300005452e-01
-7.155071577323961485e-01
4.895129888691691078e-01
6.526432456933859427e-01
3.553318144572778503e-01
-4.897448166911561040e-02
-1.404933946138336442e-01
-3.499581884751165051e-01
2.066517937785335157e-01
-3.756857684365823569e-01
-2.277866043480979708e-01
5.238152412329513119e-01
-2.727446977326225541e-02
-3.130144783898369809e-01
-1.925816494137820578e-01
3.210829546911870280e-01
-2.377093563907961560e-01
2.061088703019281210e-01
4.049865990816935435e-01
-3.162174787002700049e-02
-9.454546276723543863e-02
4.717023159709506364e-01
4.313835391745839964e-01
-2.786096025583037483e-01
6.189481644428118656e-02
3.252331379347352946e-01
6.678548771266609174e-01
3.868685296162395204e-01
-3.788941723934490247e-01
-7.245612101314139464e-01
-1.521422598319056019e-01
9.634329957308269687e-01
6.889897870868250118e-02
-3.267632769433134188e-01
1.547709362703080793e-01
1.688962570871494484e-01
3.285115102410965382e-02
8.247416236318327876e-01
-4.169317532159085848e-01
1.000000000000000000e+00
-1.000000000000000000e+00
3.035112654376092012e-01
8.516620505668832664e-01
1.421979938369031804e-01
-5.519605947461654338e-01
-4.085009215987562281e-01
5.789503087198832887e-01
9.175562389636696126e-03
1.991125188762053466e-01
