2.289976641500007792e-02
7.200505822574286841e-01
2.017359184962571328e-01
-1.965073908374740941e-01
-4.488151190392110634e-01
1.828420684550305930e-01
-1.000000000000000000e+00
9.501657560459582097e-01
-1.379380668634367368e-01
-7.623288431016334021e-02
9.466642149381184757e-01
-4.214100357453489654e-01
-4.258051146387963337e-01
5.117876752602305013e-01
1.204888311597622219e-01
6.072316650056203136e-01
7.028015798463006780e-02
2.235532665155506304e-01
5.758332359212663398e-01
-1.337717669843072332e-01
-8.079451905910617349e-02
3.517740277602190990e-01
-6.001298358535458455e-01
-9.353242293812670249e-01
-1.106967206648181296e-01
-9.283948839291372712e-01
4.911423366236113974e-01
2.042286125969957067e-01
1.737894145022490094e-02
5.359957290458480794e-02
-6.206918274035826411e-01
-1.334675561901789154e-01
5.668505061123164657e-01
2.230936050227206868e-01
4.139335652176048264e-01
1.074032652827537487e-01
-1.000000000000000000e+00
-4.733077970032176229e-02
-4.184674492647455502e-01
3.085465503090669900e-02
-4.824336801893776006e-01
7.829907459113774060e-01
-5.934216297397535422e-01
-1.551374982530566160e-01
7.426962193746663998e-02
-6.328817938981683433e-01
1.000000000000000000e+00
8.231401876738628776e-01
7.687361375555519516e-02
-2.957619739568859152e-01
4.251015716736732813e-03
-7.359190162717581529e-01
-2.905732910015308423e-01
-4.553782568035224521e-01
-1.259764411436858356e-01
2.368032810179806769e-01
-8.477062207284799533e-02
-2.827348961447866821e-02
-9.042721281505495812e-01
9.318488037602403740e-01
2.456576804611868559e-01
9.392435993884999945e-01
6.156912474576676786e-01
-1.371993453154100595e-01
-9.315862300936330609e-01
9.646080269056975937e-03
2.250126536042126868e-01
9.552986036254862423e-02
-4.932851456352929653e-01
-1.271511760043569361e-01
4.891259142901923096e-01
-9.070687510276536081e-01
1.000000000000000000e+00
-5.468665721712377970e-01
-5.964768510573466020e-01
7.393893111137481711e-01
6.939048043452694658e-01
1.594863458457853600e-01
-2.889530240471679390e-01
-1.000000000000000000e+00
-3.957211471919903911e-02
-1.674075837382081600e-01
-6.186326481935044974e-01
-4.583523382861788287e-01
2.002528933771608177e-01
-5.384139081737793209e-01
-1.000000000000000000e+00
4.369110536714551074e-01
1.000000000000000000e+00
5.893960952029209110e-01
-6.342459766678855138e-01
1.000000000000000000e+00
-3.204189368010580408e-01
-6.970232496939086086e-01
1.175488848085030624e-01
-4.309211349218271536e-01
1.000000000000000000e+00
5.190000807981243192e-01
-3.416224191151539524e-01
2.684304198593637225e-01
-7.804079444176756919e-01
3.445797201201845628e-01
1.630496893709919570e-01
-4.725757492165096330e-01
2.191556362584827222e-01
-5.857142080298154418e-01
3.358414728082395051e-01
-5.658515794682448252e-01
1.497232556400469872e-01
3.618451659789609365e-01
6.227462362178380895e-01
2.298516653944538690e-01
-1.000000000000000000e+00
4.355235010904220938e-01
-4.016335698377249130e-02
9.853913204024217221e-01
5.753250569893291200e-01
-1.382198215332768598e-01
1.000000000000000000e+00
8.168897300756394753e-01
-1.178815725997048175e-01
-1.033113350216713910e-01
1.404975571350669528e-01
1.000000000000000000e+00
-9.100881358565761081e-01
7.378622573284521202e-01
1.086781319098918397e-01
2.107066139787244219e-01
-4.606203484495084433e-01
2.148707111015161209e-01
-7.511111264834427481e-02
1.984617461275663131e-01
-3.319000225803231952e-01
-1.342865105442053175e-01
5.800147851309680469e-01
-9.559287038952728466e-01
-7.578931007948359611e-01
-1.436570698919975020e-01
-8.953666679685888807e-01
7.313920438881850172e-01
-7.932899400199261430e-02
-9.206071430094846519e-01
1.676204401690045143e-01
-7.438840613671954261e-01
-5.177796608630481634e-01
6.732403958267890731e-01
9.390492672390170492e-01
-5.612965174807429958e-03
2.608668741709597727e-01
1.614371942141524241e-01
-7.142512242275271539e-02
9.353891276547255940e-01
-2.807118229504782514e-01
1.535579180867884808e-01
-3.731735066147718327e-01
-6.354969035877585659e-01
6.171208320671901504e-01
-3.817731460709545832e-01
-5.704576999376590463e-01
-1.000000000000000000e+00
1.905200147326753801e-01
1.000000000000000000e+00
5.420202063478614107e-01
2.521275986308640360e-01
1.000000000000000000e+00
-5.182373716671691000e-01
-1.735443153009285158e-02
3.819043530849486889e-01
-9.212510669318781931e-01
-4.225394632226710523e-01
9.805770349936469010e-01
-1.563912442806279432e-02
-2.544111905259460737e-02
-7.037811005885423743e-01
7.321879253457270753e-01
1.595798099478945575e-02
7.722846438928671065e-01
9.231720624176785739e-01
1.010652300778318823e-02
-1.372911260436198710e-01
1.116078008325669113e-01
-3.741306709564506394e-01
4.746757023980658491e-03
-1.473655650522535943e-01
5.493610686112057051e-01
2.388745694314877710e-01
-2.059252064876000432e-01
1.853135908966886403e-01
-2.154723353642142292e-01
-4.841275353530573589e-01
5.563299782155328721e-02
-7.447040661429786823e-01
6.840585098524953889e-01
-1.417342354621038969e-01
1.366274623808892974e-01
1.664957160303658090e-01
-4.593020870461193006e-01
7.511097232644671218e-01
-2.551991749221472205e-01
-5.678032377339691655e-02
-1.287896624128195833e-01
1.557707643574903211e-01
8.748749654126760644e-01
5.414246084628869804e-01
5.802224506747288846e-02
1.059749379327432905e-01
4.193647414692308062e-01
6.849379508853417065e-01
-1.522374685364439595e-01
-7.459857894421695335e-02
-6.240725532182157531e-01
-6.383097811608736682e-01
5.493796659074375865e-01
1.000000000000000000e+00
3.022177794375651150e-01
2.635264249602246589e-01
-3.097833952359925203e-01
5.569918214254546696e-01
9.303417494662666876e-01
6.684108609442006577e-01
-1.000000000000000000e+00
-8.667431072165375505e-02
3.151551193769037695e-01
-1.000000000000000000e+00
4.820481118097079132e-01
-1.000000000000000000e+00
-1.364793858309086561e-01
4.748892118242279414e-01
1.625672815095990376e-01
1.120966726220750109e-01
7.594903658292334603e-02
3.201027840803241098e-01
1.995531963697992350e-01
9.949211556490136221e-01
-4.263215935191818629e-01
-2.282468898372718158e-01
-6.811823403169124658e-02
-1.000000000000000000e+00
-8.829568589306561188e-01
-4.097225705602593471e-01
-1.000000000000000000e+00
-5.217183169953951705e-01
-1.354575730827414781e-01
3.331981727874832044e-01
-4.209669268152099186e-01
-5.110056705633605478e-01
2.813685492715430891e-01
-9.520104858580947793e-01
-5.670888250374443995e-01
-1.000000000000000000e+00
5.284437116509942411e-01
-1.049429922004437854e-01
-1.179218350563205064e-01
7.787676748970062679e-01
9.541414543001174309e-01
8.914756667322472072e-01
1.000000000000000000e+00
-4.669539949148924229e-01
2.675375064450955520e-01
-2.199251965647837648e-01
-5.443257430495240801e-01
8.144448338876802973e-02
3.388124311991788096e-01
-2.777485579495104218e-01
4.755677193895932464e-01
