1.412935019902430145e-01
1.418103627188724292e-01
4.216079199275996059e-03
-2.549408231979714001e-01
-2.746896634789054992e-01
-4.136068213133671789e-01
4.639671412050852539e-02
-8.616622346244516839e-01
5.264771603171704978e-02
-4.304869563969144775e-01
-3.939769982759941946e-01
-1.564250080375144403e-01
1.806010943196347807e-01
2.281095466121028648e-01
2.943076868222222614e-02
-2.411524146805299473e-02
-3.202868155694271746e-01
-8.305846979533840768e-01
-1.670229808882651712e-01
1.451073432036336097e-01
6.928289304328789644e-01
-4.389042332738579688e-01
1.706723583620579077e-01
7.760110166881801774e-01
-6.199122284136477923e-01
1.000000000000000000e+00
5.166367582166899730e-01
-2.106375404719585953e-01
-5.295321033080533368e-01
1.214122982204035306e-01
-2.676798046714730095e-01
4.730454335353756479e-02
-2.948268764275782661e-02
-9.524566946243158139e-01
8.457741042858036851e-01
1.383911943745207984e-01
-3.268321649703359588e-02
7.751384278666907379e-01
-9.170601189748878168e-02
-4.382811894174396539e-01
7.595275817842063182e-01
5.027012537978133855e-01
-3.193067948787681742e-01
-8.111976434788107371e-01
9.079988315842522917e-02
-1.710201998628658460e-01
2.061618545999713004e-01
8.045663784280385755e-01
2.430557096924442495e-01
-5.239622895047653106e-01
1.302478651731132642e-01
-1.619961467575197211e-01
-1.984290459205104440e-01
-4.999050717532615984e-02
-1.000000000000000000e+00
4.582316610443714078e-01
7.642157283459708461e-01
-9.976271510428011968e-01
-2.096946861467476886e-01
-1.234231022069846861e-01
-6.673631365004076277e-02
5.941674814296000751e-01
7.917676633744602510e-02
-3.025717642959575571e-01
6.024341668928866467e-01
-6.223113233377146614e-01
-5.837747856716023476e-01
9.523407965405898679e-02
2.479529631884497820e-01
9.588209194150819625e-01
-5.591874011427895586e-02
-3.076677956908301440e-02
8.199943054758021543e-02
3.445498134811374180e-02
-8.947410248506665331e-01
-1.724751758763832243e-01
-4.796975914705906008e-01
3.902863949731594229e-01
-7.978700622075704518e-02
4.834958300378239954e-02
2.047041825789907010e-01
2.743214795116336036e-01
-1.965634844793448799e-01
-6.755617992330922861e-02
8.525490509957218688e-01
-5.797801222155562345e-02
-1.783306737611212167e-01
1.004045175098400300e-02
7.365748017651390089e-01
9.429779689861292891e-01
-6.522048770454128355e-03
4.516466237985072851e-01
2.822745346805465294e-01
7.105294387742337736e-02
1.030239499918524232e-01
4.969156731460790954e-01
5.563683752214725331e-01
2.716025523960582388e-01
-6.129646956581591422e-02
-1.000000000000000000e+00
-2.543129785186248326e-01
-3.162190358076016339e-01
8.587744738833891223e-01
7.646602566247107102e-01
1.000000000000000000e+00
3.461293182901669652e-01
-5.353644117184174211e-01
1.000000000000000000e+00
-1.589315329543373456e-01
-9.119451028811574600e-02
-1.081182030092890933e-01
2.751243796543643705e-01
1.000000000000000000e+00
-4.043801244967962227e-02
-2.213328657570428626e-01
-5.725600732185737174e-01
-5.679380850928790192e-01
-4.160940979652744814e-02
1.292050484062168270e-01
-7.858292358397012123e-02
-1.126460566935192503e-01
-3.485869034958810619e-01
1.085541062423792391e-01
-3.650898080197522155e-01
1.000000000000000000e+00
2.146431168293010949e-01
-5.206375073103455264e-01
-2.450497917924284938e-02
1.000000000000000000e+00
-7.444259041539769139e-01
1.000000000000000000e+00
-7.493962066171654390e-01
1.000000000000000000e+00
-1.000000000000000000e+00
-1.881056389044951371e-01
1.855331310853052529e-01
-3.476882742128302173e-01
-1.488750003732363103e-01
-3.767392414368362363e-01
-3.811719320636325348e-01
-1.068859052912767282e-01
1.553000410700475231e-01
6.468472369698028412e-01
7.702019285029678697e-01
-3.799709112112262255e-03
3.380600415445819129e-01
-2.281768879420466578e-01
4.132852053285184651e-02
-4.951929184230061121e-01
-1.279655235081728903e-01
2.607439228874529336e-02
7.871352871862404010e-02
7.204041822756344082e-01
3.064386250029297321e-01
5.954193044236297250e-02
-2.962468675382289862e-01
8.452643880091926798e-01
-1.009792668936576043e-01
5.610044912039283682e-01
3.893379133015912874e-01
4.228136268797909603e-01
2.740435034746038778e-02
3.193415388978956271e-01
-7.995769399249329501e-01
-1.000000000000000000e+00
4.516237280828371836e-01
5.079035739525364912e-01
4.729877222669133241e-01
-8.877141573241240646e-01
-4.153136227312018702e-01
2.430104319046128836e-01
3.502909841410940528e-01
-1.188382899432918194e-01
1.006191515272422399e-01
6.935917706114338444e-01
-5.706939889476242422e-01
1.000000000000000000e+00
-1.000000000000000000e+00
-6.545653184274944358e-01
3.598705640811182827e-01
7.037811878617116212e-01
5.036948911146376107e-01
6.781587143769403359e-02
1.958304389416593017e-02
4.368320129170109589e-01
-7.805326896671049841e-01
-2.492663644611711471e-01
7.763103501556766206e-01
-1.000000000000000000e+00
-1.431632430879985762e-01
-1.949237998495371160e-01
8.514489331195526645e-02
6.149469663225127780e-01
-2.086703675526146162e-01
-2.586287502475109190e-01
-3.860218865404537181e-01
1.409607707030357815e-01
-3.068940122417685434e-01
-4.051220351075583981e-01
-4.838478697553653951e-02
5.239869552441646094e-01
-1.954587850805495353e-01
5.993283147756600648e-01
-5.046854252812736918e-01
-1.280365576863541355e-01
-6.005199691969558273e-01
8.716265640604058396e-01
5.077787545448428919e-01
-5.684087149392941241e-01
1.738475388561630808e-01
4.557567252643752731e-01
-2.768191840821070393e-01
-5.541274850281190378e-01
-3.691198423172779575e-01
2.377412607384407905e-01
-6.128485539800475612e-01
-3.640453601423450369e-02
7.989337118256230053e-01
5.669882047821082072e-01
5.802388851514045376e-03
-4.986739589734799916e-01
-4.411029511289520366e-01
-5.547379331410427772e-02
2.754054117126271128e-01
9.204555818515230969e-01
-6.856623680298857826e-01
-9.406896904278494453e-01
-2.385309885370535676e-01
6.107649391088003643e-01
6.037672036394638175e-02
5.040856963037917415e-01
8.116450559247757601e-01
-8.422157000545830302e-03
-4.912269271543422133e-02
-1.778520623817269608e-01
-4.281696666356956671e-01
2.264396323351798301e-01
1.150876012975643459e-02
1.061047178431252513e-01
4.630434592235173064e-01
3.240068520501302451e-01
8.416684357998273081e-01
1.000000000000000000e+00
-3.002649922325226206e-01
-1.000000000000000000e+00
-3.059114875060351402e-01
3.127497223653745162e-01
4.378345298170647770e-01
5.195766018451147827e-01
-1.454805296159664973e-01
-5.449614572593776129e-01
3.041940070126411544e-02
4.162582976395321488e-01
3.218373215871028759e-01
3.612228467263319809e-01
8.463075886777300383e-01
-4.567846495226611236e-01
-1.528760422063152880e-01
3.514190367661860215e-01
-4.269247279182810662e-01
-5.789588303329198382e-01
-7.075526837092879773e-03
1.000000000000000000e+00
5.278570914195501729e-01
-6.802176339952461515e-01
