9.292060746594534015e-03
4.077423690767363884e-01
3.484978958426370177e-01
-4.919950285466440643e-01
-4.366204745685271504e-01
-9.461038987648923149e-02
-3.965723825772279887e-02
1.000000000000000000e+00
-1.000000000000000000e+00
-6.307875225610219960e-01
1.896077149560768671e-01
4.236801856055892879e-01
-1.765119983852008190e-01
5.150514753687387426e-01
7.898478210825826684e-01
-3.054366714298742402e-02
-1.296044081530762504e-01
-1.224364162533906203e-01
-2.443825640031603297e-01
-4.729777128134414477e-02
-1.000000000000000000e+00
9.639979900213073438e-02
-3.793449442235975744e-02
1.000000000000000000e+00
-2.543116111248978628e-01
1.787898661447175908e-01
-3.930520566711374619e-01
2.560829376638769084e-01
1.035505976837997055e-01
3.464122859550485822e-01
-8.231970813766466277e-02
2.295397190376396168e-01
-2.172669438364202010e-01
4.238910579621588681e-01
-6.040050881209084732e-01
-5.740016077108789361e-01
1.351628000839311672e-01
-5.642490103479683161e-02
-4.880316317926431946e-01
-8.359035223936690517e-01
1.755406312146088887e-01
6.894665091608457308e-01
-2.211719934665193898e-01
3.147082515619950560e-01
-8.447393454056964512e-02
-1.380877656788693231e-01
-2.764733166207121728e-01
1.861433955090283365e-01
-2.381022562790107433e-01
-4.341032071204301013e-01
1.000000000000000000e+00
-9.232400655735795159e-01
-1.189010036740150017e-01
7.919817760976135546e-01
-8.843347044741304286e-01
2.321848540566280317e-01
-4.863537628112076239e-01
7.832012103546170945e-03
7.512715708656717561e-01
2.145798206374872896e-01
-1.735701337613134165e-01
1.082392636648811662e-01
-6.396499234396020306e-01
-8.223044607910645620e-02
-6.642357577113570943e-02
-2.152058386127589373e-01
-2.090709128540091111e-01
-1.370832984526991483e-01
-1.000000000000000000e+00
-1.000000000000000000e+00
-6.557392069029008841e-01
4.015425500242877921e-01
-3.741687822617493775e-01
1.931797834880915610e-01
5.546174640222787389e-01
4.167995208044100730e-01
8.880888394014828380e-02
7.627608341003949688e-01
-6.236193779919344538e-01
-6.899791258668440397e-02
3.694803686374413532e-02
-2.714368592144655867e-01
2.234025044686325789e-01
8.128576819591581959e-02
-5.413277688042213986e-01
4.917017354066822998e-02
-8.228668726707435987e-02
5.341304333447787211e-01
5.103297463635078079e-01
-2.479790185305609795e-01
-1.481829811300967026e-01
6.584955698350496434e-01
3.886592351947225632e-01
-2.932574735953780154e-01
-2.305794353811985997e-01
-4.000215687684929855e-01
6.024535201627231329e-01
-1.256215761276461840e-01
-1.912935048739448363e-01
7.874194819798618905e-01
4.934033336812720383e-01
-4.584232663627859500e-02
1.439273813720370332e-01
-1.106796811932283242e-01
6.405637414724068002e-01
-1.781115322316253469e-01
-7.344956757469451869e-01
-6.368963900105509834e-01
1.000000000000000000e+00
3.776366990041042371e-01
1.416498937745842013e-01
1.819034207162346928e-01
-6.526134190365454613e-01
1.000000000000000000e+00
6.278244962652494987e-01
-3.076563883016393275e-01
4.037409739186169078e-01
1.812328696497781388e-01
-8.770351380513999873e-01
-3.866450851279261691e-01
-8.638489484603485702e-02
-2.584898486361377201e-01
-2.857103184651071937e-01
3.802116926327229751e-01
-3.716606935424507374e-01
-2.385994699951012599e-01
-1.644905578167088489e-01
1.480234011998665666e-02
4.329807926993008982e-01
-5.053466103437419532e-01
-6.370257718760158339e-01
-1.145018758406537301e-01
3.385307994776495244e-01
-1.000000000000000000e+00
-1.292373507905908714e-01
-6.296358278513707329e-01
5.428449543913235198e-01
4.158896153939599105e-01
-4.292926737159606931e-01
4.653292151731310833e-01
-4.057561405231023821e-01
1.688969593518078738e-01
-1.000000000000000000e+00
3.911454873328010784e-01
-2.378027285631145460e-01
3.743316355479211488e-01
2.550394724643095246e-01
8.210034958300792274e-02
5.109094140703365206e-01
-7.842495259234733007e-02
-6.792671584848457289e-02
-4.085732741294471060e-01
5.362292177254901482e-01
-3.848823510950960536e-01
4.460430045069131988e-01
-6.301670210513113934e-01
-4.247535786617563924e-01
5.157205861887601550e-01
-2.699460148047799213e-01
-8.827438257296004176e-01
6.815981493237506239e-01
-2.579931421627599808e-01
-6.183436430609441647e-02
9.028682083685959925e-02
-7.212718749808310070e-01
4.130307603342388278e-02
3.448543097071248287e-01
9.107360119459281811e-02
1.000000000000000000e+00
1.307224380016044907e-01
-6.618971892060335205e-02
-4.547257136476736128e-01
1.478337775526200604e-01
-6.878934056115955376e-02
1.851254503213033697e-01
1.349812063202875945e-01
3.119008472860517744e-01
7.310439473479670713e-01
2.214904812263059353e-01
5.599601825094092655e-01
1.000000000000000000e+00
-3.528926636661640637e-01
-4.359832136596848706e-02
8.741016949135908820e-02
-5.189125066924173968e-01
-8.075068510894144458e-01
-2.624707207721119206e-01
1.192732007899097030e-01
9.144464362640669641e-01
-3.051457580633833433e-01
6.914466454568012344e-01
5.102035123988512000e-01
1.723644035165790567e-01
8.746701954231378418e-02
-4.127643417801741821e-01
6.689005199260854573e-01
-5.228244081165392965e-01
-1.172639880407959356e-01
4.887654425992214446e-01
5.073113508736513122e-01
-3.753861554676916068e-01
6.526739619239281254e-01
2.462733942756954453e-01
8.690926656220439028e-01
-5.261596736833211441e-02
-6.848560456134462626e-01
1.364084887852426708e-01
-4.627389284849601214e-01
-1.477640081022100760e-01
-2.200456802048046390e-01
-3.257201716841916506e-01
-2.279338536040322327e-01
3.677548085969369329e-01
3.159140272963922302e-01
-2.045203444263764270e-01
-1.912134126195074724e-01
1.000000000000000000e+00
2.280438164568884818e-01
8.192334215479101234e-01
4.055509312253131604e-01
-2.602610163476316574e-01
-5.973663124197904351e-01
-1.596178769859184499e-01
-7.022082082261894842e-02
8.460682383141826524e-01
-8.617927745893477764e-02
-6.026597719562667432e-01
4.892414762242471293e-01
-1.391001400867584725e-01
2.379089756041110337e-01
-1.211831678579669558e-01
3.837075578873131443e-01
-3.508729309739969660e-01
1.189879289072176133e-01
8.403840979064933214e-02
-8.463937543901339788e-01
6.073050032620238431e-02
-2.650755913846543632e-01
-6.242804561229481353e-01
-3.432626155458154971e-01
-4.485488197791911991e-01
3.012481920293284543e-01
-1.899134851016229253e-01
-8.270698535159839992e-03
-3.860798542725512594e-01
-4.004452138401201067e-01
2.059396071836408493e-01
1.006041383730891248e-01
4.120862758771802747e-01
1.497611572091200327e-01
-5.564441820827494833e-01
-5.376740569655574786e-01
2.517854506578043328e-01
4.028788669722682680e-01
2.827599101172354468e-01
2.549572647480681797e-01
1.790656086378966672e-02
-4.495645103765863460e-03
5.666149299353219482e-02
1.245336923972170384e-01
-4.350407293795537089e-03
3.248695915384868238e-01
7.619517968574714140e-02
1.000000000000000000e+00
1.834604083444134892e-01
