4.411593884559272261e-01
-2.667156453485486911e-01
8.000363816381118598e-01
-1.159370746609163921e-01
6.665730243180946202e-01
2.062999104863083299e-01
-5.563052953269749523e-02
7.396380793163578327e-01
-4.202486976446753730e-01
4.353283848389431776e-02
8.824675707332875207e-01
1.919885086049705203e-01
4.078873078103169014e-01
3.263405929670022410e-01
-1.138012671179447349e-01
2.538535515201040260e-02
-5.952671081011781107e-01
5.932823711935378830e-01
2.249672503854349692e-01
1.102938386145890792e-01
1.000000000000000000e+00
-5.495973464695838029e-01
3.800124472370621231e-01
-2.863990383062391953e-01
-6.566681394564156671e-01
-8.284003714614902592e-01
-2.450430241799648745e-01
-2.975531013332138874e-01
-2.369953522499573806e-02
1.622079625455384866e-01
-5.543261335471822565e-02
-2.738698610619548779e-01
-6.769463053676565423e-01
6.235474591814328393e-01
-2.182360284925117522e-01
1.000000000000000000e+00
2.212850638771345357e-01
-6.312455470276623348e-01
-5.696306615629361664e-03
-3.892262422041804504e-01
7.868944742885840560e-01
-7.175965638020600501e-01
1.878124313702871917e-01
-1.701231167954204704e-01
6.551715170430865154e-01
1.000000000000000000e+00
2.655481080873505206e-01
4.064000107049929589e-03
9.266646265159356188e-01
-8.239829906854725938e-02
3.617373732636817718e-01
4.248876787021766965e-01
5.194446681925164455e-01
-1.000000000000000000e+00
-4.530335134473572056e-01
-3.078406628373919207e-01
-4.315680987010432901e-01
7.608925378356070635e-01
-1.942617185302368266e-01
2.050392289311231409e-02
-5.324874463148280279e-01
-3.262266870314103340e-01
-7.170883369987974820e-01
3.657976876285874979e-01
5.440997864306040821e-02
-8.299606594924556768e-01
8.711470873201075937e-01
-8.404426031836531585e-02
1.506963468026477349e-01
1.927441229300439762e-01
7.974812948621818887e-01
2.311234018089203812e-01
1.623161164122984834e-01
-5.694737944608377900e-01
1.509181981027679087e-01
-8.628492491926507135e-01
6.499885570841019700e-01
1.000000000000000000e+00
6.858223894744484017e-01
-1.717411034446492124e-02
8.944208772424919185e-02
1.000000000000000000e+00
-5.992841979257524931e-01
5.864258537437213592e-01
-8.058068591443871831e-02
-1.496764497709983099e-01
1.000000000000000000e+00
1.613286538917573787e-01
-6.543038426720177991e-01
-1.000000000000000000e+00
-4.980041446561968010e-01
5.596719328753254619e-01
1.000000000000000000e+00
-6.481513452160623245e-01
-5.685946117116119636e-01
3.558472185274641486e-01
-9.478305000880413722e-01
8.686748460220268253e-01
-6.175315758207975403e-01
-2.916620830803611786e-01
2.190866798121431924e-01
4.318362794927217974e-01
4.665912143170562743e-02
7.042999476903453182e-01
-1.525084805194278775e-03
6.890922016068105060e-01
-5.731011677490913669e-01
2.090896486118847819e-01
-8.122503377601068830e-02
-6.106604765096300680e-01
4.573287841236090001e-03
3.203484841035359465e-01
-2.106289111648284029e-01
-6.372681160895483643e-01
7.823690338503126451e-01
2.959823273061992221e-01
6.977744261851813734e-01
-6.977911488001409257e-01
-2.917050408787674187e-01
5.293149286286364941e-01
3.481026251877209488e-01
1.294334179629018922e-01
1.218897429100929963e-01
5.232948802144442579e-01
4.400088125097033342e-03
-5.268289678802509091e-01
-1.191411550366123229e-01
3.931814060628365248e-01
3.551035320435861342e-01
9.297308896352843299e-03
-6.183053942755863952e-01
-6.295133340468826999e-01
-3.733903751609071731e-02
-1.000000000000000000e+00
-3.925790125264675412e-01
-5.939612614028263460e-01
4.528745400822328793e-01
-4.457837933120504248e-01
1.000000000000000000e+00
3.070445760524368461e-01
3.525277788170209925e-03
-2.469381389020809392e-01
2.639222474670389063e-01
-5.896778694682913713e-01
2.997386119196155940e-01
5.739352357134923643e-01
-1.000000000000000000e+00
-8.625398311963559939e-02
-1.411430800158969823e-01
-1.022854910120292171e-01
2.624937632618953298e-01
7.152559526547562774e-01
4.711858400110697787e-01
1.000000000000000000e+00
-2.502103550418301459e-01
-2.064098275375532421e-01
1.521985917802192723e-01
2.351650136635249078e-01
1.752377544737523940e-01
4.467399468319537270e-01
-7.941150380751965665e-03
-3.664101452709913054e-01
-6.591092285565172126e-01
-1.000000000000000000e+00
-3.646449833427091725e-01
6.377865362972449104e-01
1.000000000000000000e+00
-1.000000000000000000e+00
-5.267090703580021294e-02
-6.877748800394073436e-02
-3.031543844059111370e-01
-6.722478361850727779e-01
4.895723120312687748e-01
-3.932652348544663640e-02
6.173217885319823850e-01
-1.000000000000000000e+00
-1.680143602433433747e-01
-8.205263895813685870e-02
2.206476092210983286e-01
-6.611870430210021743e-01
-1.000000000000000000e+00
1.449335735006633263e-01
7.094312185364701762e-01
7.829541539015273666e-02
-8.752993106109885346e-03
-5.577324389814470873e-01
-1.154584828519056652e-02
3.151194159176606141e-02
-6.078370814323312832e-01
-4.684870521781192565e-01
5.961620365680399269e-02
4.722985395287939703e-01
-1.693772910479776073e-01
1.000000000000000000e+00
4.200402211148484000e-01
-2.206883742722195174e-01
5.830197220368021904e-01
9.413249655622940582e-01
2.565040978578081443e-02
5.825497787040807562e-01
-7.451502743162025100e-01
-9.962156338628485042e-01
6.535628802837168960e-01
-3.146738396176754771e-01
5.302350146016876486e-01
-5.705177242740493426e-01
1.751306280753941180e-01
4.495044258515091817e-01
-3.828804574810588668e-01
8.562590358467511154e-01
2.473062848291343596e-01
-5.088822182223208257e-01
-1.000000000000000000e+00
8.636909454772540018e-01
-3.509441089210922904e-01
2.967264052398080887e-01
-4.732245661735209330e-01
5.462872559213779455e-01
-8.743090701913651397e-02
-1.057453125747737505e-01
-7.881573454337476026e-01
-2.680362268120239366e-01
-2.444657642438686218e-01
6.439051990728408281e-01
1.000000000000000000e+00
-3.361258377708904455e-01
5.531283308551164790e-01
1.000000000000000000e+00
4.973706286480957250e-01
1.000000000000000000e+00
1.501122076807986927e-01
3.724704921972435412e-01
-3.712703139944411590e-01
-7.752740569345810684e-01
1.524932305563198587e-01
-3.354172546798818710e-01
-6.700131898740016578e-02
-2.048276462260888997e-01
1.000000000000000000e+00
5.726324647280851554e-01
-8.856874216168222902e-02
-1.000000000000000000e+00
3.392144212854717455e-01
9.516949690609977086e-02
1.205316101184729094e-01
-7.534818741724861324e-01
1.683315773876555566e-01
7.179040540082493038e-01
7.949502540074679935e-01
2.349600937829383063e-01
-1.000000000000000000e+00
3.201119534743819828e-01
1.341518116157487395e-01
1.865389635492142040e-01
9.913857229027300821e-02
-6.665202728333018134e-02
6.757577914717562972e-01
2.109593358807730634e-02
5.528053114307001081e-01
-1.628877913288807044e-01
-2.581367689218452277e-01
-1.000000000000000000e+00
-3.763659302360075620e-02
1.000000000000000000e+00
-3.239950494911811307e-02
