3.538418352490209084e-01
2.750267470895079169e-01
7.269141361429591885e-01
-3.456190431942049446e-02
-3.091673821315397142e-01
-9.855968061123066004e-01
-7.693700112424900484e-02
2.001345524875964288e-01
-7.666099246342539253e-01
-2.933607416714240079e-01
-6.049359674953933563e-01
7.873395731172501133e-01
-1.746189808034468993e-01
2.657213232255815627e-01
4.859540377930722244e-01
-9.001470043330637161e-01
-1.714974297200819731e-01
1.389918408606306555e-01
-3.704378718659158409e-02
9.174502930206133167e-01
-9.617749198983639447e-01
-1.931603740873816255e-02
-5.957522935070519443e-02
9.322999729622239995e-01
-1.000000000000000000e+00
-1.341561454225580485e-01
-2.583221198456935874e-01
1.000000000000000000e+00
-1.000000000000000000e+00
-6.794897661342190753e-01
-8.868038214685796117e-01
9.558014347598398075e-02
7.332082442409054018e-03
-3.378549357026461308e-01
-7.626423599825713495e-01
-1.054921177314553510e-01
6.724788607242361271e-01
4.191097396349409143e-01
-2.596267190292100846e-03
-1.315997362344066279e-01
-1.930102936683085191e-01
-9.796240196347336116e-02
-2.977947959363791419e-03
-6.109890608425955216e-03
-9.965683665024546722e-02
-2.852466259225611145e-01
-1.339996228181903892e-01
1.267061706685795527e-02
3.699169272076759940e-01
-6.119449275970590962e-01
-4.446326007228248445e-01
-3.963371904411355784e-01
-6.098014106457785299e-01
-5.753020993134018157e-01
-3.247421205328345772e-01
1.000000000000000000e+00
-8.502771875371671895e-01
1.187032258923335359e-01
-3.112597776601730981e-01
1.031913357146955201e-01
8.813840843903969491e-01
-2.015580297439576174e-01
6.005231807333548666e-01
-2.895411284777757999e-01
-1.607202318479009073e-01
-9.685940391265734917e-01
3.084397380291783453e-01
1.000000000000000000e+00
4.525614369998856024e-01
-5.973142576767396239e-01
7.418152371537898304e-01
-2.573939050011286311e-01
-7.431988962205089422e-01
3.474586191950129743e-02
-3.136326137910569467e-02
-5.862578464158378910e-01
8.143603734711557518e-01
-1.281214247892102365e-01
1.947882566901324719e-01
-8.144094039866018875e-01
-2.671885681071498597e-01
-6.560704529380022576e-01
-6.576956925981504165e-01
-4.807427675207422424e-01
3.586070579067289765e-01
2.089664646871240428e-01
-1.000000000000000000e+00
4.564063269644424992e-02
3.655193235765344384e-01
6.965268063658720532e-01
3.350740622279726466e-01
3.671247010047888337e-01
-2.456209456376834410e-01
-1.275913276612049563e-01
1.000000000000000000e+00
3.223465431565573081e-01
2.150961317854857002e-01
-5.241947885232716153e-01
-2.126158319682099757e-02
4.036704999707904640e-02
3.137212579610282326e-01
7.013628075710359733e-02
-1.913682184913836903e-01
-2.349326947783279551e-01
-1.000000000000000000e+00
-4.726362431139401465e-01
3.249833181117124381e-01
5.974163246981906150e-01
1.000000000000000000e+00
8.849663919212427121e-01
1.000000000000000000e+00
-7.276371972525605969e-01
5.385380787944665792e-02
4.762748518763239569e-01
5.142414036633085050e-01
8.408334399754169297e-01
-7.223844074911426327e-01
6.555958240952847182e-01
-1.306392476490179366e-01
1.862352917034769406e-01
8.146999909481512647e-01
-1.027984553403500229e-01
1.000000000000000000e+00
6.898033035805920532e-01
-3.476226481296661452e-01
-9.849353679365259184e-01
-1.719829249027786111e-01
-2.586100280152863751e-01
4.621463900913547196e-01
-1.000000000000000000e+00
-1.000000000000000000e+00
-1.334326816743379718e-01
-7.937159780278867371e-01
1.491360499374244086e-01
6.652968301759647485e-01
1.451698942865494724e-01
-5.447416911726271627e-01
-7.202726954675695015e-02
1.000000000000000000e+00
-4.448158371778134224e-01
5.348311765620308300e-01
-3.447092759800851614e-01
7.469381892311737214e-01
3.300660639031808286e-01
7.122066890499105796e-01
5.659834414631570443e-01
1.419441811663400832e-01
4.759738730439804222e-01
4.977408497041047042e-01
2.943186667821884317e-01
-1.000000000000000000e+00
5.097109801356688452e-01
2.538695235487068436e-01
3.853117302559315172e-01
-8.116944167434736457e-02
1.724237148232443118e-01
-9.152209198329334106e-01
3.742279419557756892e-01
-4.029067929623687538e-01
2.804268289213373011e-01
-1.000000000000000000e+00
7.086548649403938693e-01
-3.294680853771250750e-01
-2.842049879021749659e-01
-8.887760713536574375e-02
-1.449434123524092830e-02
-7.916485448889685195e-01
5.687004094196053128e-01
-5.421686885205704298e-01
9.815809080692734501e-01
1.369390647276774731e-01
2.446169218864821526e-02
9.406200444289525286e-02
-9.650581184577875504e-01
5.769463450566451046e-01
-5.982199738359519348e-01
-2.151122105099927406e-01
2.889831047187334523e-01
3.444426005750209629e-01
-2.531417967907793887e-02
-7.556963544741014394e-01
-3.558516393266187849e-01
-1.937473401689940866e-01
-4.122975519772521524e-01
-9.086782740297663086e-01
9.189402358648871005e-02
6.871747372731760173e-01
7.839899653720048267e-01
6.007713449946322504e-02
2.031329557044104506e-01
-6.821403448342946985e-02
5.390443403678651935e-01
2.041667378158426305e-01
-9.308174965845217308e-02
-3.667591512074232507e-01
-2.817892450346201616e-02
8.223381414397459288e-01
4.236622784068711511e-01
9.042567302727728684e-01
-9.316523227511182281e-02
-7.893141316966537646e-01
-8.724201052038840776e-02
-1.108845132153979118e-01
-2.848862452497357145e-01
6.291568522987837087e-01
1.712912291648871765e-01
-6.488936282804566580e-02
-1.429923807735860586e-01
-2.521424427620758135e-01
-2.196021230172300609e-01
-1.000000000000000000e+00
-7.816842021542598218e-01
1.680413000490477149e-01
-1.373354903622587275e-01
3.840603589843505361e-03
8.712017678142311983e-01
3.207140683408394866e-01
5.611985853643933764e-01
1.000000000000000000e+00
-1.968352478251078619e-02
-3.232298477440012641e-01
4.996141269284742892e-02
6.648475001459390743e-01
-2.608099094448064204e-01
3.352095357360612704e-01
4.612741426633514275e-01
-3.969910585583544815e-01
-4.897945701310711941e-01
6.504751320857951047e-01
-2.243313094592524481e-01
3.136189324434180414e-01
-6.706154610654686543e-01
2.263803595462750007e-01
9.176259703034989057e-01
-2.829582902405143874e-01
-2.429954112175031211e-01
5.932268424206826873e-01
1.969018652686004844e-01
8.739079485072362985e-01
6.271796267827156601e-02
-1.000000000000000000e+00
-4.242968912920325186e-02
9.603813472291957698e-01
6.443798788254050391e-01
6.388586636499995475e-01
-8.976344867680289275e-01
-6.056007610412308395e-01
3.102563101786821043e-01
8.620684557795915692e-01
-7.542537175384133041e-01
-1.597965373204634706e-02
-8.165988766580992153e-02
2.347863972534879606e-01
-7.068701104070189700e-01
1.881451293417832349e-01
-5.543839400860064437e-01
-2.864185615614051605e-01
2.961713118066122141e-01
-1.847146346053213373e-02
8.587647213832407811e-01
3.956151610040073430e-01
1.916279994616004734e-01
-4.778936898225970564e-01
-5.014321633148676183e-01
3.607092413351725702e-01
