-4.989759787929218260e-03
6.969920406606424645e-01
-6.936034056988424901e-01
1.510251806808020625e-01
-1.128042936702102761e-01
-2.678362159553584476e-01
-3.115350048471580147e-01
2.388987277321606428e-01
-7.845282625339029814e-02
5.979230636667617893e-02
3.597392323895868271e-01
5.108365408089703408e-01
-4.117851528478197465e-02
1.000000000000000000e+00
-1.805251362672760651e-02
1.000000000000000000e+00
3.455342907046187739e-01
-4.626973163502234865e-02
7.768759124446610320e-01
2.044777593685492278e-01
8.107698082841063858e-02
2.140181609902526150e-01
-1.481761167363739307e-01
1.648661499563969512e-01
5.081813008581388402e-01
2.172474332889588189e-01
1.670153393071139025e-01
2.567186761904347581e-01
3.756202237624323842e-02
-8.194408406715802951e-01
1.632594742542776700e-01
-5.674957858059721527e-01
-1.000000000000000000e+00
1.913176344045943444e-01
2.130792646524304335e-01
3.411946663212558906e-01
7.220472489284390782e-02
7.920333862635234867e-01
-1.000000000000000000e+00
-1.051108270602521266e-01
-2.372235062879909928e-01
2.096743247467299787e-01
6.855042087589767741e-01
-2.069065919553761956e-01
1.934411862009377536e-03
-4.099044535108204990e-01
1.425800285748085594e-02
8.699685159516300503e-01
1.204278318528798769e-01
1.109701978550810819e-01
2.709845749906780177e-01
3.080363930957948915e-01
2.548891177556836807e-01
-5.136359250227387485e-03
-2.831860215350818777e-01
8.726522216005043742e-01
-7.937226886721521213e-02
2.883004359695803265e-01
1.243288296323121350e-01
-1.517795540189118553e-01
2.413340379669507985e-01
2.043122277077512039e-01
-3.536261740643229512e-01
-1.899424511241093183e-01
-4.840162472357432272e-02
3.689073187232858042e-02
-9.899547944476250194e-02
-2.152673344828797131e-01
-5.293395509215539363e-01
-3.700779792072894647e-03
6.524027668210969910e-01
1.802012131969316089e-01
-1.323624003656900805e-01
3.226834300171475822e-02
-1.215342859834939171e-01
5.062105176559995867e-02
-4.914395085612442982e-01
-2.966736208895572047e-02
2.636544638134562524e-01
1.388577011807898831e-01
4.984623809159081098e-01
-3.138286662701517127e-01
-3.414985791913398572e-01
2.023124315712090393e-01
4.361349914594364607e-02
-6.141738183044687105e-01
-1.302176723449917917e-01
-6.285473887929999837e-01
-5.437390067789282799e-02
5.951188401328046940e-01
-7.565861689833308645e-03
-8.929572099363544124e-01
-4.691790794868869741e-01
-1.544154671777794308e-01
1.433691791657149550e-01
-3.029396290077119303e-01
-2.621265362279198152e-01
4.799981607467247446e-01
-1.098820968465809567e-01
-2.258194782642183318e-01
-3.855105585984544003e-01
9.481092091258749854e-02
5.047953199074534103e-01
-1.000000000000000000e+00
-3.561640464196642597e-01
-3.268452277298965480e-01
-3.661091812298443715e-01
-1.000000000000000000e+00
-1.458071108398821536e-01
3.075869139120575024e-01
-4.381739865251447208e-01
-6.661790663514474686e-02
-6.989970646739686044e-01
7.787987714255695249e-02
-1.000000000000000000e+00
8.749043518116412788e-01
4.459484857367338462e-01
-2.274248273135101306e-01
-2.430278653248562626e-01
1.102072782137694384e-01
4.818689022378955938e-02
5.574637998169102993e-01
7.747557657271640918e-01
7.788929775831827940e-02
4.448840082109773997e-01
8.289302531029969501e-01
2.779344241936796411e-01
1.791709712634774465e-02
-4.131770320218086656e-01
-4.140517544532315020e-01
2.915456578087775030e-01
2.838352839657859450e-01
-3.725297790434941581e-01
-1.121687821525468864e-01
-3.760265771569290538e-01
-9.093935137995162732e-01
-1.000000000000000000e+00
5.344833397248290874e-01
-5.456628911392302772e-01
3.567574026779801732e-01
4.654463587444876982e-01
8.303511706884062482e-01
7.942110394614116942e-01
-2.022675344528774011e-01
-2.515254125229617055e-02
3.979621328585839501e-01
2.194989050492673899e-03
-6.592774756703978500e-01
-2.304250473712865233e-01
2.672699597708799724e-01
-2.521199536303503352e-03
4.155817188587054289e-01
4.178268677635281203e-01
-2.696052874428042090e-01
6.554037649044072711e-02
-3.834386941461510601e-01
-5.831682960790137912e-03
1.000000000000000000e+00
-6.670249584265820486e-01
-7.724656953215447430e-03
2.339345832858585328e-01
-3.356090474684552127e-01
5.578214973111095265e-02
2.040278186927136916e-01
-3.947232913938196752e-01
8.686003245673119544e-01
-8.609792718064099848e-01
-3.343513021779722649e-01
8.994648199566476765e-02
2.541925898142458617e-01
6.235028942705831412e-01
4.954288192349047271e-01
-5.631509297821916948e-02
1.083679498201782498e-01
1.478765516675752678e-01
1.047968951531253606e-01
-3.922318810980250370e-01
-1.953256821912294217e-01
-7.351320797547758468e-03
3.614581333556535769e-01
1.000000000000000000e+00
3.660870324015303989e-01
3.453390077442630712e-02
-1.754539594033169558e-01
5.598207656212841332e-01
2.614942935450895178e-01
8.070704183799565223e-02
1.000000000000000000e+00
2.877533483441409023e-01
6.843801748944389196e-03
-5.318716767803299827e-01
4.246291668295180677e-01
-4.883463747367914332e-01
1.379217653628862783e-01
1.000000000000000000e+00
-1.306425557756950018e-01
-1.000000000000000000e+00
1.080770576826192708e-02
-3.496055516851852007e-01
2.192116294341343585e-01
-8.803575057707421769e-02
5.128486159921554766e-01
-1.382533533870664022e-01
1.109814625084526996e-01
-2.313522259026504213e-01
-1.853257432972603147e-01
3.037753853064502074e-01
1.095062999520654140e-01
-3.510823217185163325e-02
3.853054112664059394e-01
-1.412118781018163460e-01
-6.286900018882273233e-01
4.267675884317874702e-01
-2.765920919361064545e-03
-1.157631808774693127e-01
-4.601542202998584741e-01
-3.092191342902043671e-01
6.587837812845587226e-02
-2.896389145335730442e-01
7.176693360775996400e-01
-3.183049274501379422e-01
1.503384747432360558e-01
-7.075914966943433471e-02
-2.026171417466172964e-01
-3.567418939856179527e-01
-9.154165250776914731e-02
-8.531545395758427519e-02
-9.198986142199475635e-01
-3.048962273753601931e-02
7.886594359521263975e-01
3.125465343383885264e-01
-3.341913031351770869e-01
4.414022419145993692e-01
1.898684213088490114e-01
-1.304640265778112540e-01
-1.000000000000000000e+00
1.703277205105253322e-01
-7.526980511843108790e-01
1.000948397766212306e-01
-1.513389269481385524e-01
-4.836715657381319144e-01
1.005644399639141207e-03
1.919693798327501977e-01
3.801105687170714953e-01
2.319227598030608739e-01
-2.830192146283337928e-01
3.957923625648142596e-01
-6.253640828321601619e-01
1.270191154256897215e-01
7.347448410740850533e-02
4.181938963204369086e-01
3.128170032853148652e-01
6.772195223924044605e-01
1.135990818926107399e-01
3.256357760886032793e-01
-5.970607769922573471e-01
-1.000000000000000000e+00
3.360534803277534510e-01
2.418191445943004281e-01
4.073734576547783925e-01
1.626154225387742569e-01
-1.261725671133394067e-01
3.691436463687858827e-01
4.191091570537385236e-01
5.149267958962127079e-01
