4.168023201368071806e-01
-1.165521657315071735e-02
1.156104546641973790e-01
5.906690170454020894e-01
1.000000000000000000e+00
-1.537096838438618274e-01
1.000000000000000000e+00
-5.268856616824383332e-01
1.000000000000000000e+00
2.406080698513937410e-01
4.773429067910616719e-01
7.985409863798507979e-02
2.369289822428586878e-01
3.838845905559823413e-01
3.993233301533275492e-01
-6.324190319202005472e-03
-1.000000000000000000e+00
3.658093594612733535e-01
-5.124171413139024800e-01
5.068104922459841788e-01
2.408431394900334144e-01
1.201145883272965453e-01
3.651085627969172798e-01
-3.204043657985280458e-01
-1.000000000000000000e+00
1.000000000000000000e+00
1.499351416821633198e-01
-7.345676148009762374e-02
-3.071691041651105070e-01
3.536077321100865589e-01
-3.292819168023359833e-01
-2.548388255651078405e-01
4.025443529366164452e-01
-1.585733482439751207e-01
-5.377249983185039550e-01
1.091896050139752328e-01
8.837323159844800990e-01
4.659572922258107264e-01
5.400859757279813378e-01
3.002307561451422191e-01
1.664993572839035818e-01
1.920009883157625108e-02
-6.187577714516000471e-01
4.552778224021519771e-02
3.719698806559720156e-02
-5.035930184132842991e-01
-4.065110759336139079e-01
-2.449774077390943217e-01
6.718219523845492258e-03
-3.671258542862886748e-03
-9.874683902591842033e-01
-8.636115539628660964e-02
-4.447047325714273969e-01
3.598411269623082998e-01
5.162343790789637454e-01
-1.225222194369147977e-01
-6.280509501916982096e-01
-1.000000000000000000e+00
5.293812524991248214e-01
-4.742024462125190021e-01
1.000000000000000000e+00
-1.073665126232463685e-01
-3.594795928194968182e-01
-3.905096245424627410e-01
8.420582136262000361e-02
-1.099674988555519040e-01
-1.823620030247616042e-01
-1.740277074153331049e-01
-2.033645311871585537e-01
6.061205708437589212e-01
1.000000000000000000e+00
4.986418936252987044e-01
-1.000000000000000000e+00
-1.000000000000000000e+00
-3.998730941305281839e-01
-1.322220110074667776e-01
-2.099536747501304645e-01
-2.841810081668075805e-01
1.000000000000000000e+00
4.352161019137598119e-01
1.000000000000000000e+00
3.829874306419885355e-01
1.510067092553688539e-01
-1.621066374563033263e-01
-2.822628374388263528e-01
7.526664372095308586e-01
6.477080295152293221e-01
-5.414894319698239089e-01
7.371103629689061965e-01
1.917441882375623408e-01
4.309508967722256445e-01
2.670123870713255188e-01
4.452515503677357822e-01
-3.658573926402801657e-01
-2.028727367814583959e-01
4.412825911916471999e-01
-2.411664582210084062e-01
-3.818298012316729273e-01
4.440099231221815157e-01
7.996552264103922170e-01
5.238941868989726025e-01
8.649599158069323224e-01
-2.894272321426825667e-01
-1.000000000000000000e+00
-4.332719114938351490e-01
4.432901169057320567e-01
3.704177523297129127e-01
2.894683168108618254e-01
9.050923635582341920e-01
5.745549653317818528e-01
6.257306763298177144e-01
3.455862137265549583e-01
-6.324755703166216048e-01
4.785608657565251223e-01
1.001726721711450885e-01
-3.599168326112174854e-01
4.007464756880345091e-01
-1.315322129198270851e-02
-7.344355524891584830e-01
2.842727517950957572e-01
1.000000000000000000e+00
1.944937696040842101e-01
3.003014744056406449e-01
1.085483501996066524e-01
-5.804430852736043311e-01
5.653087907684862801e-01
3.959418039808310086e-02
-2.203407069802075791e-01
-3.448598692989824910e-01
-6.998817796161604932e-01
-2.577576648062348541e-01
-1.000000000000000000e+00
-3.752178235363726189e-01
3.683073195382694509e-01
3.775040517159521380e-01
-1.000000000000000000e+00
-6.163101043705682125e-02
1.000000000000000000e+00
4.028504727611409431e-02
8.872870136445203393e-01
4.384376166260913199e-01
4.064447832463697341e-01
-5.365334467861943707e-02
-3.774072220002128164e-01
3.421119383533092195e-01
4.496336666792327685e-02
-5.492335187434410626e-01
-3.491142107029364672e-01
2.611921598176338288e-01
-1.149505839834646104e-01
3.926604525871363327e-01
2.300734800609148811e-01
2.831400838852009549e-01
7.106185841654113489e-01
2.401823315666778980e-01
3.332786517023506589e-01
-2.588637493668686784e-01
-2.480858465275720404e-01
4.991915046009322010e-01
-4.774590854115615124e-02
1.331304934798216155e-01
-5.119066983697840856e-01
-3.357088576264413010e-02
2.423920598479614164e-01
3.379214947973360195e-01
-7.290974460851786798e-01
-6.448524807431482708e-01
2.409619759443906162e-01
8.342505351106099809e-02
-4.815209018995856294e-01
6.000615043379080582e-01
-4.837661536156543374e-01
-9.603991317815502304e-03
-6.021377860254081282e-01
-1.000000000000000000e+00
-1.000000000000000000e+00
-2.029272979194612914e-03
3.638937239024120363e-01
-6.397543186738110510e-01
-1.348749777996331445e-01
2.931753079680056717e-01
2.090689142263302824e-01
-4.240267710866466588e-01
4.940162791404147380e-01
6.348680543038286439e-01
-4.279185154934185553e-02
2.373464982821023028e-01
-1.295341603206056347e-01
-6.318310372813183695e-02
-2.622104156775153516e-01
-6.876809706375358600e-02
-1.000000000000000000e+00
2.286699029900975400e-01
-3.648436896174898081e-01
2.887303397006952266e-01
-1.048199693999827126e-01
4.086970724163614399e-01
2.964569893229658248e-01
-3.459791442214826818e-01
2.661331624722361178e-01
3.795689529490848813e-01
-3.858357060486613532e-01
-3.277818868878636938e-01
2.692783613599770698e-01
-6.282790984251127586e-01
2.887556368198458401e-01
3.760350873400019056e-01
-4.531406053968617398e-02
-7.078426404197282196e-01
-1.841393771658506040e-01
-3.113142587080200974e-01
-4.024463767633927880e-01
5.039561032246140521e-02
8.364964474497671443e-01
-9.321557864648639669e-01
-3.451145156900388145e-01
-2.028699091654186382e-01
1.000000000000000000e+00
5.408153472451514565e-01
9.396695830839649211e-02
-7.138403269495854353e-01
-9.799510029712549253e-04
-1.000000000000000000e+00
-3.479932095026260774e-01
1.000000000000000000e+00
1.000000000000000000e+00
-1.609520196863797326e-01
1.875425197254586007e-01
2.223871676185957269e-01
6.315332265591457883e-01
8.453201821383802272e-01
-4.551335442714102841e-01
4.794785247974046594e-01
4.051648528832559881e-01
1.000000000000000000e+00
-3.178443740800630524e-01
1.233455074521947747e-01
4.529164343974504403e-01
5.347183842984188917e-01
-2.197886143624391275e-01
6.545715589773498655e-01
1.060197238391518137e-01
3.188707962017202080e-01
6.346757943268341862e-01
4.476496037397009187e-01
-7.076599740800065819e-01
-1.828951960035384572e-01
1.016551580272784805e-01
2.050059726922489611e-01
-3.497884784651758006e-01
2.402194486479911351e-01
-6.113166055280402356e-01
6.508483206491555428e-01
-2.717578771279902106e-01
-3.794915460677992236e-01
-1.496506186760351298e-01
-5.897078609607110389e-01
7.247257042684207562e-01
-1.807014304521819548e-01
2.870202890061113732e-01
-2.830864067211946167e-01
-4.486088335785195502e-01
4.167466940606820991e-01
-4.343678189581484661e-01
2.473837887189719587e-01
