
0 71.21711 1.035734 16.829655 15.400163
1 71.1247 7.264776 22.201927 20.818921
2 76.954679 13.363729 25.731368 20.005774
3 71.152895 15.235808 25.691944 21.190567
4 87.950964 25.185755 28.941219 18.999511
5 78.312658 33.078858 27.055056 20.423931
6 78.303214 40.322519 25.85455 23.917527
7 71.189862 44.177254 23.73858 21.124626
8 71.181153 49.361777 22.354919 57.989481
9 89.246717 50.020705 23.436008 49.426427
10 89.217916 44.664476 23.647045 20.853349
11 89.67613 47.399271 27.674017 48.966336
12 90.117784 45.590788 27.767857 20.923011
13 89.290124 49.085319 24.358983 21.084204
14 78.16172 48.204447 24.011219 24.24379
15 78.229834 54.454088 17.500491 22.541774
16 77.824642 55.084873 19.266484 21.846542
17 88.523313 57.99054 18.317358 21.024906
18 78.209598 52.409738 21.104102 21.502162
19 78.244152 56.077761 19.367521 20.818921