
0 71.059671 0.926188 17.259468 14.119749
1 78.159121 12.013928 25.884433 20.552573
2 78.0816 21.485354 27.768189 21.591314
3 77.369741 25.675681 28.579916 40.701824
4 77.837917 30.064074 28.316864 44.588866
5 73.283504 32.04863 28.782156 21.846542
6 71.21711 38.088646 26.886863 20.63988
7 71.256026 39.403915 26.785182 20.380223
8 85.957522 44.898083 21.73932 22.159108
9 87.262846 45.637757 21.563802 21.716398
10 71.417164 48.034067 24.202949 21.685998
11 71.262773 50.130974 24.127472 21.293278
12 78.255694 51.65598 23.940856 23.333333
13 78.041964 53.648337 19.896154 23.345322
14 71.21711 54.045683 21.506917 24.894464
15 71.229135 58.122567 18.08239 22.294908
16 71.667664 59.915608 15.966134 28.139211
17 78.12451 57.285305 16.699512 21.124626
18 71.328102 58.397997 15.498028 22.414514
19 78.304775 58.792604 15.786524 20.754278