
0 70.780927 0.70952 16.772315 12.309751
1 71.072556 4.376154 16.378456 15.132218
2 87.199321 9.114304 21.513277 23.98327
3 71.023593 17.791156 23.396729 16.568117
4 71.063775 22.935856 25.135201 19.775392
5 71.099708 23.309792 26.844469 22.159108
6 71.138508 27.005555 25.062525 21.189816
7 84.102479 30.077934 24.848563 19.391721
8 78.265535 34.393445 28.734833 31.455998
9 71.195567 37.006948 27.584166 20.655065
10 77.907187 40.968415 24.810355 20.923011
11 71.236992 40.841309 25.195089 25.536743
12 71.210803 45.624808 24.361315 21.846542
13 78.376975 46.267223 28.163311 22.600849
14 78.369498 54.344467 19.071707 35.514424
15 78.263985 55.044609 19.325785 22.441218
16 71.271833 52.59607 19.960539 21.493825
17 78.482458 52.931895 20.258793 21.716398
18 71.319974 57.787906 18.372794 21.189816
19 78.2321 56.687748 19.343314 21.716398