
0 60.758856 0.495313 15.378651 17.011966
1 71.099906 8.08667 22.092434 17.777441
2 77.773781 11.37337 23.414858 18.39946
3 71.096704 18.6405 24.606995 21.084204
4 71.151034 27.793006 26.691397 21.590949
5 71.312195 28.923254 25.663381 20.655065
6 71.289459 36.402475 25.673797 21.685998
7 78.183986 43.255162 23.016718 23.372068
8 78.174969 43.361735 24.920705 21.591314
9 90.703295 41.917081 27.144436 20.712617
10 78.228607 52.14872 18.053314 20.523241
11 78.28941 46.526869 23.174633 21.70351
12 71.230496 54.035106 17.915649 60.48989
13 77.90368 53.033338 21.463412 25.239858
14 71.236467 48.638138 24.508612 22.428592
15 77.883499 49.004631 22.972351 21.502162
16 78.132605 56.96309 15.835174 20.404343
17 76.98426 55.956032 18.626535 22.590274
18 78.148305 56.308171 17.723937 21.134345
19 71.236992 57.828603 16.800816 25.052293