3.786679752085835710e-02
1.502715845122253313e-01
-1.712418704680043063e-02
-2.853372894860090603e-01
-1.000000000000000000e+00
8.273829701232288114e-01
-4.513527805914175350e-01
1.897488520525419595e-02
-1.759734048922225735e-01
1.884415019665258983e-01
6.478997829360590988e-01
-7.355423325835243054e-01
-1.000000000000000000e+00
-2.052889779181385488e-01
-8.526331616866071883e-01
1.000000000000000000e+00
-2.583199280845444590e-01
-1.606771210738845435e-01
-6.487742228480850581e-01
1.328524471670592122e-01
4.812590149240662529e-01
-3.880491765460497566e-01
-1.464124378089832201e-01
1.431851019147006576e-01
1.068474347345134134e-01
-1.000000000000000000e+00
6.261464089023846546e-02
-1.000000000000000000e+00
1.000000000000000000e+00
-5.545418773310281102e-01
-4.723616822059515385e-01
2.051645074227594345e-01
1.000000000000000000e+00
2.935056558884945876e-01
-8.598954044261898355e-01
2.576708620747350520e-01
1.000000000000000000e+00
-1.000000000000000000e+00
-9.197755020862807829e-01
-6.014165988468138380e-02
3.447716421626934591e-01
3.201065416084503124e-02
-9.990865384252766157e-01
3.780900990082044361e-02
2.148695255962162209e-01
-4.677308071029832037e-01
1.000000000000000000e+00
1.000000000000000000e+00
4.201212125613912329e-01
-3.693914396722382532e-01
3.566900901634129095e-01
1.927791034511144030e-01
7.667444538096679363e-01
1.684079229178247483e-01
1.000000000000000000e+00
-2.462574804204344936e-01
-8.904191265500951968e-02
-3.824524126522589884e-01
-2.289408886208352950e-02
1.087103992644486983e-01
-8.362960831198624767e-01
-1.000000000000000000e+00
7.550795994612893303e-01
-5.683159074024677349e-01
-5.053712476722111990e-01
6.111289673944180628e-02
2.032433103414320874e-01
-3.469594535315279060e-01
3.828027245519738941e-01
-4.964424151114377182e-02
1.000000000000000000e+00
-5.681610166240890110e-04
-2.112020707608166792e-01
-3.144165749709364188e-02
1.507781588311009613e-01
3.128965392624168951e-01
1.620525626197996394e-01
-3.298083817772500259e-01
-1.000000000000000000e+00
-4.386592481307158842e-01
4.993201263195586881e-01
6.025904537826729523e-01
-5.051060524741666224e-01
2.784658841938220802e-02
-7.134157345893960001e-01
1.636761080409556146e-01
-2.999842133097572194e-01
-7.517034313026760284e-01
8.374614182351082237e-01
1.798857707712552267e-01
-1.736839724738614699e-02
2.774734064010744850e-01
-6.868240078643388369e-01
-3.147553970420061825e-02
-1.788369495303383794e-01
2.667487688633434773e-01
-1.000000000000000000e+00
-9.031266798370528592e-01
-2.597755988676681005e-01
8.093547794129724027e-01
-7.214017626630595537e-01
4.932694558839329502e-01
7.994783719085224449e-01
9.102067846016823616e-01
8.089174145973605512e-01
-6.525448599923242554e-01
1.931747635195617263e-01
-7.991004381456936478e-01
6.559401616275679914e-02
-1.000000000000000000e+00
-5.201988424411653211e-01
1.000000000000000000e+00
5.647935241720894450e-02
2.894116119248101859e-01
1.000000000000000000e+00
4.455857865761453374e-01
1.000000000000000000e+00
-1.000000000000000000e+00
-8.047602544960381632e-01
-8.497436587306601563e-01
-1.397739398793683141e-01
-1.000000000000000000e+00
-6.221602440767947106e-01
-6.578928634463440117e-01
-3.901787441763778785e-01
1.643127066860397556e-01
-5.716289055954338894e-01
3.586821309032247607e-01
2.206399804013122190e-01
-1.000000000000000000e+00
-3.119108834014478471e-01
2.782149957909739180e-01
4.831315021789466813e-01
-2.176806831388501673e-01
1.000000000000000000e+00
4.099526097375573164e-01
1.713171818323023787e-01
-1.000000000000000000e+00
-1.240241167348612034e-01
-6.339928596810041894e-02
-8.689837327836193170e-02
3.431856481225037947e-01
8.872540189270696764e-01
3.429777064202357839e-02
9.997103165312132278e-02
1.000000000000000000e+00
-9.028215275727481393e-01
2.730828950872691285e-01
-3.936894797379573707e-01
1.927508290823022885e-01
7.651469571062354813e-01
-4.043459689781204736e-01
2.198781004253363702e-01
1.107884677129920559e-01
-3.666169162942418125e-01
5.538764843105057345e-01
-4.400292872569332436e-01
-1.000000000000000000e+00
1.000000000000000000e+00
1.000000000000000000e+00
-4.412289390329975358e-01
3.843019885070335651e-01
4.364029030534881115e-01
-9.923562814940275478e-01
7.833001985886488550e-01
7.160294704883166106e-02
-2.667794359238551127e-02
-4.295038175197632979e-01
-1.130570321979212089e-01
1.000000000000000000e+00
-1.000000000000000000e+00
-9.278086151095057965e-02
-3.267646081553788884e-01
-2.146245141083428509e-01
-3.640169545253790773e-01
1.234578338561570232e-01
2.979896655661115612e-01
3.163899356087300774e-01
-5.482684218958665257e-03
5.701837208013529334e-01
-3.129088906802823256e-01
-6.272061270416783296e-01
9.356846436614140172e-01
-8.251294003039469915e-01
1.000000000000000000e+00
1.000000000000000000e+00
-9.663403493245828479e-02
2.193358553345209350e-01
4.161417230999669981e-01
-4.940010146733680996e-01
-7.150788619985444516e-02
5.602817944789466598e-01
2.405590303540959818e-01
6.615478065774740291e-01
2.420478500104148445e-01
-4.394153518364862787e-01
-1.065079956311942716e-01
-3.706820274843521945e-01
5.707654546381846217e-01
1.000000000000000000e+00
-5.679014682121437396e-02
-5.945444617577219648e-02
2.375418220144651649e-01
-1.000000000000000000e+00
-1.961872722555141058e-01
-1.000000000000000000e+00
-1.944466158046997406e-01
-6.395517647586657084e-01
3.950146937949294834e-01
-3.549407438677654736e-01
1.618044085743085281e-02
-2.022013912951900749e-01
7.295713667773270350e-01
7.538878639643812329e-01
8.463699741339796301e-01
1.000000000000000000e+00
8.655927457990436613e-01
9.243717696163487041e-01
6.128152892391110218e-02
-4.079361063098030371e-01
8.720520250079857316e-01
4.342451280538291991e-01
-3.394616008431075582e-02
2.245695413477733215e-01
1.551449746858329370e-01
-7.039418950880367287e-01
8.683400365278687305e-02
8.786405904430478753e-01
8.921778266172571970e-01
3.764001648347528595e-01
-6.648105516000180071e-01
1.728269705247216237e-01
-1.671987985891111583e-01
-7.638089506404539542e-01
-5.136201848554791116e-01
-3.856313335246046026e-01
3.991154343827208462e-01
2.742307312463346802e-01
6.148124202701129581e-01
6.070251057377082926e-01
-5.865723227858385957e-01
1.394974309877727303e-01
7.780187147250585689e-01
1.000000000000000000e+00
3.359823072300558988e-01
2.435898885812234904e-02
-3.853265081645614321e-01
5.432733087176432329e-01
-7.632101359870988588e-01
-9.581949907875579597e-02
1.622135614186837049e-01
-1.000000000000000000e+00
-3.039402289191029949e-01
1.832425445224872829e-01
5.451608405765949739e-01
-1.000000000000000000e+00
-8.447036225746618054e-01
6.234364644502651265e-01
-1.000000000000000000e+00
3.102313307642714513e-01
3.405062991464787303e-01
2.953100788969068025e-01
-1.000000000000000000e+00
-1.786623509379935970e-01
-5.274322316984023651e-01
