5.054819274367258197e-01
-2.148345958469125017e-01
4.080747645643059140e-01
-9.618711107487594447e-02
1.837325396353574336e-01
-9.468418010016486919e-02
5.633907117323235791e-01
-8.164572280164412721e-01
1.547000436714462968e-02
1.000000000000000000e+00
2.381805711483340193e-01
-4.137327686313863051e-01
-3.122770564253785075e-01
-3.653201881577655685e-01
3.078560281189984815e-02
1.535234123191955291e-01
-7.992242604109311976e-01
-7.289255424756064805e-01
3.760197017036508438e-01
1.358243869911376911e-01
-1.009691320762197420e-01
-4.949578963757889638e-01
-1.654179489080652987e-01
8.344642664822248257e-01
7.462008578501726497e-01
-5.817266117665045866e-02
-1.000000000000000000e+00
4.797927699049839845e-01
-2.011176401275300007e-01
1.398062457333687503e-02
-1.087974260639245488e-01
-5.013871396008461323e-01
1.000000000000000000e+00
-6.851227018709393768e-01
-2.994053321584808081e-01
-2.528796898229604406e-01
6.879418704682789265e-01
9.006073344559492044e-01
5.023764687289339337e-01
-7.678549749199116148e-01
-4.044842187183783633e-01
-3.807203006079471486e-01
-2.560263068573620515e-01
6.204315591219171644e-01
-2.846681557040417476e-01
-1.563753999302895936e-01
4.041614428483136789e-01
-3.295817790262138280e-01
-1.000000000000000000e+00
-7.518993533222770864e-01
3.806220128588441720e-02
-6.230923591819310658e-01
3.512981704788183945e-01
1.822200795772257187e-01
5.466185737049654714e-01
9.055317630838444209e-03
-2.952239905695829836e-01
3.066970829800967913e-01
2.564621352356339923e-01
-2.240657597183420280e-01
-3.837385981337999574e-01
-1.424462881471825759e-01
-5.639099538946870105e-01
6.303282904227182071e-01
8.647511819927937715e-01
2.390484263318284064e-01
4.793161745478001778e-01
2.407088557827567477e-01
-1.688537119978001100e-01
-2.679434140016621058e-01
7.378615095756438369e-02
4.977071719915238113e-03
5.800343451124770899e-01
6.167638004786454298e-01
5.380018379196241929e-01
1.000000000000000000e+00
-9.496740781072302018e-02
-3.991593510168898323e-02
6.422525003904502316e-01
6.134552661550666253e-01
2.466095701344504509e-01
-2.106786252202946796e-01
-6.833373916198628995e-02
6.524828036262844688e-02
8.893918315057941504e-02
-3.341840505650292004e-01
7.829998435564050618e-02
4.633395464283522336e-01
-3.378576627329843429e-02
3.910108312335721092e-01
-4.873475251740876785e-02
1.000000000000000000e+00
-5.846294688624629199e-01
-4.387416055473516291e-02
2.882365449630959198e-01
-1.983954198617508546e-01
2.258800054607097152e-01
-4.886361157659909749e-01
1.066833613992205498e-01
5.015051308531197627e-01
7.442125434078601387e-01
6.894099287627157846e-01
-3.854154968279560611e-01
-1.580504626282512315e-01
5.254637038812366434e-01
-2.549191072970268812e-01
3.807962726956409805e-01
9.409466072861688568e-02
-2.600940973565742942e-01
-3.118582513711299353e-01
7.131362127184737165e-01
-2.891874021417987217e-01
-1.000000000000000000e+00
4.092253530501120951e-01
1.546757432347925232e-01
8.991346678798928238e-02
-3.726746312042433784e-02
1.000000000000000000e+00
1.776342292981181736e-01
1.000000000000000000e+00
-1.042826236000138629e-01
3.618243595499509024e-01
-1.773455032627709038e-01
-1.421379060569202823e-01
3.100554841694999619e-01
-5.647294978228301066e-02
1.209462259777483450e-01
-5.338692866986605168e-01
4.164659656836403046e-01
6.626129433810231673e-01
-3.685894615590267764e-01
4.739299638384291136e-01
5.624083195177552730e-01
6.411765335292960444e-01
3.042632230192403586e-01
9.495265121272685738e-01
6.050626214827874438e-01
-4.639810959660899403e-01
-6.171655789548780024e-02
2.212001335329818741e-01
7.506135106434437265e-01
3.237998818823598079e-02
-2.628427384318916538e-01
6.444030190548626358e-01
3.052913257967150296e-01
3.088734570476853181e-02
5.511262214561889472e-01
-5.347197964794314640e-01
-3.842493386745271522e-01
-1.372697756886723242e-01
-2.745874990245367187e-03
7.222500421496738099e-01
6.449003957897717632e-01
8.984350836017798159e-01
1.000000000000000000e+00
-1.000000000000000000e+00
4.203353107367392427e-01
-2.839465694713589894e-01
-9.803491818288916360e-01
6.543202478653511456e-01
-4.200224321569590025e-02
-4.156927333466962082e-01
1.000000000000000000e+00
-9.132550089015910588e-01
-6.580061936626795394e-01
-8.245496128198805952e-01
-5.033333983264938194e-01
-3.787724499345328510e-01
5.491140547333627220e-01
-8.506855503201502522e-01
2.073201831416103813e-01
-3.675462829610710580e-01
-8.956435657850503329e-02
5.865811418213706663e-01
2.984617731123335727e-01
-2.464149532290321465e-01
-4.973444647682146447e-01
1.277081192479857796e-01
3.606728114125543616e-01
-2.867159812836733712e-01
6.301162759700715821e-01
-3.345733375108403962e-01
-3.256011692161569493e-01
-2.442938261579124526e-01
7.981819791319227919e-02
-3.616333442581221025e-02
-4.045070107995838438e-01
1.108345572708163140e-01
4.312321802582422259e-02
1.000000000000000000e+00
-1.333399381308661980e-01
8.970092625710617273e-01
-2.696538206722328690e-01
-6.465855671929202630e-01
6.139429422008858828e-02
4.103187666902892439e-02
1.624552825400633338e-01
-1.007165220632798008e-01
-1.258606633912307260e-01
-5.604986305964650972e-01
6.438906820909604534e-01
4.275649624744434218e-01
3.881429741038576742e-01
-7.764502981186717501e-02
3.102348466376808611e-01
-5.736862598116907463e-01
-9.778261365275918438e-02
-1.174448975106427151e-01
-3.991650166662661370e-01
-1.173012258724446116e-01
-5.417224063506157483e-01
-1.438750762971841013e-03
1.093424020867997393e-01
1.000000000000000000e+00
4.614404692906799443e-01
2.016186333202547309e-01
2.399616619896754455e-01
-7.118388710829412491e-02
5.117534001141861300e-01
5.351692486029109297e-01
4.958464051651494398e-01
-7.641159406976780755e-01
-6.324172436666734010e-01
3.385447346084804465e-01
1.845068862389119824e-01
7.975354591929477710e-01
4.039872451792601016e-01
-1.000000000000000000e+00
-2.330345013570091772e-01
-1.693436616005017381e-01
-6.796806311925838173e-01
3.198504712385257243e-01
-6.355234157490039504e-01
4.735608194710759222e-01
-1.194290815124416094e-01
-7.878638323213398298e-01
-8.161545410162980296e-01
1.000000000000000000e+00
9.154905207580978921e-01
-1.268718189566228616e-01
3.947910731905943660e-01
6.191858830749441545e-01
3.705489074445809106e-01
-5.154364234326834771e-01
-1.134467455116066198e-01
3.209744277751463981e-02
2.706360886467352317e-02
3.297836510555297584e-01
2.977562885320730879e-01
3.720514007505087983e-01
-5.633716088001734512e-01
7.067322156470547956e-01
5.869992406101297577e-01
2.301169301946531798e-02
-9.832863283838111368e-02
-1.089453281342025320e-02
-2.508909856430545093e-01
3.824963412037483690e-01
6.754037113460001907e-01
-2.629037689336570782e-01
7.900302791074891307e-01
1.966371380714221073e-01
-7.515749486966936121e-01
-5.210290635661260494e-02
3.106214424921771577e-02
