-8.763483552275356248e-01
7.867344243336147347e-01
-1.400464306334829601e-02
4.935819046918333286e-01
2.964601828523553140e-01
7.646623827526649597e-03
-2.512332416045602868e-01
-3.080178496106716346e-01
-4.142111122599193562e-01
-1.000000000000000000e+00
1.483964886996400057e-01
7.644158388793892422e-02
-3.810702420556482117e-01
-1.124722457541926790e-02
3.648921044525398893e-01
5.976852178636279933e-02
-1.615394891154956492e-01
-2.193160246462462215e-01
-3.225883140149513606e-01
2.294071636292341898e-01
-3.157008330235080429e-01
-2.024534774013261040e-01
-1.826977957927139462e-01
-6.856597997637456920e-01
-1.993546612257698358e-01
-8.055028850415341113e-02
3.253705010628322181e-01
4.993752783821791552e-01
4.341460328296072313e-01
2.824104325927520032e-01
-3.035084045865879543e-02
4.888644639174345441e-01
-1.246504102395533942e-01
-1.945473113697635814e-01
7.938134223919388610e-01
-4.359159280061721820e-01
-1.645795045820503399e-01
3.840941271363843001e-01
-3.579591863579733024e-01
2.037903767262741472e-01
-1.782385944633729791e-01
4.162616580382791365e-01
2.318959979052621911e-01
-3.719220247076140962e-01
1.317185360670699856e-01
-1.504359610169653250e-01
6.101079841739839305e-01
1.525271975478167119e-01
1.632930696442355112e-01
2.922713518188258530e-01
2.532152154690219814e-01
7.479098930352374996e-02
3.689605250772343137e-01
-3.155229046358483114e-01
-4.679195214411276393e-01
6.097512222179171104e-01
-3.432809054881090782e-01
-1.133885785635270760e-01
7.526525127626387812e-01
-1.495446219519529774e-01
1.160000395823127528e-01
-2.030082352321915251e-01
-1.000000000000000000e+00
9.025447496806432435e-01
-4.743831889454550588e-01
3.363902554853305249e-01
7.553005513068289378e-01
3.143394429825999703e-01
2.056334121951760574e-01
3.286953977652432024e-02
5.132109986062119988e-01
-1.000000000000000000e+00
5.709301508820749937e-01
-4.878526127673417645e-01
-4.244794730326778565e-01
-2.741685383559739897e-01
-1.306814149683319659e-01
-1.714394726106539535e-01
2.817417230302954323e-01
-6.249605166237531817e-01
-7.193983934677636860e-01
5.171445327697238303e-01
1.241866938949988675e-01
-4.081195039668299163e-03
-4.690802499460619002e-01
-1.591810477276224267e-01
8.762407319153030227e-03
1.520259959292732110e-01
-5.514157871724828519e-01
1.434755263231449196e-01
-1.059879566677528751e-01
5.137721781901167795e-01
-6.033912959059744008e-01
1.000000000000000000e+00
3.064349438302920170e-01
1.286933824023338557e-01
7.325790826853384452e-01
-3.502256565144803435e-01
-6.352926327291998909e-01
-6.240160132900296475e-01
-5.295930988022099495e-01
-2.451114011760348044e-01
8.153960849114047504e-02
1.000000000000000000e+00
5.829534533227571230e-02
-3.415182875486360015e-01
1.606214694608429083e-01
-5.062331741135075308e-02
1.442151344648427425e-01
5.577243610870854518e-01
4.515725190221686614e-02
-1.000000000000000000e+00
1.000000000000000000e+00
-1.000000000000000000e+00
-1.000000000000000000e+00
4.908496079793431832e-01
1.660567842806076611e-01
-4.823688321628391007e-01
7.334762921837353900e-02
-3.851023134959052907e-01
-2.428351077101472133e-01
5.577779747688729195e-01
-1.000000000000000000e+00
-1.014318856808320846e-01
7.670404120792153613e-01
3.305536575825902545e-01
3.863203643618059457e-01
-2.410528519549271498e-01
5.747124129532391046e-02
1.758661708764207576e-01
-1.000000000000000000e+00
-1.220243202247938558e-01
3.174709798983716552e-02
-1.000000000000000000e+00
-5.016636618754710675e-02
1.253464198335688118e-01
3.703273011409848881e-01
2.764433376907414197e-01
1.023840028611368164e-01
-7.804681658812351319e-02
1.054701135224443420e-01
-5.917082410918452773e-01
3.706997807229025499e-01
6.034685980259230087e-02
-4.504964827443379560e-01
-4.469247243960107197e-01
-1.781779703626446554e-01
5.675716810438506954e-01
8.754797524596624747e-04
3.955495828503011180e-02
-1.770504823972934294e-01
-1.000000000000000000e+00
-1.000000000000000000e+00
5.871425286619572081e-02
-1.000000000000000000e+00
-1.367262418454434358e-01
-1.000000000000000000e+00
-2.506658412716386564e-01
-4.507759235670777409e-01
4.296440569683013244e-02
1.157972140967092750e-01
8.988446222943456965e-01
-6.916069282285889352e-01
7.085386868764382423e-03
-2.182832234607842148e-01
4.245190699317069605e-02
1.368936491023454993e-02
4.921212284079203303e-01
2.776664447792602797e-01
-4.213271481076282243e-01
2.424508814033065063e-01
-5.984919082364487108e-01
2.893540121183624803e-01
5.753657057125553809e-02
5.455445243499140034e-02
-4.678202630631747572e-02
3.282053410574893582e-02
-5.238416978263855661e-01
1.000000000000000000e+00
-1.649738588465822220e-01
-1.102113080033436943e-01
6.740476210122516021e-02
6.737165934741995432e-02
1.419041412908242372e-02
-2.602768393158985116e-01
-3.325294293789903821e-01
-1.622309418007642778e-01
1.554505892306529136e-01
4.149160234818963788e-01
7.372214460942351222e-01
-1.700762971277616220e-01
1.390376422261507816e-02
1.182622964801801763e-01
-4.595774922459989753e-01
3.444110610964323804e-02
-2.169941754041497251e-01
-1.302750761454953277e-01
3.922526475183893968e-01
6.725252905960632521e-02
1.000000000000000000e+00
-8.102850644108421374e-01
6.477535341682032488e-01
7.149984359241133847e-01
5.710442657115352150e-01
-4.632401827354931112e-01
2.123044998587784171e-01
-1.000000000000000000e+00
5.487389154342386943e-02
7.203454847213011103e-01
2.590003740302825874e-01
-5.732142994449618278e-02
3.421063801866208731e-01
1.346453070078911241e-01
1.324553649001508626e-01
1.000000000000000000e+00
6.424361383031342854e-01
-8.697662284299378932e-01
3.476568328401585806e-01
-6.562194094380174869e-01
2.044343627477716585e-01
-5.091478130483838571e-01
1.000000000000000000e+00
3.852865045972574398e-01
-1.079113774994160946e-01
1.700948638050263084e-01
8.453514723140808096e-01
1.684613443716417580e-01
-3.417988468543153302e-01
7.647828518178728663e-01
-2.521960291816643385e-01
2.043938856936706183e-01
6.218600267720190145e-01
1.759709710523737480e-01
3.950867666830762959e-01
-1.425818168687788823e-01
1.284204080082772814e-01
-2.424057878846455349e-01
4.923511927413455336e-01
-1.639574233749702958e-01
3.322355357271300491e-02
7.358338528400324430e-01
-7.830451000881419321e-02
-3.294907032720402751e-01
4.997138411432978100e-01
1.000000000000000000e+00
-3.625048026775587462e-01
-2.075956752372638131e-02
-1.955824116131733292e-01
1.332187581634618478e-01
8.657826302326080414e-01
-1.837645057968648188e-01
1.844749230474880819e-01
-1.000000000000000000e+00
2.759966248376546916e-01
7.218612007378095718e-01
-4.549591389146979692e-01
-1.000000000000000000e+00
5.278155506143566988e-01
4.555289515092884600e-01
4.899930110586253607e-01
-5.426265168936191818e-01
4.696201452800464748e-01
5.571057090659806144e-02
6.600638294581603893e-02
5.089113033945402709e-01
