-3.794998107225244222e-01
3.135089190168147688e-01
-7.495058169150850547e-02
-2.245398767143908514e-01
7.243094732993636820e-01
1.000000000000000000e+00
1.037935439700576057e-01
9.770459744375090683e-01
1.000000000000000000e+00
2.319843235515857138e-01
3.927690347804706911e-02
-4.693512644140116485e-01
-1.000000000000000000e+00
2.352956068943373169e-01
3.590634403244183370e-01
-7.052324159433264184e-01
-2.442439384037483063e-01
1.410111874113276209e-02
-1.183077297776244374e-01
5.305156984063427728e-02
-4.485960995925339367e-03
7.371999700659184196e-01
-4.545229201822933995e-01
-1.805494102885923380e-01
-6.153404616152546858e-01
2.184013931362580319e-01
-6.129820838749414635e-01
3.854153748842491234e-02
5.203281958242642613e-01
-3.535076284435680338e-01
-6.440122708050411982e-01
4.826354180055800885e-02
3.325119988556279327e-01
3.771571579568425148e-01
3.561401827057059100e-01
-1.175030093292588618e-01
-3.097258796900663746e-01
2.172068265928940034e-01
1.000000000000000000e+00
7.783535804401911506e-02
6.842575965333436150e-02
1.537952976183256659e-01
2.073865724071028427e-01
3.545059433836745266e-01
3.131352178851944945e-01
7.474890729446166393e-01
-2.270169113420876239e-01
-2.987853627891408070e-01
-6.718378695094219255e-01
-3.121373213172575767e-01
-1.858867122669961292e-01
1.000000000000000000e+00
-5.458194308425767804e-01
5.795564243856928810e-01
8.420434623763572990e-01
-1.448569669307067931e-01
-4.535308567885583120e-01
-8.730290875248924998e-02
1.931465799566497998e-01
-1.565015712621703817e-02
-4.165559077862187598e-01
-2.091106802919887320e-01
1.231252948076660969e-01
2.380392690080274098e-01
1.608636473196864147e-01
1.000000000000000000e+00
-2.559390200999653309e-01
-3.057215271373280308e-01
1.793957785807432648e-01
-4.702852506822431389e-01
-2.813652134607237398e-01
-9.131920602064336201e-02
-2.987080945274855903e-01
-3.712400433967322222e-01
3.113668450210364536e-01
2.110336008435904354e-01
-2.471009905487260849e-01
1.971564481710836592e-01
4.093239177553514851e-01
5.716931701468598304e-01
5.271825806181292817e-01
4.672463227872795666e-01
9.203950981294343192e-01
-1.588844009669627411e-01
-7.269492821127027105e-01
7.986981061409462734e-01
-2.518916157611888473e-01
-4.395323598936485276e-01
-5.231556464774628212e-01
1.200932484546045897e-01
-4.145065809896932296e-01
5.727204499660315529e-02
-5.179330749135724332e-01
3.788702174484953611e-01
8.930668701898342166e-02
3.058006728651773143e-01
5.965267563392191441e-01
-1.000000000000000000e+00
-9.550944805499701762e-02
1.404000789482898193e-03
-3.607896754865763667e-01
2.204413693180606870e-01
1.487738225818061033e-01
-4.552246993236752082e-01
7.366097821483275077e-01
-2.050882366653065669e-01
1.572251674278581646e-01
3.270710199101537485e-01
-4.120945513981102981e-02
-7.125749965043235434e-01
-4.315123147516751190e-01
4.664565599452873412e-01
-3.435917198866526023e-01
5.173957262700062953e-02
-5.975040699380004261e-01
-1.024166264834221046e-01
1.838528698223408364e-01
-2.782726382540798293e-01
1.328913198391580563e-01
1.412459786691952490e-01
-5.224580819854804936e-01
2.739265168456977984e-01
1.000000000000000000e+00
-1.000000000000000000e+00
-4.433699214659362342e-01
-2.145631542069374453e-01
1.762414663010816729e-03
-1.232647934332636447e-01
2.983869367964934183e-01
3.284339105884032106e-01
-4.399424640824453614e-02
-3.875466473160810721e-01
1.121230498058557040e-01
3.020217400203169533e-01
2.012582351247796941e-01
1.000000000000000000e+00
-1.000000000000000000e+00
-4.348813276838819353e-01
-2.897507170152399114e-01
1.646129602134220604e-02
-7.056410551361411709e-01
1.465942358302915194e-01
-1.602316746442329076e-01
3.661354938804943226e-01
-2.150586700177629651e-01
1.000000000000000000e+00
-1.139947042684073264e-01
4.773649587737976985e-01
5.046473864773359796e-01
-1.000000000000000000e+00
8.506270905922048708e-01
3.932559762310676721e-01
-4.847042460771696093e-01
1.000000000000000000e+00
-5.340733770589066731e-01
7.211961134057225387e-01
-1.259539065291810367e-01
1.441954801739861736e-01
-5.593856554235747680e-01
6.743757949916054373e-02
5.971690815341414993e-01
-6.827672451537605269e-01
3.547884373927897572e-01
1.000000000000000000e+00
2.847859568779865791e-01
-1.011927458884951392e-01
-3.883823394713589727e-02
2.026212979445893847e-01
-8.032999476239655046e-01
2.117137777180327918e-01
-1.000000000000000000e+00
-1.000000000000000000e+00
5.912714486735912156e-02
-8.515205692641687474e-01
6.216178651065443761e-01
-4.200503486780957085e-01
-1.317665651892820922e-01
6.437779585976307617e-01
-2.514463173893533021e-01
5.920559850367002053e-01
7.384776993673547452e-02
7.960633079374047627e-01
-8.574415283268724264e-02
6.517972024778644347e-01
4.927167402281285719e-02
1.000000000000000000e+00
-2.938188535257814649e-01
4.018114151617273588e-01
2.371387179067685480e-02
8.675804070340482899e-02
8.384885138409811089e-01
9.867237982077325942e-01
-3.038053302709335379e-01
2.644323133291038852e-01
-2.850008221224498151e-01
-4.143274256044060522e-01
2.198403118898737962e-01
1.000000000000000000e+00
4.191677064440408329e-01
-1.000000000000000000e+00
-4.077813962272374138e-01
-5.089688062703753291e-01
6.420995123166509111e-02
6.121978599741318555e-02
-2.181900810977900895e-01
-1.260191329573182584e-01
-3.287876067680698400e-01
1.043106416387342555e-01
-5.125102059025479218e-01
-2.567059821603017711e-01
-8.171101283331891896e-01
2.617823793029651069e-01
1.000000000000000000e+00
7.952212349891984999e-01
-7.229282333220645729e-01
-1.195169375454168542e-01
-3.957669893790831117e-01
-1.420927015544475869e-01
1.201802340286217685e-02
-3.947028628892554902e-01
3.916699803335014218e-01
2.103214820194724277e-01
8.799877823720969605e-02
4.439378821752741344e-01
7.146854231751725850e-01
1.076604607855657508e-01
2.739105754869253784e-01
4.094851310683458867e-01
4.235875145794050223e-01
3.818068246973710389e-01
4.930604058175316884e-01
5.717053138552474767e-01
-1.515005979570846484e-02
7.377187545643617561e-01
1.000000000000000000e+00
5.702335250559308344e-01
6.035869816814644073e-01
8.357140371613723528e-02
3.290513512504005811e-01
5.512978364326097669e-01
-5.537232324081271528e-01
2.259000272295177969e-01
-8.341072813557673382e-02
5.027113942403252933e-01
3.003197999746590185e-03
3.159989836776658789e-01
6.279807003736855853e-01
2.549926121105201560e-01
7.195995753760080493e-01
5.659788116968054172e-01
-5.594486764341914664e-02
4.614812130536725121e-01
9.426165920500879647e-01
4.520542671537547408e-01
2.228426168570216137e-01
-1.329139978171537950e-01
6.549849268611218633e-01
-1.514053108118245394e-01
2.774840505495292931e-01
6.542800712019458675e-02
6.138404335858393956e-01
2.612321704964892799e-03
5.245089972581048476e-01
3.374420023874747931e-01
-9.497371026349279433e-01
