1.701591913999004890e-01
1.000000000000000000e+00
1.000000000000000000e+00
-2.177976948400713597e-01
-4.199978502304810846e-01
-7.279084602319013664e-02
9.693335792302593124e-01
-2.284207380167601609e-01
-4.864151601748943898e-01
-1.735833049795282301e-02
2.720455700098619589e-01
6.877615829042293960e-02
-1.000000000000000000e+00
1.025053843595510536e-02
-1.000000000000000000e+00
6.512564936207828614e-01
7.454491691237568052e-01
-3.708298797143143033e-01
4.038137515634828700e-01
5.125809727858071652e-01
1.377745989220470479e-01
-8.005249709560438021e-01
1.000000000000000000e+00
2.665412396816846941e-01
1.000000000000000000e+00
3.504178523953734303e-01
2.508661200894903298e-01
2.282386375742521678e-01
-1.000000000000000000e+00
3.027920857001208457e-02
-8.093910567189942507e-01
-3.723328257380520423e-01
2.850930982329819008e-01
-2.449294963119060808e-01
8.729951485589700910e-01
-2.850698554563967368e-01
4.819033214980135704e-01
8.049267511966247124e-01
-5.276328346199136154e-01
-4.256805090721285101e-01
3.410716813787508239e-01
6.498339645409642595e-02
-1.996372570574954652e-01
-7.274515984640189670e-02
3.714219619889510549e-01
-3.297392412393133077e-01
8.986606092028431858e-02
2.646301176668205413e-01
-4.022954006413085870e-01
-6.285081374713203939e-01
6.977670469529391184e-01
5.540663488087466115e-02
-6.064289620794747204e-01
-4.097935072009140089e-01
3.950745251398635194e-01
3.866111648996036765e-01
4.017998861183618708e-01
-1.007356902561656609e-01
-2.751728101463082887e-01
2.247462207871261386e-01
1.630618477784996356e-01
-1.032245951577349663e-01
1.419568467767840236e-01
3.322818758148269325e-01
6.321423836256645501e-01
-1.000000000000000000e+00
6.571939756616771433e-01
-1.534981843334946028e-01
6.130147910334564354e-02
5.233537412641560138e-01
2.001286158229246270e-01
8.734752817279273218e-02
-2.565443166115400353e-01
-1.000000000000000000e+00
-5.748793601257545793e-01
7.854645076471314380e-02
-1.744443643128245347e-01
-1.000000000000000000e+00
-2.401705780110185706e-01
2.313366178225166880e-01
3.322629354953990366e-02
-5.762968708742359503e-02
2.598335773641696766e-01
-1.000000000000000000e+00
1.188342454133649306e-01
1.762704800949075890e-01
1.590721080660450759e-01
6.511644463449053899e-03
1.000000000000000000e+00
-1.361006663480306134e-01
2.098652018616690151e-01
4.379209293308594653e-03
3.382609677744150556e-01
6.384878898323889107e-01
3.859979357912849962e-01
-2.515603535089029341e-01
-3.524429653851087751e-01
-9.609878279388448519e-01
-1.636971541804596031e-01
8.495311508630176700e-01
1.754060476299391935e-02
1.341972387027511870e-01
-2.560411793591571006e-01
3.742928259956741777e-02
6.549567820910782157e-01
9.291679047459938667e-01
8.925024848154704260e-02
3.692683010421102807e-01
4.212480668753697532e-01
-7.719125220041478386e-02
-3.529909444439771615e-01
4.665149197557284522e-01
-3.065066683397611458e-01
1.915565316888947212e-01
-1.828286971359004143e-01
-4.162755686796638099e-01
1.205185686620085517e-01
5.980738438286182790e-01
-3.048147893707224831e-01
8.081432815196051833e-02
5.025695223359229885e-02
5.388146190067656383e-01
-4.561237934404833716e-01
3.621736863520634842e-01
1.000000000000000000e+00
-1.643281982137827502e-01
-2.500202326550153842e-01
-1.657479525341733484e-01
-8.683442606994411506e-01
2.295409324635250548e-01
2.619472582144739548e-01
-1.338194987674190817e-01
7.458015268553708221e-01
8.337003737564779859e-02
-4.060270227306566060e-01
1.615722734305256592e-01
8.549528174043721784e-02
-7.599539362745872939e-01
-4.518384212721342497e-01
4.731759783522719309e-01
7.036716006011536351e-01
4.160068775680338393e-01
3.945714712199861474e-01
-7.276732252257032130e-01
-3.012105711530308483e-01
5.646874800184114029e-01
8.894585818851528936e-02
-5.188124095574380146e-01
3.638143981927810522e-01
-6.490275690279270204e-01
3.898772109436003941e-01
-3.710547155820012044e-01
3.832007012016906966e-01
2.792375812402873025e-01
-5.152867873428066403e-01
3.704374021634558312e-01
-4.618797875101321448e-01
-1.951531215608138525e-01
5.398697025939962479e-01
1.576337356328121331e-01
-3.426328690700747304e-02
1.199753563184544625e-01
-5.585681857129044525e-01
5.709633671843954844e-02
-6.794902887585319018e-01
-4.782038706229148617e-01
-1.000000000000000000e+00
-1.000000000000000000e+00
-6.467605322975994442e-02
-7.869744321661538144e-01
-4.264454427321446861e-01
-5.180778563965832140e-01
-4.602453721971608847e-01
7.660813780594406541e-01
5.365358235757170524e-01
2.113799628714015388e-01
-6.001203698795954944e-01
-1.000000000000000000e+00
1.000000000000000000e+00
-6.617292797767624357e-01
8.883208911013232845e-01
-1.565946957931607098e-01
-4.771224596414525010e-01
-5.193666819548228841e-02
1.362136966624560575e-01
-6.483017020962121846e-01
4.695962287326279627e-01
-5.961974128617515412e-01
6.796188383845596093e-01
-6.734020361345300909e-01
-5.734746960151017037e-01
-8.551995325914106827e-01
-1.995084699892279712e-01
-1.603190837992332640e-01
2.755572175188043538e-01
2.172033684115702856e-01
1.000000000000000000e+00
1.629867492345582480e-02
-5.951274175330192873e-02
-2.322622980062483133e-01
-9.039706765576860370e-03
2.554995736982986765e-01
-1.945860782689524116e-01
-4.250215905440339337e-01
-1.189017894586854585e-01
6.009232832254444989e-02
1.404465680761095292e-01
6.115248049304096156e-01
3.365093716455357375e-01
-3.403589866057784574e-01
-3.819232230855196253e-01
4.129885617694800670e-01
6.004160334413719546e-01
6.221534900447629468e-01
4.885920199583371204e-01
3.590570413263114435e-01
-1.000000000000000000e+00
-6.173902831559805460e-01
5.615822192380488520e-01
-2.935659364074355016e-01
3.920772155066309939e-03
4.405357005094727163e-01
1.853783911415851082e-01
1.480882917879025040e-01
-1.000000000000000000e+00
3.486252684990213124e-01
3.618403178420795951e-01
6.024222927725939591e-01
-9.816088750495592652e-02
1.743940473304784744e-01
-3.824284816357216843e-01
6.209168093629426899e-01
-5.281986924773861558e-01
8.253350849939005140e-01
2.852880772845003410e-01
-5.384596403447837742e-01
-7.102253820325699074e-01
-1.742296513319419593e-01
6.063828857829683949e-01
2.106070015257424377e-01
3.031056190060512634e-01
7.500910099272701803e-01
2.062347835428642862e-01
-2.008332928360565539e-01
-4.249687839876848394e-01
-6.005116540349919596e-01
-3.386099173820276698e-01
-6.265523960393087899e-01
6.672150616164793657e-01
9.938837033692763390e-01
-7.282954348287336011e-01
3.454770649325393794e-01
-1.012501700794220527e-01
3.259050478770304515e-01
4.374218116819197921e-01
1.000000000000000000e+00
8.998739879482230142e-02
1.000000000000000000e+00
-1.000000000000000000e+00
1.044358394250344824e-01
6.536772035568836348e-01
-2.401591322677713858e-01
-3.056820010672078314e-01
4.007906256991008442e-01
-4.913395703721738506e-01
