-7.594734512880411126e-01
3.133284054242117117e-02
-1.000000000000000000e+00
-1.296606669964906478e-01
4.563626923352352427e-01
-1.000000000000000000e+00
-1.807808408306615100e-01
7.898462128219728706e-01
7.934689360015190207e-02
8.235905564470803464e-01
2.563342669808306717e-01
-9.961968167274973807e-01
5.331824598833525553e-01
-2.701100283037294325e-01
3.363963890463308459e-01
-1.000000000000000000e+00
-1.000000000000000000e+00
3.458831399121199413e-01
-3.440642644267188910e-01
-5.181327750941371324e-01
1.000000000000000000e+00
-3.514745055996804091e-03
3.328175176196092599e-01
6.920667197813208382e-01
-3.208915168245375371e-01
4.914537418524256296e-01
-9.937558251435182344e-01
-2.546874678213157262e-04
6.094087116937763060e-01
-6.403362348651546743e-01
-4.814323336049110558e-01
-7.484939850723116850e-01
4.715706594892327130e-01
-2.162150599103352944e-01
-4.024480658742005112e-01
3.271476710394751186e-01
2.418545092309703215e-01
2.851391509554528914e-01
5.310897978760562577e-01
-2.356853908705541789e-01
-8.656057821121536655e-01
9.897526437293394652e-01
-3.486518888767085045e-01
-2.138357504550645882e-01
3.773361642750679423e-01
1.000000000000000000e+00
-1.296198583135511201e-02
-8.869811851634978872e-01
2.272484703099652004e-01
6.923358704900745009e-01
-1.000000000000000000e+00
5.211077057158628456e-01
1.000000000000000000e+00
-7.804619776238916895e-01
1.250514912061433948e-01
4.352824926905831671e-01
-7.838514550341236786e-01
4.363089870111668267e-01
3.187404639423346842e-01
6.794702751971897214e-01
5.574174931143008882e-01
-8.169893621457597899e-01
2.362815629364337089e-01
3.212998748523309689e-01
4.198692604359011704e-01
1.869753502263153677e-02
-2.563375025468575541e-01
-5.057400167464836116e-01
-8.213277339344771111e-01
1.000000000000000000e+00
2.835740717070373562e-01
1.624617191624938561e-01
8.541419973626809131e-03
-4.003241219862062328e-02
9.790937350176234233e-01
-5.585499363197269362e-01
-1.192822070320609384e-02
-7.135008830277995637e-03
-1.000000000000000000e+00
-1.000000000000000000e+00
-3.738556304010029474e-01
1.163365613089353684e-01
7.363222711259318487e-01
-1.000000000000000000e+00
-1.085224157293365743e-01
1.969653324096034760e-02
-9.447280641317020722e-01
7.771407766301725584e-01
-5.998332102984015313e-01
-4.706652192652920896e-01
1.172558217882547181e-02
-4.063769491580546678e-01
-1.000000000000000000e+00
7.066607501060925833e-02
7.764172626247504150e-01
-4.763574482051529113e-01
6.592486088264638833e-02
3.940413043375257107e-02
-9.812721290007750952e-01
-4.430533253910582947e-01
-5.881733923566634381e-02
-5.857694078532535986e-01
-2.739291987088069424e-01
1.356976096769377249e-01
1.000000000000000000e+00
-2.528956743863699508e-01
-9.746075794219155597e-04
-3.128160526095273841e-01
-5.997410053508263061e-01
2.599142427851864889e-01
-5.562878580724853750e-01
5.516449658925218769e-01
7.723527825852132267e-01
-1.019937932819387633e-01
8.933055527093124448e-01
4.235945379235672159e-01
5.318053750534722512e-01
-1.066346695138218059e-01
3.175455488245635949e-01
2.535987708850492850e-01
6.596437964044218338e-01
6.187762165968377359e-02
-5.210996413874218192e-01
-1.115811581319836321e-01
4.874709803629145299e-01
9.825140280041311236e-01
-4.160212886941127008e-01
-3.070797759439178876e-01
-4.787252965392479465e-01
5.795072635085189994e-01
-1.877826217647859952e-01
-6.912884933464197301e-02
-3.616957507031701158e-02
-7.895213399914007002e-02
-4.039952440198283923e-01
4.977486848567312383e-01
-2.539077943774417090e-01
-9.801996215804016366e-01
3.731832165550749147e-01
9.154943679878999596e-01
-2.227080593672949582e-01
9.980588056799239993e-01
7.971529925673789263e-01
1.000000000000000000e+00
-2.918843898773150758e-01
2.225880701720202581e-01
-8.366661207949144252e-02
2.340974331835949385e-01
1.673229342149228638e-01
7.789519147334265092e-01
3.402670208647410321e-01
1.000000000000000000e+00
7.505761887481132710e-01
-1.286721549535541076e-01
-2.780543098927900636e-01
-1.864070223756231770e-01
-1.000000000000000000e+00
5.359247322093191324e-01
-2.464432361624410983e-01
-3.989736488414410975e-01
-2.964403377904057391e-01
1.667921688585676243e-01
-5.487471031398086924e-02
-4.255626488475400815e-01
-4.889825461468362555e-02
4.785495637626333704e-02
6.880590186811548215e-01
4.060407180333523436e-01
-6.290963001265342802e-01
-3.422855254866668528e-01
-6.089890003901953647e-02
-2.760202469791699365e-01
-1.363398244412202809e-01
5.556172831732103523e-01
5.839036758204534383e-01
2.227219881335257834e-01
1.000000000000000000e+00
-1.267564399716635537e-01
-1.274908190419479781e-01
1.475602815668115575e-01
-8.902505315402651220e-01
-9.401588205672037901e-01
1.366306723359143604e-01
-1.000000000000000000e+00
-7.485969359787160438e-02
-4.631407206450416369e-01
-2.166120977749980830e-02
3.954077961020265736e-02
6.814187402679552918e-02
7.571956288251251166e-02
1.328077282537518111e-01
4.488240774991042459e-01
-3.538453616868249274e-02
1.922273018875371720e-01
-1.000000000000000000e+00
-2.308861371885668479e-01
2.169695037033881058e-01
-1.000000000000000000e+00
8.117769125714408007e-01
9.987091601768811611e-01
-4.672042264101003428e-02
-9.701509308336231374e-01
9.394841248989782567e-02
-6.143266570730409465e-02
-9.806528579941445889e-01
-4.505917537089623726e-01
-9.763102277135187190e-01
1.000000000000000000e+00
-5.169825037049675664e-01
-7.096689987654719589e-01
-7.705368722995282749e-01
-2.237001023727686333e-01
5.363958643747508415e-01
-2.047937293370004630e-01
3.942503769014426007e-01
9.934934830671913186e-01
-3.065095202822374909e-01
2.030717924964074717e-01
8.303774718773250241e-01
8.240972188665726117e-01
5.336058689291109935e-01
5.405224200455557293e-01
2.411326306009528575e-01
-1.219703039229736441e-01
4.802686799359437986e-01
6.422267473148438564e-03
-2.711152328708018588e-01
-7.522820724547291116e-01
-5.590229319979054257e-01
2.246366117284703812e-01
5.270680074240515767e-01
5.463413963228030967e-01
-2.691287484568731514e-02
9.315373520342337121e-01
7.414345833312333545e-01
9.074994137274555728e-01
-5.343989349019320212e-01
-2.164864031843128367e-01
-1.743815517218704203e-01
-7.990866886623140819e-02
-4.963213832607000775e-01
3.176338297586234760e-01
-8.182836568615858841e-02
3.594661858006987787e-01
-8.001978873257385994e-01
-3.536283620854545062e-01
1.000000000000000000e+00
-7.514857996945126795e-01
1.646001113205738109e-01
5.744345853741381625e-01
-1.186258467982875681e-01
-9.790268753819797443e-02
2.324041862895215582e-01
7.719298826528359081e-01
3.194798559486204323e-03
-7.644382636286450872e-01
5.979401308300754669e-01
-3.109444087764887676e-01
-1.119136282237129069e-02
2.766219436941272924e-01
-5.018879219351001231e-01
-7.810199903903755625e-02
-1.379908535414793302e-01
7.268017539612674494e-01
-6.259011628616500955e-01
