-4.705949799952585111e-01
7.034019624423262229e-01
-4.285917465245805413e-01
-2.841016386641321417e-02
3.358772188175583873e-01
-1.000000000000000000e+00
-1.296526976874746717e-01
-7.161905837290111210e-02
-1.000000000000000000e+00
2.278213851485982877e-01
-2.635356639234531784e-01
2.465908084695579705e-01
1.852071448895508399e-01
-8.798904276517154344e-01
-4.193441133200175031e-02
1.518249613834721234e-02
1.000000000000000000e+00
-4.437474237355145679e-01
-4.175016223500288559e-01
3.152706693828120077e-01
-3.578096695455026954e-01
3.544918877635317989e-01
1.210507169186213483e-01
3.212501810673328295e-01
9.117458004721204490e-02
-4.079331627412030592e-01
-8.270712996127314864e-02
-9.700418185050926900e-02
9.232248881823476028e-01
-3.045641790336079402e-01
4.831640438942637061e-01
-1.000000000000000000e+00
-1.000000000000000000e+00
-7.789975731895814048e-01
-3.304651974352370569e-01
4.599341293736693981e-01
2.084507817725119727e-01
-9.962609485910906004e-03
-1.000000000000000000e+00
-3.709629933863303752e-01
-1.798914178078218074e-01
8.489885695051896386e-01
-4.847557626953878929e-01
6.573156425717953111e-01
-6.948004471686302086e-01
-1.964855029019704075e-02
4.031455395786289753e-01
5.215418125871573718e-02
4.016051653461067406e-01
5.468440784961761114e-01
3.204856224933337883e-01
1.000000000000000000e+00
-3.621103525923997646e-01
-2.064938585314288200e-01
-1.351282656161610085e-01
1.577109606052077839e-01
-1.257821074398572381e-01
1.345772463897565961e-02
-3.700386614549464603e-01
-6.678326680444544028e-01
4.354148849233352991e-01
-1.571019594581347378e-01
9.525706221830871900e-01
2.997391945385896594e-02
7.618378659686038112e-01
8.059068725121666388e-01
-5.227894371463368550e-01
7.914779489416036151e-01
-2.088151129482968826e-01
-5.965986039691100196e-01
-4.356291079494289953e-01
-3.474449528639949047e-01
1.887754612924510966e-01
2.307212900667688915e-01
3.427752364420959263e-02
-3.451344629227346417e-01
-3.497734133945107349e-01
1.736633002023007244e-01
-8.957493480255159790e-01
3.935667862043363274e-01
1.178800530310845224e-02
-2.087476129237902378e-01
-5.194503575902560399e-01
1.000000000000000000e+00
-4.760378716501842411e-02
7.833237029737563084e-01
2.640939594454550510e-01
1.128606442969273677e-01
1.245630571753599397e-01
1.000000000000000000e+00
3.240640900806509572e-01
-5.448662849335159652e-01
-1.000000000000000000e+00
-8.113881788115893112e-01
1.517209700101813663e-01
-3.812490135043828943e-01
5.491660446588095268e-02
-1.122184938210618182e-01
-9.379133723254076682e-02
2.161969027584562664e-01
-1.071620358112861382e-01
-2.417254078967287501e-01
-9.067583743023061027e-01
2.273771212216408044e-01
1.041762972921237429e-01
-7.773508392660301025e-01
7.113159022281898558e-01
-6.352824116180270098e-01
1.000000000000000000e+00
1.000000000000000000e+00
1.288413395820414142e-01
4.886147833869266405e-02
-1.455811931141307303e-01
-8.938528988264016206e-02
2.695553533282045167e-01
7.817473264040931957e-02
6.231918924679638039e-01
5.932132135778073190e-01
-1.420009014665994107e-01
9.430614387840290103e-02
9.652232129843406616e-01
3.881596622215253145e-01
-1.472039676312456025e-01
-2.791958655389218946e-01
-3.559287948998138273e-01
5.888321820442400378e-01
-1.856698486366516465e-01
-8.352339492587779191e-01
-2.240213970032050306e-01
-3.352734832658196273e-01
2.328660007402664212e-01
1.384065018957219284e-01
3.459812051807760747e-01
2.322809953409415984e-02
-2.469853995877440145e-01
-1.353383848761866570e-01
1.491171010604168679e-01
2.721297618458897727e-01
2.283170969421348118e-01
-2.203719638526847602e-01
6.902646846245856782e-01
1.000000000000000000e+00
-1.721609376490870758e-01
-1.291428596033679099e-01
5.248640613258925836e-02
-2.981666699779825236e-02
6.500806317620605457e-02
-2.930032750722231794e-01
6.557236621321940184e-01
7.130264648551004614e-02
5.084855279078016599e-01
-4.499711257351719507e-01
9.389258415400046909e-01
4.655258550290486408e-01
-4.202363926043537479e-01
3.956359908747735243e-01
-2.336957491556058419e-01
-2.452053997662808071e-01
7.695918163344778185e-03
-3.516267065660947377e-01
-1.505311267798349617e-01
-5.628372323310701919e-01
-5.489793066693554602e-01
3.065963004077429388e-02
-1.000000000000000000e+00
6.100769355483569578e-01
1.599265079950997204e-01
-7.463646660413476852e-02
-2.534967967084802987e-02
-9.000101716575020783e-02
1.977226420448718047e-01
1.000000000000000000e+00
-3.052900755987056347e-01
2.577819927643976161e-02
-2.589117440157830963e-01
-2.502219837869116836e-01
6.783714183930746877e-01
1.932977337041532351e-01
1.000000000000000000e+00
-4.479063853192387090e-01
2.192936927514896606e-01
-1.732589739915479932e-01
2.555955419618715085e-01
-1.123835787698440614e-02
-3.109555225001750522e-02
2.877331138992543225e-01
3.752058483801067323e-01
9.551758985832989879e-01
3.204486913469520304e-02
-1.656693179431106833e-01
-7.725809264520563380e-01
1.906184317051495547e-01
-1.000000000000000000e+00
-1.209369733602818492e-01
1.000000000000000000e+00
4.514991551800200398e-01
-3.174836561060480067e-01
-3.354934956393495482e-01
3.491220946616426790e-01
-4.207022601203739831e-01
4.117406948275126322e-01
2.627482251124232393e-01
1.250209568980408248e-01
1.000000000000000000e+00
1.766495350307167311e-01
1.000000000000000000e+00
2.130043930706523314e-01
1.805060516040710161e-01
1.742522033612091958e-01
1.634500283393579556e-01
7.005952019753067250e-02
-1.531222937775868764e-01
-3.655566498567180411e-01
3.522358173673904025e-01
4.878249595633406543e-01
-3.001754470987751944e-01
2.744320480210691304e-01
5.482134517052303924e-01
-1.958330578387104393e-01
9.783682493259182600e-01
-4.812939568534113643e-01
1.000000000000000000e+00
3.594804364162367816e-01
3.315194103916312418e-01
1.721452230135762929e-03
3.816324987861180462e-02
3.715688441448764534e-01
-2.356511959486614904e-01
-1.056748448323829720e-01
6.128742767417014736e-01
2.309514229263457674e-01
-2.132476776246351735e-02
1.637162989640436050e-01
-2.052652596181995248e-01
2.321595347961901146e-01
-2.745937729417274875e-01
3.528733853755821603e-01
-7.633340165905159180e-01
-4.407493140637074869e-01
7.772482432679540532e-01
4.776332479806712494e-01
-3.414089835317279942e-01
1.573335005669308784e-01
2.957463800992152780e-01
-4.765643647816873996e-01
3.078596208792220082e-02
-1.000000000000000000e+00
1.783327512109401103e-01
4.512060164629914105e-01
-3.787951539599807016e-01
-1.823559486767023785e-01
-3.839720413458270754e-01
1.000000000000000000e+00
5.298837734484219686e-01
5.133296186368998537e-01
-7.413333175570632205e-01
1.000000000000000000e+00
9.520042612710113428e-01
6.153414073726153344e-01
5.708425244743280391e-01
1.000000000000000000e+00
3.367338978785725523e-01
-1.971506419125685083e-01
-4.015568302236255382e-01
-1.003572681424949459e-01
