-2.928813218082099712e-01
-1.659676383071650302e-02
5.763144522899642519e-01
1.076628129648964927e-01
-8.388768796779846534e-03
-4.656139304477873164e-01
-5.926533811941163687e-01
3.825430542339912643e-01
1.885225326053894535e-01
1.000000000000000000e+00
-2.485695297271845600e-02
-5.748870461077566496e-01
-2.959650705967799625e-02
-9.710142557047009015e-01
1.608997237791455481e-02
1.241586732905759216e-01
-2.303601258292364284e-01
1.273443668095158854e-01
-3.894721457934950393e-01
3.796339174476978107e-01
-2.272449438433856717e-01
-9.993619306931553758e-01
9.388998634605062454e-01
-3.438003065679796078e-01
-2.569825855041689144e-01
-2.422016949184010448e-01
-5.907000570951561613e-01
-4.886219331583171455e-01
2.572602339534612592e-01
-2.809704020204694674e-01
-4.470428055743473905e-01
4.788352979057841630e-01
5.293381812564486033e-01
-4.434923537187464015e-01
-2.090455559791082885e-01
8.864175528642054269e-02
2.780229820450634826e-01
5.571172136889761539e-01
8.658924872859655730e-01
-6.306991500276284968e-02
1.885776746727472752e-01
9.730918980175288224e-01
3.833339593103504139e-01
-3.210244930275064218e-02
-7.418899335501075720e-01
-5.833735851868020184e-03
-3.956630183352878305e-01
1.263005048879621839e-01
4.987260643820275452e-01
-9.874369257733082161e-01
9.971749791452353406e-01
4.733109932483480775e-01
-1.812293152004268992e-01
8.353231831012379871e-01
-6.947866961748578873e-01
6.138300831562842896e-02
-3.063191810660244041e-01
-4.185555581016413007e-01
-6.364870855910162994e-01
2.747333700860888905e-01
1.494394221485985663e-01
1.205516287892321736e-01
3.280694038339745933e-01
-9.640753458448128033e-01
-2.588050159886023938e-01
-4.283283299141667916e-02
9.123085032960813745e-01
4.689985049930579519e-01
5.013636019044356296e-01
3.401994103086804500e-01
-4.259114544861141161e-01
-7.046439057101144821e-01
-7.543609554763101022e-01
5.723850986449072753e-01
4.651136773667584601e-01
4.736541446001806821e-01
2.544304035540234654e-01
-4.244174676259017120e-01
1.015329841535682620e-01
9.895870951828937834e-01
1.529295702979612814e-01
1.548682664942795661e-01
-3.770362580407505271e-01
-2.687816945102118327e-01
7.210942226675675082e-01
3.341190992121683689e-01
2.761686717151488057e-01
-9.762346443560044884e-01
-8.368089549611645861e-01
-5.876768496649432960e-02
-2.898224690341731358e-01
-3.954669789770087762e-01
1.011521860055756422e-02
1.154327173482735669e-01
-2.749424501575171709e-01
-2.230756821740737528e-01
-2.299009948734070941e-02
2.875122688211328992e-01
-9.985925512409523641e-01
1.314329585136720865e-02
-3.236021920045282219e-01
5.767339137628295642e-01
2.770045687464688378e-01
9.504689501963445863e-01
3.192124782147844342e-01
-2.385892370999392054e-01
-1.298988227196247180e-01
-9.971319381906366131e-01
-3.944534423472498830e-01
-1.829258498313655612e-01
-9.119008646727899681e-01
-5.156548244354699495e-01
9.396204910470151717e-01
6.403975282592804241e-01
-5.014916838531259247e-01
-2.559300455072036420e-02
5.879463714408453834e-01
-1.495869670797951023e-01
9.724036550130510381e-01
-9.797973489622883170e-01
2.602563855233738788e-01
4.009908916957472536e-01
-4.936234522627700461e-01
-8.150339626597813414e-02
-5.002260747062747814e-01
2.096322658134817940e-01
1.111912132220111704e-01
1.000000000000000000e+00
-9.189722357974799971e-02
-1.286589534331772089e-01
-1.395732284118510746e-01
6.249302624010634188e-01
-3.861573552704361534e-02
4.131692059537714901e-01
-9.626015475576775726e-01
-2.224895657564441090e-02
-1.000000000000000000e+00
-5.766215606931047732e-01
1.354529270510285710e-01
-9.799463842139409797e-01
-9.376870704669902912e-01
1.187970589215153749e-01
4.053667383524810486e-01
3.416949351925047673e-01
4.585825842263945851e-01
-5.386766618466360956e-01
8.943091786827081502e-02
-2.694072968627782977e-02
-1.663600127318258237e-01
1.226522034339638662e-01
9.597555479517599908e-01
-9.000200201062341643e-01
-3.116540765947932723e-01
6.808972285646696099e-01
-4.299993210983372172e-01
3.008500406680441053e-01
6.186760246213278691e-01
8.319230268265778022e-03
3.225984258997962040e-01
-9.774177822840971475e-01
5.981545075000335165e-01
2.885144827360929809e-01
2.098501852858427608e-01
-3.311778475679172384e-02
1.865295865820487953e-01
4.504215837011447121e-01
-6.255374240865139157e-01
-1.753432532977756975e-01
5.767210311947802426e-01
8.928518266507085022e-02
-1.728419938481538520e-01
-4.943055403000396614e-02
5.534397841110480498e-02
-1.734794509292350850e-01
3.792885752274365307e-01
-1.714641343810518938e-03
1.129085302707449612e-01
-1.615668074804683108e-01
-6.376096153735532068e-01
-2.438935436117152175e-02
-8.256682979725873395e-01
-4.313896029236212182e-01
-1.311587684602065484e-01
2.999766755266379259e-01
-3.221540548184636532e-01
-3.883425221546592254e-02
2.550573310126487692e-01
-2.647639671088945490e-01
5.297371508680235319e-01
2.071244384219860513e-01
-9.326227235684005912e-01
9.726126119061038189e-01
3.762939255673174443e-01
1.505249756930766292e-01
6.166755921353137548e-01
6.947545241903048119e-01
-5.037732799497253167e-01
5.424180009747187059e-01
4.290976266637239189e-01
8.579651904681437902e-01
6.745279919980534666e-01
-1.363929942836016908e-02
4.085850649008530566e-01
-3.452182855049339416e-01
-6.113471187486486935e-02
1.294591010336997722e-02
-4.289843741062027149e-02
-4.890082204733954274e-01
2.907375038740674933e-01
-2.124168294251510269e-01
1.963570920005106857e-01
3.710979907907132613e-01
-7.502194140388922239e-02
4.695108711084944320e-01
8.090552058540846359e-01
3.672086948253860950e-02
2.512919776166726016e-01
3.357857567187310099e-01
1.688638098744837598e-02
-4.060509737591479484e-01
3.168712518078490303e-01
-6.827821941409855100e-01
8.082272371095786112e-02
6.011919780779471090e-01
1.000000000000000000e+00
-8.589187359799482779e-01
-8.919622434941006095e-02
5.393213895454406215e-01
6.742884588133915003e-01
9.675689377597126439e-01
4.055877558414010542e-01
2.683190973673910684e-01
-9.471433055612320517e-01
6.707814203568301936e-01
-5.493416963888383409e-01
-2.829766931573307054e-01
7.730685770918557798e-02
-1.716595918497919038e-01
-1.529333559436860113e-01
9.790040536864977883e-01
3.222340714147483021e-01
-1.921251478577190863e-01
9.915415122511841428e-01
5.725467266132836519e-01
-2.610706164265375051e-02
-2.275183852479466251e-01
5.647590188235145359e-01
5.223894097147466775e-01
-3.638798884340543188e-02
-1.657996990521687364e-01
1.270645884173911555e-01
-2.968677357735629019e-01
1.051628880521479625e-01
5.896969733394834545e-01
-5.736608427061099524e-01
-8.021574972788634295e-01
-2.017737176204311145e-01
9.881696603294078951e-01
6.958452394722838275e-01
-1.636685895164800841e-01
3.491750763926195211e-01
4.250854196633900295e-01
-4.547484323893684621e-01
-5.617327750075390425e-01
3.538205717099405234e-01
