-4.267661756089679015e-01
2.782192928546815130e-02
-5.707208860843421272e-01
-1.850350069228559047e-01
4.814406077108916993e-01
3.451623067380020227e-01
-1.567080098381813946e-01
-2.000237947405860972e-01
1.208473545728310089e-01
1.526275863176687897e-01
-1.323146970776707398e-01
4.083061968177185141e-01
5.485468122343691022e-02
-8.967036732444250147e-01
-3.422717058852399463e-02
8.791030299830074890e-01
-5.357759687473324650e-01
-3.367041742137827920e-01
2.590241980393184762e-02
-3.873750078951178621e-01
9.635553550156013003e-01
5.566574559707701542e-03
6.973943051575284824e-02
-5.938458370704595701e-01
3.057354354760896120e-01
3.341091953978678752e-01
8.333059737106083276e-01
8.246221632714361149e-01
2.401910437697489520e-01
-2.054227586349134105e-01
1.453346676856203668e-01
2.508009457358060246e-01
5.570304404093983086e-01
-6.939566255425422270e-01
-2.863509969763516905e-01
-6.648933441751478934e-01
3.102540872820038764e-01
7.975033656073965416e-01
8.870539885260185775e-01
2.718954678664630142e-01
-2.227192996744002951e-01
6.486881591382572809e-01
-8.103547408145710396e-01
4.121803203494200929e-01
-4.589131888165638995e-01
-1.000000000000000000e+00
5.610678035449059853e-02
8.594472298640742913e-01
-6.962363858464443167e-01
8.131651329033660058e-01
1.840543569431119797e-01
9.600580347060208575e-02
3.277103915218965158e-01
1.000000000000000000e+00
-2.698292974409550737e-01
6.890619584554874555e-01
-5.877970610984754041e-01
4.383542562129338904e-01
1.000000000000000000e+00
1.724294060055615307e-01
-7.185299427549466378e-01
9.731331890994949774e-01
-2.108660999081934384e-01
9.066626026234360092e-01
7.570875208420152491e-01
1.273552003622323292e-02
5.002864324561011600e-01
-1.528447946394194679e-01
5.544350302897673721e-01
-1.647045921429429738e-01
-7.958731704104700100e-01
5.734202675540568395e-01
1.000000000000000000e+00
3.627994724182993791e-02
-1.799527381974848073e-01
8.895862840487989143e-01
4.101284838168508529e-01
9.147215965165058638e-01
9.225464951437151173e-01
-4.466595477716447382e-01
-1.000000000000000000e+00
-9.555232669735441720e-02
8.173207347515981658e-01
-4.099481250787648245e-01
1.033797394537664671e-01
-8.647410002612695989e-02
4.205129450221748999e-01
-5.327025592453143998e-01
-1.026850001185554973e-01
1.290042379385065718e-01
1.607211379515013083e-01
-2.485634109886331322e-01
-1.106509719291952909e-01
9.356173812166554971e-01
5.231771473494088998e-01
-1.402535182734518382e-03
5.730439389290048480e-03
1.078121259589298608e-01
-1.209226161071644823e-01
-3.546867967912210595e-01
-5.971648330702608032e-01
-8.859921496533302854e-01
-8.679683352635447768e-01
-6.474349379219819234e-01
-1.000000000000000000e+00
1.000000000000000000e+00
2.588656462260113256e-01
8.755716242252016279e-01
-2.460570661632753911e-02
9.292971754689643982e-02
5.430989303271930302e-01
-6.297458976333145109e-03
-8.762235535750048099e-01
-2.688647685341072902e-01
8.722798571294304582e-01
-8.740289609764109180e-01
-2.791671418554778072e-02
-1.122797936356407927e-01
-7.298736482833950712e-02
-5.305594007164169401e-01
-8.654667891740533969e-01
-2.867817606378147977e-01
-1.072884749849442876e-01
-3.952403068472948866e-01
-1.000000000000000000e+00
-4.760882623632280847e-02
-7.043547508968233117e-01
7.090342709925054887e-01
-9.814130255254164270e-01
-7.230408042683145187e-01
4.035860825636869431e-01
-6.225797163131567835e-01
-1.441495452394915278e-01
4.302327394332774446e-01
1.971553583721480374e-01
1.349863835424436331e-01
-1.688004038993053957e-01
-6.599101474781209065e-02
-3.349885930234984266e-01
6.053363231098846109e-02
-4.465895507143141652e-02
3.274846455693923852e-01
8.790573595052063594e-01
1.000000000000000000e+00
1.673902547993494916e-01
-3.348977144782527837e-01
1.000000000000000000e+00
-1.254983194871420182e-01
-3.782163455156764553e-01
-5.461475324867079983e-01
-1.000000000000000000e+00
-4.197704929890132552e-01
3.048417114767501546e-01
-3.626687689983174590e-01
7.118261360266109339e-01
-5.410426340623307739e-01
9.058985451582546311e-02
-4.622549013840689114e-02
-3.779599258487112978e-01
-4.072381514654260237e-01
-1.000000000000000000e+00
-5.403190847314681688e-01
-6.949578675950394135e-01
4.401224833389419944e-01
-3.497404343143948879e-01
4.101919022147104688e-01
6.741327875845789519e-01
-1.160628166905121605e-01
3.762824487250795436e-01
-2.647413202678935984e-01
-8.337780061999489067e-02
1.367122449024032460e-01
1.000000000000000000e+00
-4.406361133724756574e-01
-1.000000000000000000e+00
-3.306323711842360513e-01
1.000000000000000000e+00
-1.043098051679043348e-01
-4.868162719143296902e-01
-6.495365577316590533e-02
6.718186202065273838e-01
-2.993072441638701120e-01
1.376756107322990863e-01
-3.032106479114916597e-01
2.298476870644177161e-01
6.953505748954247334e-01
-8.758147461787799126e-02
3.385497296202181206e-01
4.353618372102698308e-01
2.689210537877691209e-03
-1.974746719993574207e-01
-6.036897499195632566e-01
1.205184683755387010e-01
-5.941908134641202821e-01
-6.859758174459314184e-02
1.648068516046814203e-01
-4.153884737389298420e-01
9.386915792229862943e-01
1.000000000000000000e+00
-2.281616094697863917e-01
-3.067662646607495214e-01
-1.000000000000000000e+00
5.328793214813332124e-01
-2.651645857848878851e-01
1.000000000000000000e+00
3.642871285378473933e-01
5.903600651801138577e-01
4.868642332745652390e-01
-3.945360991277951923e-01
7.937219141757688445e-02
-9.258698802248420678e-01
-7.669598624960650979e-02
7.591841711529524472e-01
3.700357560601647555e-01
8.770210959945088369e-01
-1.000000000000000000e+00
5.206138414036507456e-01
-2.703183772162882637e-01
8.149787686567784295e-01
8.024137340798668250e-01
1.000000000000000000e+00
4.429320070487230976e-01
-1.000000000000000000e+00
-5.134751332419189573e-01
5.178069991128250033e-02
-4.362620818423949831e-02
-8.359663275559422457e-01
3.202963077577662410e-01
2.946883728614185793e-01
3.320131695295693297e-01
3.573833484414890016e-01
3.103295930639456413e-01
-1.000000000000000000e+00
-3.378034226671780549e-02
4.653146861882128671e-01
-7.821161900402975875e-02
2.097106816946655017e-01
-2.615981621017151454e-02
7.665816831208183135e-01
2.764779465249970203e-01
5.258857697573875445e-01
5.132946375224584079e-01
-9.264611668266190536e-01
5.529167672355994601e-02
1.000000000000000000e+00
-6.703666299446852106e-01
-1.000000000000000000e+00
3.989497250342122214e-01
-1.980204772071593178e-01
8.071451169452806274e-02
-3.710102563158135247e-01
1.638953914315616905e-02
-1.846013180284647726e-01
6.023852263546869423e-01
-2.011756846347574901e-01
8.253301194604653057e-01
1.823132240105516111e-01
-6.177830183649232754e-02
-5.862516477855775898e-01
7.687413437691914542e-03
4.708773340934495066e-01
4.612136667054188011e-01
1.636809018546727112e-01
5.166439934212496699e-02
-4.811283316122655918e-01
