
0 75.566278 4.596517 21.710889 61.0
1 85.323246 47.195526 25.366506 47.2
2 90.55505 56.622854 16.109884 38.8
3 90.67505 60.713965 17.648778 38.8
4 90.406571 60.444025 20.55939 63.4
5 91.296393 65.216796 18.064935 58.0
6 91.472892 66.588529 20.751128 69.4
7 91.188962 73.557737 17.458324 62.2
8 90.443414 70.667006 19.857167 61.0
9 91.603266 74.772317 18.486122 70.0
10 91.592892 79.413694 15.317254 70.0
11 91.2839 69.2696 35.573188 70.0
12 91.386278 77.5628 17.017715 69.4
13 92.012892 76.796682 17.044033 71.2
14 91.763414 79.314253 18.600966 73.6
15 91.468142 81.018496 14.186505 69.4
16 91.588142 79.763055 15.524344 68.8
17 92.132892 82.263461 13.515528 68.8
18 91.588142 81.843284 14.715747 68.8
19 92.128142 80.741903 14.984314 68.8