
0 66.299556 3.41044 18.501342 -20.0
1 75.041575 46.103709 18.440624 -10.0
2 85.563649 55.063323 16.60694 61.0
3 88.184679 57.297947 15.67765 35.2
4 88.031732 57.48831 16.822821 35.2
5 90.388142 57.228156 18.679035 51.4
6 90.388142 52.590156 28.882689 50.2
7 90.079361 58.569861 20.793491 71.2
8 90.802972 62.506448 19.871818 67.0
9 91.292892 65.686209 21.194262 67.0
10 90.919688 67.724075 20.723199 65.2
11 90.986267 74.160758 18.981333 66.4
12 91.934024 77.37549 16.375125 67.0
13 91.041683 73.22221 18.409541 73.6
14 91.461683 75.094413 17.824754 68.2
15 92.28188 77.599664 19.081462 69.4
16 91.084722 74.897583 17.798056 76.0
17 92.132892 74.092482 19.553125 74.8
18 91.472892 76.609316 16.142094 69.4
19 91.516695 79.58851 15.470415 68.8