
0 66.326677 2.420863 18.153336 -20.0
1 91.423266 43.495127 19.484667 64.0
2 91.487281 57.89701 15.412815 68.2
3 89.775203 58.167481 17.198244 57.4
4 91.896393 60.228162 17.022164 46.0
5 89.058708 54.459373 29.27939 77.8
6 89.804679 64.149436 18.299554 68.2
7 92.776054 62.037241 21.709134 68.2
8 90.371062 66.387757 19.828235 77.8
9 90.752892 68.484563 17.923932 62.8
10 91.534253 73.009318 18.066493 68.2
11 91.654253 74.065831 18.476252 61.0
12 91.594253 78.806497 14.303145 61.6
13 91.643414 75.865352 17.463777 70.0
14 91.643414 78.696597 15.270155 70.0
15 90.932892 74.496178 18.146338 68.2
16 91.776796 71.646892 19.116281 70.6
17 91.200103 76.773095 15.467218 67.0
18 91.656796 65.704976 34.943436 72.4
19 91.716796 77.493511 16.449125 71.8