
0 66.319827 3.89006 18.56948 -20.0
1 85.218736 45.270871 20.366985 -10.0
2 89.066695 60.149598 14.919761 35.2
3 89.5439 58.759057 16.822447 48.4
4 89.83505 57.636303 19.710124 54.4
5 89.668142 55.641384 30.643898 60.4
6 90.486794 63.632418 18.431093 70.0
7 91.757405 65.443764 20.895464 62.8
8 90.801683 71.123426 18.417742 70.0
9 91.654253 72.336163 19.021515 57.4
10 91.269362 72.09559 18.696839 62.2
11 91.495505 72.968245 18.116403 68.8
12 91.654253 76.284205 16.818579 68.8
13 91.495505 75.95066 16.173302 70.6
14 91.656796 76.843338 16.413353 68.2
15 91.714253 70.737545 31.056751 68.2
16 91.176796 74.91917 18.532456 73.0
17 92.072892 79.315429 15.436408 68.2
18 91.714253 77.76048 17.244907 68.2
19 91.831733 81.752022 13.712599 69.4