
0 66.237949 1.410935 16.047088 -20.0
1 87.370119 42.726548 20.450107 62.8
2 89.179465 58.534674 14.902503 66.4
3 90.970654 56.354568 17.268018 66.4
4 91.663266 57.73801 18.925936 58.0
5 90.246939 62.850915 16.26036 66.4
6 91.27505 62.319635 19.871912 65.8
7 91.288142 61.933419 20.653269 69.4
8 91.116796 65.768763 20.949017 66.4
9 91.190928 64.690666 21.881922 66.4
10 91.116796 59.503477 32.702623 66.4
11 91.116796 67.347842 21.073936 64.0
12 91.190928 71.55816 18.716031 68.8
13 91.528142 71.54027 18.892594 67.0
14 92.068142 73.869371 18.44205 67.0
15 90.812892 74.866415 17.583566 68.8
16 91.532892 74.15123 18.027563 74.2
17 91.716796 76.160361 17.023976 70.0
18 91.716796 72.664856 19.17595 74.2
19 91.703558 72.81289 19.980448 63.4