
0 87.859361 5.901372 20.97648 33.4
1 89.457582 46.262597 19.686208 33.4
2 87.99289 56.760006 15.870498 45.4
3 90.1439 58.484304 18.109682 37.0
4 90.141683 59.772011 17.248215 58.0
5 89.102832 58.079886 17.902941 58.0
6 90.55505 61.421816 18.086631 60.4
7 90.611062 61.358789 20.178812 67.6
8 91.172892 67.576912 19.696672 65.2
9 91.80188 60.414108 33.405827 64.0
10 91.172892 69.376011 20.01698 71.2
11 90.19505 69.317572 19.435844 71.2
12 90.97505 71.902598 20.436475 59.2
13 90.97505 76.244853 16.625168 64.0
14 90.19505 71.584872 19.742997 68.8
15 90.19505 74.239907 18.0175 62.2
16 90.6839 73.569083 18.393562 59.8
17 91.039465 77.240464 16.735116 62.2
18 91.594253 70.788009 17.698107 73.6
19 90.8039 66.514352 31.730149 59.2