-1.000000000000000000e+00
3.690542145644009064e-01
6.743288498816260024e-01
4.108194048008573240e-01
1.312700705550615687e-01
-3.796650385361133861e-01
5.362221314765783231e-02
4.886062116446700521e-01
-6.539948690684203036e-01
5.610273900819187087e-01
-4.549516725136917294e-01
-1.000000000000000000e+00
6.714593153428398409e-02
-1.179695815529497038e-01
-4.886138949461134029e-01
1.133598507155865603e-01
1.721420752028118839e-02
1.000000000000000000e+00
2.433003817091316245e-01
-4.170155929632551883e-01
1.000000000000000000e+00
1.000000000000000000e+00
-2.524489156468925910e-01
4.731043380932576925e-01
8.157484367391827362e-01
3.293328784600347836e-01
7.929408210333874218e-02
-3.982770353073408209e-01
-3.724004038265048555e-01
1.806473386116330404e-01
1.133904690999010256e-02
-1.000000000000000000e+00
-2.550748664066377347e-01
4.528380383834346712e-01
-4.191024699336237669e-01
4.734256124935921628e-01
-1.000000000000000000e+00
-1.332345064571305304e-03
5.166245234919381035e-02
-8.339712445909792937e-02
6.172206061091737306e-01
-5.549273711970439393e-01
-4.684552750473133798e-02
-6.148494639464801015e-01
-1.116222883316816961e-02
7.864756618661717935e-01
-1.334782039038836798e-01
-6.378964544403704640e-01
-2.308797593625080136e-01
3.926305270209878850e-02
5.284582592420183911e-02
-2.064247747655052756e-01
-1.333520563345957088e-01
-9.759824625313993085e-01
8.705515035713715100e-02
2.100141444766845944e-01
1.000000000000000000e+00
-1.561298575525571497e-01
1.340506062876672955e-01
-6.705551418662248908e-01
5.110563046657974340e-01
4.011404231799683417e-01
-1.435159674703170296e-01
1.359772317832019795e-02
1.798932923325542166e-01
-2.595568243527929253e-02
-5.890036249317192052e-01
-8.011496491399903164e-01
-3.962810511570685756e-01
-4.657729794122242861e-01
-4.293050282374529791e-01
-7.049194441474622153e-01
1.093808269686276785e-01
1.000000000000000000e+00
-5.935048681933350334e-01
-2.912170052085453209e-01
4.384027078786121440e-02
-9.305654147028032119e-02
-7.184386200209541551e-01
-5.095062374771524016e-01
1.325413676088227355e-01
1.680624691285446948e-01
2.481309164018888069e-01
-2.974767982981408460e-02
3.478650837762526926e-01
-2.722352780106914727e-01
-6.149643016605752521e-01
-5.551231078517094852e-01
5.603486757349596115e-02
-9.789773663092815603e-02
-6.406475723521515286e-02
6.293450967930226403e-01
5.131517283032236421e-01
2.265542951498971946e-01
-2.832513650473298394e-01
-8.778421763273625000e-02
-5.672929953353897936e-01
7.784119411005507860e-02
-4.991720733798254983e-01
4.487954052940525962e-01
7.501709363347512927e-01
2.906416304576434628e-01
-4.865504402842930620e-01
2.101167815794223181e-01
6.134782302813047705e-01
-7.095137679281090515e-01
1.754802622557736780e-01
1.000000000000000000e+00
-5.423799228289438723e-02
3.564108620278829132e-01
3.213822974387166576e-01
-3.144796740026074566e-01
9.467218689658200848e-02
8.639520223775436492e-01
9.644054480811621310e-01
-6.628174222979581476e-01
2.038916290835537937e-01
-3.493847310076117485e-01
-2.176233634048248544e-01
2.638968203942656521e-01
1.936728014921384744e-01
-4.420971026621500766e-02
-4.040809056556391443e-01
-1.284225930817472494e-01
1.880063541165508112e-02
-1.954256173597138657e-01
6.017564768268727216e-01
9.152730795521497598e-01
-4.696143298417845280e-01
1.792802823711227567e-01
-3.781850481180842882e-01
-4.455066737842184876e-01
1.016227484492835953e-01
1.616645318480202653e-01
-2.976351407709608154e-01
-2.177445127259869384e-01
5.651819607511851529e-02
-3.098105994943377572e-01
4.165126266415281747e-02
2.704022893136336092e-03
6.917590400541122619e-01
-1.859008027587742973e-01
-1.128356061580281233e-01
5.872530898314701209e-03
-4.723593126812344889e-02
-9.141953006822239880e-02
-1.593781688281047937e-01
3.375178320366087337e-01
-1.458424949304869545e-01
4.955435120982650821e-01
4.442098466891163389e-01
5.921802152712504208e-01
-1.155020729125260937e-01
8.029662538968271313e-02
-6.190918149987895136e-02
-2.828812888674472337e-01
-8.390903861285663179e-02
-6.722358495890587982e-01
-2.039422572082191243e-01
5.259523714026733687e-01
-4.297252794630446182e-01
-4.012983399713054844e-01
-8.316380300695140892e-01
-6.317493154255502397e-01
-7.902331247960102389e-02
3.845247130427039695e-01
-4.085522268345628261e-01
-6.094832363758051486e-01
-3.594148162538065017e-01
4.937259467981602867e-01
1.000000000000000000e+00
1.843443205449534217e-01
-8.875010914250541783e-02
3.783176162242505303e-01
-7.153769050179541455e-01
6.480404104519256192e-01
-5.796428592059962304e-01
1.519356001308910797e-03
-3.091653574905651181e-01
4.304347572360475160e-01
6.147124306652311798e-01
2.321800937892838368e-01
-7.010968353339651626e-01
4.331720580481080440e-01
-5.818159963517791633e-01
-7.782980185573855625e-01
-2.285473177336894424e-01
-5.354601265672018773e-01
3.304180479562475736e-01
8.308236060233475939e-01
-2.068880329656848649e-01
-4.927818838990564720e-01
-6.722250247655645050e-02
6.328305067135550077e-01
-3.382460839264190833e-01
-1.926034000945825997e-01
-8.600130460710443403e-01
3.789788591215319524e-01
-8.142498075501538590e-01
-3.348647774611864802e-01
7.488081880638339793e-01
-2.494220480211849778e-01
9.990079773897173609e-01
3.864421700233803825e-01
-3.593944934337438557e-01
5.198746311391638786e-01
8.596914628259233471e-02
-3.914153341000286002e-01
-7.319189805932102555e-01
1.000000000000000000e+00
1.000000000000000000e+00
2.673958117714599347e-01
1.000000000000000000e+00
7.720568159434990640e-01
5.581383114060656236e-01
-6.460243401217189430e-01
3.040649790132649022e-02
-1.348821194646022126e-01
2.476459498579142160e-01
2.817475375089138756e-02
5.276948053337575661e-01
1.654798589558608146e-01
4.986250961361711198e-01
5.626262059515689806e-01
2.673712985422865285e-01
-4.286858440956148320e-01
-9.457507783878178476e-01
6.713480885112519392e-01
-8.040746768663242783e-01
2.107027388840575222e-01
-4.833276901126858371e-01
1.000000000000000000e+00
-1.434356253488132116e-01
1.028057711822467635e-01
5.127099957655274765e-02
-1.000000000000000000e+00
2.317921217786674259e-01
-4.437635008777825463e-01
4.081163522549067224e-01
8.889362913910098252e-03
1.579571344440151015e-01
6.601922666734605372e-01
-7.069729673302105333e-03
-1.191759540965008357e-01
-2.551828389968328614e-01
4.997595286011569105e-03
-1.000000000000000000e+00
2.772035381860766812e-01
2.427062219191661041e-01
2.474398387565424906e-01
3.676698187606674550e-01
-3.786326583211385710e-01
9.195469249439519599e-02
-1.446435206940069884e-01
1.000000000000000000e+00
-2.444334513773295803e-01
-4.837365176435130115e-02
9.094870329547198595e-02
5.179988194076710073e-01
2.279890306714631443e-01
1.586993631021080264e-01
3.601969334763044372e-01
6.681025816956754904e-01
1.000000000000000000e+00
1.352125511380730671e-02
