-3.976841984742660596e-01
8.191270523227637268e-01
4.901414809889366175e-01
4.844084031380192501e-01
5.650291167721377406e-01
1.687327612961682377e-02
-1.919082575852319172e-01
3.359467111514019555e-01
-2.380804296794841735e-02
1.367561055729106800e-01
-2.647686700465775589e-01
1.941299880365945918e-01
7.498887326895267713e-02
6.688312392542621332e-01
2.344934170709937760e-01
5.673716205496823206e-03
-6.890465245801833394e-01
-4.390365012745931494e-01
-6.566869503283749854e-01
-3.738859975399217994e-01
-4.123461135620960505e-01
5.122147249698376648e-01
-4.815191158356499912e-01
5.123360510100987142e-01
-9.799501212636752001e-01
-9.889022736189273521e-03
-8.256210279568005905e-01
2.467593913178717790e-01
7.715749106171665428e-01
1.000000000000000000e+00
-9.296931054322656873e-01
2.630246364044909191e-01
3.146161720641801884e-01
1.665579925034548769e-01
5.835618782679831140e-01
-3.149920833882889903e-01
5.876946552601913787e-01
1.000000000000000000e+00
5.899298738245900564e-01
-1.444801260570707790e-01
-1.895542380399136140e-01
-2.737247501449015519e-01
8.898612326074307743e-01
-5.256287558282770611e-01
-2.358145636163816727e-01
-1.911419885993906609e-01
5.253623895404487820e-01
-2.226869958964473872e-01
-5.293023349514384135e-01
6.112788989420044061e-02
-9.711257681697259281e-02
-5.156141416495708674e-01
-2.438635702752840473e-01
-4.836042151989106141e-01
-1.483216635869058497e-02
3.629935602044302989e-01
5.436233290706494747e-01
-5.856126517920475782e-01
2.434046199638140728e-01
-1.134321675217699610e-01
-1.477461706511002115e-01
-1.553234921280975678e-02
3.312387001757954169e-02
6.095767614750943197e-01
-8.503091808754748016e-01
-2.449934730003181516e-01
-3.320152137663355263e-01
6.512525170432633681e-01
-5.830196419336513003e-01
-3.796491750574016444e-01
1.440979300773938265e-01
4.374623379997981398e-02
3.389972126384825923e-01
1.000000000000000000e+00
1.147407179974867936e-01
-4.620088047688353239e-01
5.475588282400417617e-01
-3.548661345504357245e-02
-2.037712195088831890e-01
4.101733764336398802e-01
-7.007727433234447467e-01
-4.874176524460521742e-01
2.465188126809992331e-01
6.151662278079689239e-01
-1.614455358506876881e-01
-2.655583917663102422e-01
4.900092560656945095e-01
3.783522315966110772e-01
1.882783904236384753e-02
4.288523337877754305e-01
-1.411974698612552814e-01
1.623945979333484002e-01
6.820506677726269062e-01
-3.432875477777521667e-01
6.375476870242252625e-01
-1.602828281565569501e-01
7.081274992435322435e-01
-1.123787905372666679e-01
3.444781032790280584e-01
9.359697198967333875e-01
1.316918276364021922e-01
3.910890509844241469e-01
-7.166175000263504957e-01
-5.164678139482751229e-01
-8.458085874440379737e-02
6.183355486830014458e-01
-2.093679518268634632e-01
-8.745352867821838405e-01
2.260384371167977469e-01
-5.342034128153703154e-01
-3.026204877817237904e-01
-7.034839619337092120e-01
-1.743300701916221940e-01
9.302519092468666262e-01
-6.688889593213967477e-02
-5.985234893230423348e-02
3.673967278737866327e-01
-9.315584580493466715e-01
9.475021978378000975e-02
-8.378522121368442432e-02
-4.736407196352598326e-01
7.354388600910068963e-01
1.535225023851008452e-02
6.210193820432735601e-02
-2.747681978428097027e-01
-2.253561421658036301e-01
7.776713722372734505e-01
6.868670477225075066e-01
2.090491882826350789e-02
3.482251151077637163e-01
-2.717010930233372812e-01
-7.991207866775067448e-01
-4.109567659542395779e-01
-1.000000000000000000e+00
1.511485971113458830e-02
1.747449929278221958e-02
8.913009060154035712e-01
-4.958281226523109653e-01
-1.927557324584284193e-01
-1.000000000000000000e+00
4.905189824678927168e-01
-7.574534141835370660e-01
5.284360506551035591e-02
2.175268913674847648e-01
-2.115536630756985614e-01
-5.444629569075836173e-01
-7.027968625314289230e-01
5.206543702601875712e-01
3.801743411958541374e-01
-4.800619551299707410e-01
-5.777591399463666288e-01
-4.284982759564283095e-01
3.321448609891767267e-01
-2.157421050764332937e-01
5.076982807113397667e-02
3.475279459915390778e-01
1.135549058333248651e-01
-8.380715302555221680e-01
8.757084571552908869e-01
-2.689881863475674928e-01
1.036095194529313424e-01
4.673813723517274976e-01
-5.222813079563586314e-01
-6.255442547171450318e-01
-4.334655378636448342e-01
-6.336176090337787281e-01
7.047687948346207376e-01
4.880033683776707765e-02
-1.648385394817584171e-01
-1.023698486968219329e-01
-1.000000000000000000e+00
5.756018099886688333e-01
-6.675003028056140097e-01
-3.529333015017743214e-01
-9.022698529195324335e-01
6.768002647586363052e-01
-2.055175939795949036e-01
-1.143402195150661493e-01
-1.068644805431820388e-01
-4.768219322845120844e-01
-2.031492019913665459e-01
5.015678048780014553e-01
-7.831815653950862099e-01
-3.302082334983074130e-01
3.180555817127903584e-01
-3.470489721149698781e-01
3.752102969131435040e-02
-8.060947903999530206e-01
2.929866212460650043e-01
-5.517363314895205040e-01
1.337545722836216699e-01
3.999002546625200494e-01
-9.673200227508074733e-02
4.800075498653886275e-01
3.784435686923115494e-01
6.158721124855696116e-01
-8.924462466411989814e-01
-6.192923589682557406e-01
-1.511710719283455157e-02
2.750951783960238206e-01
3.501349502518432688e-01
7.827690987070067274e-01
-1.445441740621167537e-01
-1.294774021144449658e-02
-1.814627714287738725e-01
-2.054429137117664839e-01
-8.777841338124490189e-01
9.374547360299751997e-01
2.793499208456011740e-01
4.034197976508062666e-01
-1.905323738633433739e-01
3.658959920998485771e-01
1.071670498026748575e-02
4.363105892146357245e-01
3.715271180318416855e-01
5.395558331893015591e-01
6.839325197882391016e-01
-2.165139806842338033e-01
5.245753941466239217e-02
-5.392272632538688271e-01
-2.636296965235319645e-01
4.686222400654647680e-01
-4.108998986876710169e-01
2.122250081449159054e-03
-3.198958990465379792e-01
5.766038785765230656e-01
-9.440213485239292712e-01
6.548027010988984875e-01
4.449181432578601658e-01
-3.185886943320495601e-02
-4.636455968790100801e-01
6.739063027853972043e-01
1.176808468610468505e-01
3.924128675300229130e-01
2.525127186388726463e-01
7.011947188791034513e-01
3.472128467502033078e-01
6.439177910615454525e-01
2.158103238798399770e-01
5.597970480166631485e-02
4.671194573646161308e-01
-3.516356196515492138e-01
3.407028496412072283e-01
4.254609221547981379e-01
-6.630924398681177223e-01
2.816668207731301554e-01
2.475267011651436644e-01
-7.641069693254658179e-02
3.469255242720878929e-01
1.226827203951861012e-01
-1.753733024829513820e-02
-1.226642082049297783e-01
-3.168720141475540597e-01
8.498158040904266741e-01
9.587270447906781623e-01
-2.280437991945836462e-01
3.792628564200469787e-01
1.000000000000000000e+00
2.050155878202558069e-01
5.914586541950364040e-01
-2.241892884252388307e-01
-1.449793151484737586e-01
3.852838650215133914e-02
2.832186825617436510e-01
1.182332757620040281e-01
