-1.956330703481012900e-02
1.000000000000000000e+00
-3.585720048679795491e-02
1.856630076409517827e-01
1.245546291253518678e-02
-3.019223680552358124e-01
3.870402461970695596e-02
-5.356313063531457086e-01
-1.560844695811991478e-01
1.000000000000000000e+00
2.759439054201426877e-01
4.391459000699939330e-01
3.081865487386331037e-01
-4.050261474715025622e-01
-6.846464843229377317e-02
-2.066022205221074159e-02
1.008021186829329285e-01
1.424140310051388858e-01
-2.869085911346163087e-01
2.627025110945122588e-01
8.772220915618605952e-01
4.022430979460349665e-01
4.851712872556232514e-01
-1.715385140913137652e-01
-5.883453207199332846e-01
4.256728742657214792e-01
7.373675152569169056e-01
1.000000000000000000e+00
-3.119241887949615599e-02
6.730309695628192701e-01
2.586021288058410472e-01
-1.000000000000000000e+00
4.340074465916979318e-01
-1.000000000000000000e+00
-6.979733589232192670e-02
5.403258527868456396e-01
-1.000000000000000000e+00
-2.534448584663626103e-01
1.221455646275339257e-01
2.825997622665521458e-02
2.499216049816984919e-01
3.442750530851161894e-01
-3.837693659405684854e-01
-7.972370554292976252e-02
1.211456558398543160e-01
9.269409065165351569e-02
2.230268846981781072e-02
8.412588645916219132e-02
-6.338339407249052870e-01
-2.025661735703913335e-01
6.124500607130012320e-02
-8.224314091551371275e-02
-9.178143409465625013e-02
4.194298202343538229e-02
-1.871823431141063643e-01
4.122083738735657921e-01
-1.000000000000000000e+00
-4.011155509680557896e-01
5.679592401534624968e-02
3.708171270030204969e-01
-2.994000481584226381e-01
-6.524995570976047654e-01
-4.338228445534859645e-01
8.901056121192148229e-02
3.900532282490111746e-01
4.174293256129589791e-01
-4.587776590630743279e-02
-4.085579587132416313e-01
8.556378083097198051e-01
-4.224696280766719880e-01
6.057472547441440369e-01
6.573443648952073115e-01
-8.874880341623784252e-01
-4.439779041905828616e-01
8.558645439923401321e-02
1.538211779848012994e-01
-6.660878238595961953e-01
-7.915126084809640528e-01
-3.440897134612050934e-01
-3.607172213372624725e-01
6.387556724392013940e-01
-2.240967714912448783e-01
-5.118572710010561577e-01
-3.986201129174935520e-01
7.117703998708800883e-01
7.408179063248835350e-01
-4.165940450300241737e-01
2.262773356543110737e-01
-1.000000000000000000e+00
-1.000000000000000000e+00
2.891848527428201310e-01
5.574774677688978386e-01
1.703768916452158000e-01
-9.266126608451465962e-01
2.475672279914152285e-01
-3.838538238899646265e-02
1.041891069450679164e-01
2.983930507845385938e-01
5.811625287392659933e-01
4.987996597692869738e-01
-1.351978130529062627e-01
1.000000000000000000e+00
-1.812412230625272125e-01
-1.000000000000000000e+00
8.772070379657157524e-01
2.318265407494057295e-01
-1.255577902947859481e-01
6.016751353047081752e-01
-4.177714898186774550e-01
-7.618015157827888739e-01
-6.657159331714201933e-01
-5.894068511953599598e-01
-6.928138926918745444e-01
6.254465780772097139e-01
1.693066501669412971e-01
-3.133512308213703967e-02
6.418415038777953718e-01
2.552046813767039346e-02
-3.433802676975872270e-01
3.283445252976833206e-01
-1.294321209122343275e-01
-7.033647525936981282e-01
-2.109728531657573680e-01
1.032470778154863933e-01
-9.701935339464581864e-02
-3.910845763134968567e-01
-3.850042000896637395e-01
4.688030794818556224e-01
-6.965028017421964757e-02
1.629728095319831482e-01
-4.356475084224492034e-01
-5.328646073255762783e-01
5.282586493565419872e-01
9.562774923006021888e-02
-1.523110973852578598e-01
8.846450885646518492e-01
-1.847414441049690936e-01
-5.679533730204950892e-01
-8.179304809112967201e-01
3.575326684948569866e-01
3.123357265279297912e-01
-4.707207523153371098e-01
-3.724550744831381377e-02
3.374549400611284722e-01
-1.000000000000000000e+00
3.514020032931258752e-01
-1.000000000000000000e+00
-6.224812620057376122e-01
-1.000000000000000000e+00
-5.110535508601350696e-02
-1.000000000000000000e+00
-3.232641195948298130e-01
-2.132534838641225172e-01
3.037879578210378462e-01
8.400997805388001061e-02
8.450432825522373737e-01
3.526309850423274828e-01
2.839559157414857093e-01
-6.560087380083015063e-01
-8.272572989774402974e-02
-7.239913692899938580e-01
2.228062441504125857e-01
5.567579480958260163e-01
-4.374881338809295528e-01
3.199002384329384663e-01
4.545651671182429632e-01
1.666138363717297455e-01
3.355227921376641165e-01
8.773034615453947915e-02
-9.447989798683979756e-02
-2.168438382374759943e-02
5.422229550532946529e-01
4.057384753381469422e-01
1.282636566701120251e-01
3.804653432459501050e-01
3.123002446037448365e-02
2.450095328984386867e-01
-2.536608401545233926e-01
6.736326251513339303e-01
2.468365880666535672e-01
-1.000000000000000000e+00
-5.790134922876035706e-01
-1.225602029419719380e-01
-9.207369506882075172e-02
-1.557138457158935008e-01
-1.030704688966750382e-01
8.687811442904682657e-01
4.764904611287611447e-01
1.357166757099200483e-01
1.287337337351923128e-01
2.529429541527619119e-01
4.652225105858877607e-01
1.315836338605352873e-03
5.164249660727210367e-01
3.563914951779792450e-01
-1.777227462008001968e-02
-6.566155234448733946e-02
1.000000000000000000e+00
-7.367775471787952890e-01
-5.567285052321084837e-01
-3.113764545356129121e-02
-8.967505297794866603e-01
3.188374525682930449e-01
3.545461651554654425e-01
5.589469432317760722e-01
-1.989228469298207069e-03
-2.636528878838914625e-02
-3.759843824531061696e-01
1.262309837845546900e-01
-2.425393118403096349e-02
9.591381072303933886e-02
6.682742002413201154e-01
-1.437729517887771369e-01
1.000000000000000000e+00
-2.165298853902217213e-02
2.371466272427635857e-01
4.902062924596358728e-01
-4.787802672936024295e-02
-2.147494023584425038e-01
2.590525790176868015e-01
1.586566561272177989e-01
8.279582972695387344e-01
8.043218804203925432e-01
7.423781728224605470e-01
2.645564212828827033e-04
1.385479291889784859e-01
2.899752424920045701e-01
-1.000000000000000000e+00
2.029398602152928666e-01
5.136401826252337544e-02
7.096455157113558121e-01
9.824479190235228809e-02
6.077857282171056363e-02
2.263879849315643122e-01
2.427791059771901988e-02
-8.495114985705159993e-01
-9.641395277396069829e-02
3.988081506980608454e-02
-2.387963119457690020e-01
-7.826729442450719443e-03
-2.809755667267721524e-01
3.779911542170503735e-01
7.955636998230271040e-01
3.469350834401402905e-01
-9.306986526893816503e-02
8.096329580356814715e-01
1.000000000000000000e+00
-1.030996902725911241e-01
-2.679508084179259564e-01
3.331229529555932989e-01
-8.289220034956403804e-01
-1.158037116067921757e-01
2.733922125458233543e-01
3.596292381444560204e-02
4.017111373388887463e-01
4.659340797026785275e-01
1.969533076370455493e-02
-1.820412770841013383e-01
-3.250140896584838290e-01
-1.000000000000000000e+00
4.687282717777257468e-01
6.265656306686356869e-01
-4.317215337956553656e-01
7.311583480050334316e-01
6.699935678014662388e-01
