-5.777207018165267383e-02
3.799747346445027651e-01
-4.598046234321672698e-01
4.069499888579395930e-01
4.198540366279122082e-01
4.148843950672183034e-01
2.582408175101903458e-01
-6.194384650438298223e-01
7.341776074468382429e-01
-4.138235025404928269e-01
7.025480896438744960e-01
-3.110676481476980504e-01
8.842085314890228698e-02
8.133743857193173610e-02
3.766959993692671205e-01
2.064251897347312847e-01
-1.000000000000000000e+00
-1.083412845734371549e-01
2.805955310713418305e-01
6.470150483335033176e-01
-1.000000000000000000e+00
-4.914901428558890450e-01
5.790277928637578286e-01
2.671052321082122427e-01
-4.660801224087143257e-01
-1.000000000000000000e+00
-6.027818351777846084e-01
1.000000000000000000e+00
-2.353930756785581058e-01
-6.228283592213850611e-02
9.544819560690186444e-01
-5.336797162073061429e-01
1.794219601784514673e-01
3.149644562652338386e-01
-1.063097684797759540e-01
-8.160526953425685237e-01
2.440063003563404109e-01
2.763823864389517992e-01
-4.249039694906084352e-01
-5.089519214051407836e-02
-6.087402467152427388e-01
7.112049648189630036e-01
-5.891947953876566224e-01
-4.807114435358074422e-02
-6.787953954497396580e-01
-1.000000000000000000e+00
3.414108201672955700e-01
-1.229373079461543727e-01
2.964571743009357108e-01
2.469082302487822234e-01
8.116859212240659649e-02
-6.512399355275431123e-01
-2.150949356747914321e-01
-6.359680668814982063e-01
7.610459453319342593e-01
-3.585650507440099055e-01
-1.942132097613728445e-02
9.423730341330177618e-02
-6.104571742263327216e-01
1.000000000000000000e+00
-8.052658569815929201e-02
7.520975309815502996e-02
-1.150933441550293923e-01
-6.718575898582891670e-02
-2.496888519123303674e-01
1.791193821943445896e-02
1.000000000000000000e+00
-4.126803085407350080e-01
-8.747254427018925638e-01
2.929824219952151809e-01
4.492363883369099864e-01
-1.300943796782850770e-01
-7.633918984439674871e-02
3.959492528076155593e-01
-6.466043772449971971e-01
2.831327030205519901e-01
-5.542102818830377808e-01
8.615020157650346566e-02
2.320449459594724206e-01
7.200626089118605799e-01
-5.580941607833171947e-01
9.564960174248676728e-01
2.114882104853844647e-01
3.261900222736950905e-01
-2.142963028382089408e-01
2.248300482903825559e-01
3.215840143877020108e-01
-7.617332704273477306e-01
8.865880290050455470e-03
-4.533975220057584465e-02
-5.272411800751957145e-01
7.891674860383218748e-01
2.858223446456136796e-01
-5.056255013513258900e-01
-5.027109987440170347e-01
5.392851387334585134e-01
-1.340439451620991651e-01
2.047266496833882454e-01
7.305396942088524526e-01
6.627112375876713646e-01
7.688722889194606891e-01
-8.213247721620285657e-02
1.000000000000000000e+00
3.053718616160939758e-01
1.000000000000000000e+00
-2.788625783979215567e-01
7.692816490780098881e-01
-5.551913249573519060e-01
-1.576981903659705198e-01
2.620102390300492745e-01
-2.383974548698250817e-01
7.388191439864620902e-01
-5.109141431310418868e-01
-4.268775430625528777e-01
6.443097536029435135e-02
6.644150070830337484e-02
-1.000000000000000000e+00
4.002172605374856307e-01
-7.598696476844004621e-01
-4.062612749439362680e-01
1.418381126698086969e-01
4.310458595313152452e-01
-8.367045580618623357e-02
-8.174927464987489234e-01
-6.359958591626228008e-01
-1.000000000000000000e+00
5.827037119161082579e-01
-1.000000000000000000e+00
-3.007244940243989362e-01
2.986661935970067600e-02
-6.559863907719896137e-01
-4.105219243667126428e-01
-3.099921640417408475e-01
-4.155318950448579907e-01
1.318611592405913302e-01
-6.351785943855341177e-02
-4.595088114702617493e-02
2.614861651012147931e-02
-9.832719889402624647e-02
-2.688223991324839579e-02
-1.047849563447544596e-01
7.974256903979783928e-01
-5.408350017800056531e-01
1.000000000000000000e+00
-1.000000000000000000e+00
-2.127589421553330029e-01
2.898392046129787958e-01
3.547014577087782561e-01
-2.777890561353222876e-01
6.439839462893900413e-01
-2.418480042570870792e-01
-3.366689846777023432e-01
5.220113385439150155e-01
-9.079483722384866784e-01
-8.811927249452964350e-01
-6.195783013507172310e-01
-1.604109689549170492e-01
-5.122926221887704745e-01
-2.209945077352801768e-01
-5.381521194576429634e-01
-7.124749901808504760e-01
-1.347539389949234945e-01
-9.085751154774296401e-01
1.000000000000000000e+00
-6.588428465259393851e-01
2.114188528299478231e-01
-6.128710066125237638e-02
-3.136567773217424637e-01
1.222313226994666269e-01
9.867811577352669783e-02
-5.612447456482230201e-01
-3.591448259107237750e-01
-1.720446973011248715e-01
-1.000000000000000000e+00
1.000000000000000000e+00
-4.337434519135350830e-01
-3.725393444124774356e-01
1.696241809124871547e-01
4.837487642911586505e-01
2.730558041611566011e-01
-1.516299432225622079e-01
-1.956212293163043514e-01
-2.221696732963334697e-01
3.767473889249364771e-01
-8.768138612740500326e-02
-5.729388709870776586e-02
3.409183892299245677e-01
-8.097330305284958785e-01
-3.808643252264251045e-01
2.455450608340346008e-01
-4.471020667178100538e-01
-3.608657617732174416e-01
1.864194816055339265e-01
-8.829145170374398388e-01
2.921048332464070696e-01
-4.060011289086125630e-01
-8.250307943508158881e-02
4.213001323273126708e-01
4.735707236572172518e-01
-2.900426995945067921e-01
1.838029547456526691e-01
-7.353138179840457145e-01
8.236609396341241229e-01
3.656696077643427634e-01
8.619327927341887685e-01
2.776021996210285003e-01
2.780606062740130779e-01
2.263964827873429508e-01
2.610402555471031949e-01
-4.384744809234532026e-01
-4.165953926997320034e-01
4.051649110037889301e-01
5.513873756119663100e-02
5.257638098505028612e-01
5.773645215549384480e-01
4.306467030281280195e-01
-5.167196780834982794e-01
3.389872241102907524e-01
8.148644866994454450e-01
-4.307745293830269606e-01
-1.341273949844884461e-01
6.169105532071441633e-01
-6.073082711691497604e-01
5.727630046625964422e-01
1.312191707477240454e-01
-1.726420766761692371e-01
7.124519353677518652e-01
5.138922753037721280e-01
2.154951651334874319e-01
7.523952954434341978e-01
1.000000000000000000e+00
-1.986783241774823516e-01
2.258745273514762286e-01
3.912617599582994821e-01
4.186444332512657684e-01
2.792257776189938090e-02
-6.067551342361224842e-01
3.020588416145355559e-01
1.736255933868434409e-02
-2.522577543504814224e-01
3.985511037032479775e-01
3.150039112810463782e-01
-7.151112359443221322e-01
1.000000000000000000e+00
9.715495185081293172e-01
-5.808130259694909148e-01
-9.027566594756445406e-01
9.115844156166206247e-01
-5.492551223472209587e-01
1.000000000000000000e+00
2.919689767050593909e-01
-3.768001081118892426e-01
-6.952445280482547618e-01
-5.288591425987174688e-01
5.120575015354814630e-01
6.834117856966099858e-01
-3.037797815539678981e-01
-4.245562132658188270e-01
6.898860945467089056e-01
-1.870687328050607279e-01
-3.774855295741342820e-01
9.849333953347455539e-01
1.000000000000000000e+00
-5.125703401523687974e-01
4.780036038055239800e-01
