-5.620341074003994963e-01
1.735327383430836923e-01
-4.811938420510124548e-01
-5.457918932379677290e-01
-3.444095541394121551e-01
5.392684662759011927e-02
2.337583517707050307e-01
2.715546305096857016e-01
1.000000000000000000e+00
-1.432664249479457044e-02
-4.395032654153544494e-01
-1.996288444864736111e-01
-7.236474095881060276e-01
2.400463471422726591e-01
-1.987252254753848479e-01
3.286389852433114767e-01
3.754877723906425713e-01
5.310302592898666907e-01
-2.655449923340522655e-01
-5.023361949834125040e-02
2.252637349510570319e-01
3.445441212102102746e-01
2.083505590537055863e-01
-1.775167494171981941e-01
-1.744113256968415904e-01
2.671504273599697443e-01
1.809462798660081417e-01
-6.027067676399269769e-02
6.097515832073825692e-02
1.657842381510128693e-03
-3.850662250102807604e-01
5.502902488793445235e-01
1.050764602818661519e-01
-2.540122651403002862e-01
-2.913994822411997698e-01
-4.633192339882904326e-02
1.000000000000000000e+00
3.762975508834472127e-02
-5.358834425061134166e-01
2.754768047982016910e-01
-2.529657366584216471e-01
-2.922820311743395960e-01
1.573469236993701170e-01
4.268199669277407404e-02
-2.569699170541723809e-01
4.553950046504804394e-01
4.679432609060376058e-01
-4.774902289235601338e-01
-6.089403206416191816e-01
-1.509680344627702397e-01
-5.618188997908617477e-01
-6.986229968100858834e-01
4.232866196910923806e-01
8.281055899379240193e-02
-1.729719697466088058e-01
-6.380195186065965585e-01
-1.775209682753501883e-01
3.364345184445856063e-01
-4.512675945592180549e-01
-1.000000000000000000e+00
9.191156016842766396e-02
-2.023681452873941911e-01
-6.629553280589403075e-01
6.671476487315534110e-01
-6.742120835995438766e-01
-6.881130379127715635e-01
5.206061836654347630e-01
7.363091882352529316e-02
-7.798823603969462503e-01
-6.489992064206091538e-01
-7.978310504191530317e-01
-3.136827527424762008e-01
-1.251259931496484235e-01
-9.660097200031430020e-01
-1.991196190617860462e-01
-5.469281634084213195e-01
-5.082418269885222717e-01
2.333728376379686775e-01
-2.047594571688515774e-03
1.000000000000000000e+00
1.883891004132112745e-01
-4.619290922874366712e-01
-3.086672382542174908e-01
-1.200692023441122386e-01
9.071693210247283590e-02
-1.888520800918089271e-01
-1.405352705092377807e-01
-4.339967431341814619e-01
-5.113327355165148136e-01
-8.501495942624112678e-02
2.782853919231719209e-01
5.100770188158479934e-01
-4.325880657976942656e-01
-5.412881543366674375e-01
-1.000000000000000000e+00
-1.000000000000000000e+00
4.132027144675037844e-01
-7.458577113052298202e-01
-5.085911268794886253e-02
-2.333112489876149054e-01
5.789763019255212972e-01
2.446948887230297187e-01
-6.002774123986531762e-01
1.329417776176191057e-01
2.636000791541889821e-01
1.672344998684166528e-01
2.585867709781328183e-01
-2.049403933931042143e-01
-1.289715170655164264e-02
-1.000000000000000000e+00
-6.458090983303532706e-02
8.211804603511020650e-02
1.000000000000000000e+00
-6.648979505702865556e-01
2.955400157539265216e-01
8.014894746947767712e-02
7.193676608003307660e-02
3.202140236481346713e-01
-4.156011415408030762e-01
-2.591574509415121019e-01
-3.665111062482120929e-01
3.987909348954028488e-01
-7.305032993832993871e-01
-3.294292467593205043e-01
-8.196467547960790689e-01
5.263738946904432670e-01
-5.466374930911213070e-01
-4.178714293844252303e-01
-2.121096769773912760e-01
-1.448221792318116208e-02
1.327159383176180762e-01
1.595113338599736807e-01
-5.189674416008940305e-01
1.000000000000000000e+00
-4.876634535870820741e-01
1.000000000000000000e+00
-9.000681409345568929e-01
2.320420642185550553e-01
7.709495684329040754e-01
7.497043327494848364e-02
-4.313664194930352802e-01
3.269694479057956849e-01
-6.245355771811754442e-02
-7.429712442664654359e-01
1.152744186831990425e-01
5.907785922637163178e-01
-1.385806983933652869e-01
2.468293061313347747e-01
2.049369895217141024e-01
-4.587923704222935939e-01
8.517432963314941485e-02
-3.723007876266674621e-01
-1.000000000000000000e+00
-1.000000000000000000e+00
6.400845462639961347e-01
7.614506401430730376e-02
-3.575999003997407666e-01
-7.324634237636670209e-01
1.628580317033168079e-03
1.459088764420935491e-01
-3.302071669194672765e-02
-1.430477125459679866e-01
-1.000000000000000000e+00
-7.957243800470398254e-02
1.745591080781347115e-01
2.068644551898643491e-01
2.822050686261253771e-01
-2.808748555060449625e-01
4.450647638226051805e-01
-9.363252048682847439e-01
-4.457438773195038784e-01
-1.282649246362910500e-01
-4.676837779344168444e-01
9.506168587611843468e-02
-2.142269511998134424e-01
-1.157494421765893483e-01
1.585365979277100767e-02
-5.153480979362222714e-01
-1.777724070262062250e-01
-3.900652003472473428e-01
-2.022288394523060195e-01
8.886761636728568448e-01
-1.000000000000000000e+00
3.533209356743094443e-02
-7.523870961115090017e-01
-4.868922085442487502e-01
1.518353526598554548e-01
3.966416207429854790e-01
-2.053879235483405952e-01
4.763038733611979492e-01
-3.612903907565544470e-01
3.503602272010804541e-01
5.840658559027761543e-02
2.202015403879082900e-01
5.421664892708975003e-01
4.356379996197476401e-02
1.445961753250040727e-01
-1.000000000000000000e+00
1.408991052397831623e-01
7.636118208053777057e-01
4.045099272500400356e-01
-4.798536662324264235e-01
-2.069917318453733945e-01
2.405700405826587396e-01
1.440384838216836605e-01
4.873722872227506109e-01
-1.680596928571131965e-01
1.000000000000000000e+00
-1.000000000000000000e+00
-1.000000000000000000e+00
-1.855640066898857077e-01
-1.332204173122115143e-01
-5.229114466186957771e-02
6.034341021176756747e-01
7.783464580843053593e-01
5.777046936529928178e-02
2.032087061494218250e-01
2.825934789499439659e-01
-4.896742634357085233e-01
-5.434681723135217357e-01
1.832775316906943841e-01
1.414126643577527653e-01
4.274868508828231772e-01
-4.028893843032026467e-01
3.245490448241273307e-01
8.060315402759219428e-01
3.066104266712678106e-01
2.498895651848910271e-01
7.346763961417082101e-01
2.897074552430891070e-01
-2.439606151193474404e-01
-4.251316369122897232e-01
-2.553783619547896344e-01
2.816026225792535587e-01
9.091981725910941448e-02
3.820593656804761595e-01
-5.793700873195813117e-02
-4.055050834865230880e-01
7.215864522373560686e-01
1.000000000000000000e+00
-2.974653251756329553e-01
5.209882944091172030e-01
3.821388879461216637e-01
6.380722996754588650e-01
-8.138443358756770885e-02
-1.267519063210164887e-01
-2.953517032774828910e-01
-2.872543951830465181e-01
-3.739391724207539180e-01
-1.000000000000000000e+00
6.528546801856005555e-02
-8.393234190185888677e-02
1.000000000000000000e+00
6.965728774681857749e-03
-7.204900314985087650e-01
3.445819835210277571e-01
1.324088467338130903e-01
4.191941336497123083e-01
5.144022889018814299e-02
-1.000000000000000000e+00
5.021029767191339532e-01
4.415040087694113713e-01
5.896794055941347867e-01
-2.811202395404925891e-01
2.913799477662900594e-01
