
0 47.853671 -2.156534 8.786641 -30.0
1 65.255941 7.508751 14.520337 -20.0
2 65.282195 20.716435 16.660754 -10.0
3 83.745776 28.114744 20.563135 6.4
4 87.227137 34.817138 17.650669 39.4
5 87.345847 38.284343 17.481609 39.4
6 87.227137 38.743948 17.522339 34.0
7 87.345847 37.547828 19.208918 39.4
8 87.345847 42.03859 16.822438 34.0
9 87.227137 41.695905 16.682808 39.4
10 86.576714 41.722604 17.208633 38.8
11 86.576714 43.054343 19.327346 38.8
12 87.345847 42.802205 19.279316 38.8
13 87.227137 41.06818 24.451316 39.4
14 88.191655 44.735861 19.687731 38.8
15 87.227137 47.434697 18.96192 40.0
16 88.191655 47.15519 19.9086 39.4
17 88.191655 49.34607 19.24208 39.4
18 86.933808 49.813842 19.250081 38.8
19 88.697405 52.068911 18.772082 39.4