
0 21.68188 -3.319853 4.770253 -60.0
1 56.853671 10.466361 13.992559 -40.0
2 66.326677 21.73411 14.998129 -10.0
3 84.652892 29.39111 15.87352 -10.0
4 75.306268 31.64185 16.112274 -10.0
5 66.852506 33.796599 16.396985 0.4
6 66.624722 35.480787 15.387781 14.8
7 88.723266 39.015925 17.375179 37.0
8 87.179745 41.474126 17.506704 14.8
9 86.55194 36.702147 24.99614 32.2
10 92.212447 44.286661 17.758989 23.2
11 91.716241 45.417703 18.457707 23.2
12 91.716241 46.337807 19.179303 23.2
13 86.911054 49.150718 18.757697 10.6
14 86.862547 47.112307 20.191822 27.4
15 87.999644 52.708112 20.521667 23.8
16 86.616796 54.610189 20.75377 27.4
17 89.158336 53.465798 21.254397 32.2
18 86.556168 52.554721 21.42743 46.0
19 88.725064 56.705169 19.995144 43.0