
0 38.24773 -2.051104 7.339028 -70.0
1 57.540414 8.56135 14.551647 -40.0
2 88.450069 26.348272 16.082777 16.6
3 66.450924 31.209871 15.550507 12.4
4 86.035982 31.399603 18.186324 16.6
5 85.592828 32.965426 16.22366 -10.0
6 86.436168 37.27572 17.644687 16.6
7 88.738336 39.871507 19.158969 42.4
8 87.465064 43.268822 19.434079 12.4
9 86.395982 43.529803 20.157353 19.0
10 85.592828 43.319267 18.390916 13.6
11 86.196796 44.836718 18.627353 35.2
12 87.770607 43.259785 20.084173 19.0
13 85.905064 47.849606 18.189075 17.8
14 89.136796 48.083253 16.85327 20.2
15 89.136796 50.786788 20.297312 12.4
16 85.905064 49.003931 19.024394 38.2
17 90.41731 52.377919 17.867331 56.8
18 88.656796 53.852151 20.295647 46.0
19 88.991096 57.884203 20.02349 48.4