
0 57.42027 -1.947765 9.400717 -30.0
1 57.42027 8.375201 13.28411 -20.0
2 85.202232 20.347327 17.106589 3.4
3 87.032828 29.71556 15.624099 13.6
4 83.882232 32.261759 16.277966 3.4
5 84.062232 34.578537 17.547679 56.2
6 86.1005 37.342266 17.74605 28.0
7 88.497563 41.053513 18.522111 41.2
8 87.992828 38.206628 26.442989 53.8
9 87.733573 41.977058 20.494144 34.0
10 87.202294 42.634289 19.846156 56.8
11 87.202294 43.372394 18.659064 28.6
12 86.810696 39.275063 22.32064 41.2
13 86.796168 47.600409 20.700789 50.8
14 88.387916 44.680141 22.031565 53.8
15 88.497563 44.410996 22.203777 32.8
16 88.387916 47.979377 20.337453 50.8
17 87.733573 49.098643 22.462514 50.8
18 89.385064 45.91904 28.297048 56.8
19 89.385064 50.780377 20.302285 53.8