
0 4.545653 -4.131334 3.053442 -80.0
1 75.102846 7.943997 13.89815 -10.0
2 57.386872 18.961781 17.025124 -30.0
3 67.016393 31.604822 16.65429 -10.0
4 75.176954 34.406979 15.930721 -10.0
5 75.059829 36.507483 14.88986 -20.0
6 87.216796 38.511433 17.285348 -10.0
7 87.872892 39.490719 17.424604 -10.0
8 86.792828 43.400587 18.91397 6.4
9 87.898336 44.534756 19.094817 32.2
10 84.973573 41.350612 24.01199 25.0
11 87.456168 46.628552 18.906491 30.4
12 86.732828 48.541891 19.051784 25.0
13 88.052892 48.93809 19.741405 29.2
14 87.456168 52.793841 16.750839 25.6
15 88.122547 55.836316 19.031882 37.6
16 88.718539 54.957319 19.772094 40.0
17 88.545064 58.9768 19.104224 42.4
18 88.718539 56.888122 19.551337 37.6
19 88.471733 54.8445 20.417155 42.4