8.971483850262987336e-03
-9.423722424740083037e-02
1.863518296596365920e-01
-3.235629335689259589e-01
5.573187526661181890e-01
-2.212140529291140023e-03
2.942023569083151435e-01
-3.094369386241982989e-01
-1.787683513389887735e-01
2.487187858071594482e-01
2.753616804121177819e-01
-5.848794607287321340e-02
-4.040424224814690435e-01
-2.876362331785692339e-01
-3.881533896833087582e-01
1.956371921066866748e-01
-1.000000000000000000e+00
-8.776221269474561160e-01
3.310267037585108985e-01
-7.506640050921431495e-02
5.361123711239243472e-02
-2.096236610493132368e-02
2.399280948464630192e-01
5.009271704482676224e-01
-9.214829519158633520e-02
-9.258917647540293450e-02
4.973869856742893503e-01
-6.514267260025055073e-01
4.860975364718325142e-01
-8.219699189641840320e-01
3.268242998717753311e-02
-7.443851988024358102e-02
-2.647388594856576738e-01
-4.617913504157074578e-01
-2.354786048946070354e-01
-5.062472654276880535e-01
-7.985641112806000086e-01
-2.243278341148939869e-01
-1.022143776987419761e-01
3.985856892760720194e-01
-1.000000000000000000e+00
2.819174114385344931e-01
-3.487774489344488971e-02
4.316705859200061779e-01
2.873314940005373685e-01
4.224661492556036069e-01
-3.779199232367920769e-01
-2.112269534838890905e-01
3.342005238182685911e-01
2.128670969666648372e-01
-4.806126776062064065e-01
2.073910540590158391e-02
4.228569782578296410e-01
5.690092603158254381e-01
-2.035938345340294608e-01
4.821321181221271956e-02
4.953645261460652982e-01
1.857825604061641434e-01
-2.717601256952384969e-01
6.139817280961314960e-01
9.856296492598943804e-01
-1.730326129022705384e-01
8.772352810026821102e-01
2.123701372952472299e-01
8.523517320506590611e-01
-2.845746250919817255e-02
-3.999188557514453679e-01
-5.094117944020746247e-01
-4.334573118066258335e-01
1.325053206415961193e-01
1.354550745070240980e-01
1.499519963413557533e-01
-2.576503674015921952e-01
-4.232033118821147688e-02
5.867311505672629934e-01
-4.449164351426772579e-01
1.000000000000000000e+00
-4.207889868476517858e-02
4.189285301111203563e-01
-2.618051062909804508e-02
-1.000000000000000000e+00
4.179984600732991051e-01
1.161873381105253955e-01
-3.434144626818625423e-01
-1.000000000000000000e+00
-4.195477106700873371e-03
-3.206526838915226274e-01
-1.696745466417806658e-01
-4.462902452379259310e-01
2.270267699244364057e-01
-9.965192225926293446e-02
-6.478189672561582846e-01
6.942114498879305984e-01
-2.124409340519757272e-01
-5.531578390510873133e-02
3.043287477779347827e-01
-2.628976717813681918e-01
-5.183629625032244448e-01
-5.613162890076580647e-01
-3.673612696405120781e-01
2.637943157713153464e-01
4.400030282125140246e-01
-2.428460055960915409e-01
4.049193425182494588e-01
-3.795804286729236865e-01
1.106186946991569997e-01
3.389563845814301257e-01
-5.969159252740049437e-01
6.864711510771093206e-01
2.127547358270234223e-01
-3.981776478965101673e-01
-7.956746478123782884e-01
3.412080456326647970e-02
3.787384280468255593e-01
-4.729309600323983176e-01
2.913737860011594849e-01
-1.011725512282904971e-01
-4.083029156624877476e-02
1.863038321785739221e-02
-1.131510876898510626e-01
1.281625027644947290e-01
-7.220255440300027416e-01
4.650590248567657015e-02
2.461011309110470169e-01
-5.377496879094176285e-02
-5.599459119738769974e-01
3.158424462782964681e-02
-8.309802557646761567e-01
7.126947978225911529e-01
2.823987513222891987e-02
-8.597131768436456767e-01
-6.261399206536208961e-01
2.910005207632532231e-01
-6.698213398239254435e-01
-2.107289918737541290e-01
9.821198373099262469e-01
1.147692423092398772e-01
1.814901477513023165e-01
-3.694084952509024133e-01
-3.917157151274463511e-01
5.366863942242425800e-01
1.000000000000000000e+00
8.686345029747691848e-01
-8.257528398172319095e-01
5.465415955368716494e-01
-1.000000000000000000e+00
8.197726957497167843e-01
-9.003540467848811235e-02
-4.370820474576214143e-01
3.943826575206510476e-01
-1.672566597793786192e-01
-8.196204056437017549e-02
2.875569438997887528e-01
-2.053013646098938993e-02
-7.100194468593202801e-01
-1.276614621149400608e-01
1.076130259259738958e-01
-1.067526292473765792e-01
3.689160024327354792e-01
-1.379208292258145008e-01
-1.220253116160650020e-01
1.257527797535534786e-02
4.968279296882842089e-01
1.000000000000000000e+00
5.281488641977188925e-01
1.000000000000000000e+00
-7.836821207632311825e-01
-6.126705419395647029e-02
8.507399010565838693e-02
6.442461225590028207e-01
-5.809930422655074089e-01
-2.699438125472891636e-02
2.007066571253416365e-01
-2.358161148976178345e-01
2.704267843470673505e-01
2.500524341109618964e-01
-2.372023077284737824e-02
-7.850066313252697381e-03
3.144804836564574213e-01
-3.104315596507960517e-01
1.745718350883579406e-04
-9.840503366680747321e-01
7.015543929826765224e-01
-3.038692053994880293e-01
1.573379529077571226e-01
-1.597836067273712968e-01
-4.121613558958766022e-01
-1.461190950432165736e-01
4.718658086225591686e-01
-5.843412497510412917e-01
-7.633476914702560512e-01
-7.275148953836843013e-01
-6.031440513008620163e-01
-5.407495674981387390e-01
7.549672318277903527e-01
-2.135316523246676979e-01
-6.023535394958672295e-01
-1.104008645696271385e-01
2.806243310871887608e-01
-5.174550080258393248e-01
-2.633176059880570907e-02
-2.784651967863678301e-01
7.359778706507503765e-01
1.861122605560711352e-01
6.100393605600074043e-01
-1.000000000000000000e+00
5.934591731158721517e-01
8.386203495338950820e-01
2.127534719225528392e-01
6.984084440613574918e-01
3.115181368350755098e-01
-5.878294452949779370e-01
-5.557822498387577914e-01
1.376723324682313787e-01
7.867422583930108182e-01
-2.826502273173804869e-01
-7.562530069805599442e-02
-1.637097004829227986e-01
5.508705855515134697e-01
7.146342834017840318e-01
-4.307976919421614703e-02
-1.999373497419968948e-01
-3.263992853413775208e-01
-2.026231943812534242e-01
7.970634512589226395e-01
-6.194555163884470916e-01
2.313466370587077131e-02
-1.498119424796500732e-01
5.612417893867526208e-01
1.803757464460430393e-01
-2.224361093835764136e-01
8.642487199960929845e-01
1.885924083634437087e-01
2.913019082161126816e-01
8.069581517021419126e-01
4.508158122577242410e-02
-2.838676633795644277e-01
1.147034342551532249e-01
1.404043976192021759e-01
-3.862820905727215592e-01
1.000000000000000000e+00
3.735151778046291171e-01
-9.285556534168817322e-01
6.151970872857062123e-01
-2.244215405428004739e-01
-4.221346055436792088e-01
3.049514620860710457e-01
1.392798973405866003e-01
-5.945921561628313423e-01
-2.807257259334395294e-01
-3.084903238232888922e-01
2.516437420925150548e-01
-4.609226741054686105e-01
-8.010239530281090814e-02
8.520912785465779571e-01
-2.001043425075347271e-01
5.778431285206644397e-01
7.161654059617956758e-01
1.204225601739734308e-01
7.894215586828801090e-01
8.884837743980689151e-03
-7.195000202495925867e-01
1.000000000000000000e+00
-7.417128027744437357e-01
3.485565689270608281e-01
