6.148063472527644929e-02
-6.207444959492527392e-01
9.835965691132499134e-02
-4.460149033821640963e-01
3.484063619772167497e-01
-2.136930857582106102e-01
-2.998574138560047841e-01
-3.405595846586668696e-01
9.654215390836705657e-01
-4.014970332532768471e-01
7.694641571190005136e-01
4.376465553419910393e-01
6.414152730449994566e-01
6.077446570600496534e-01
3.702745923668604444e-02
2.138764134063497468e-01
-8.511090395084824900e-01
-7.815525035134365250e-01
3.644722538256691124e-01
-2.744395693409520387e-01
-2.552258861610867680e-03
-9.002752474552279394e-02
-8.233538042497205722e-03
-2.917250444786995134e-01
-1.000000000000000000e+00
2.404606603330843861e-01
7.457983488258211890e-01
2.527299114577825634e-01
-1.000000000000000000e+00
7.756426475287800937e-01
-6.538510518397777638e-01
-8.836942486838314514e-02
8.980005622179063618e-01
2.466885723211493797e-01
2.790199485829545356e-01
-9.428549469951279516e-01
4.316566233920970941e-01
-1.612453700129598266e-01
2.214268638118671584e-01
8.246149237383836039e-03
1.750710209614764201e-01
1.984865815251328214e-01
5.911534075206825722e-01
3.823157844303937680e-01
-1.500175062959518135e-01
-2.750580487900403104e-01
-5.616107296275464345e-01
1.005230294082865017e-01
2.141425998833140776e-02
-1.000000000000000000e+00
-6.205623667695769896e-01
1.000000000000000000e+00
-5.441517861670397416e-02
-7.597026500462091825e-01
4.339022010813837205e-01
2.871110072958307224e-01
-1.586473280027451693e-01
2.592025603105701514e-01
-1.732833170849876481e-01
4.360548835311617993e-02
2.760048749124608958e-01
2.778015337404967644e-01
1.230132163571067971e-01
-3.459937011289344055e-01
1.274373019909254001e-01
-8.925671952273398491e-01
2.395180625209273606e-01
4.586466882547173274e-01
-5.725918623077225211e-01
1.000000000000000000e+00
-1.538540604555626579e-01
4.407584182332440204e-01
2.599242529502815424e-02
-1.424104458356732494e-01
-3.212916341659594055e-01
3.953458149075885775e-01
5.187148200561173539e-01
1.885504171059353418e-01
-2.314509292250603312e-01
-2.152968726475591177e-01
7.220605415632781465e-01
4.719974998786028442e-01
-4.106613477335150919e-01
-3.906768468787771287e-01
-2.677851620180956571e-01
9.287218462505045236e-02
-3.755357341280497474e-01
9.922310091217476646e-01
3.733274675622503813e-01
1.853074274093813867e-01
7.590237604835105012e-01
-4.612317806007310561e-01
-5.496874344180785465e-01
-4.519870934105980620e-01
1.756909318786554208e-01
-2.285648964987913034e-01
2.157208528502080336e-01
1.141715415121539734e-01
2.215934709042722273e-01
7.466500516008091337e-03
1.078738648668686184e-01
-5.607322203339244471e-01
-1.399191524203675652e-01
6.809012595401232881e-02
2.412402480518812675e-01
-1.245472115142784442e-01
-1.429477648738517598e-02
-2.442199556934701588e-01
2.059241864337052474e-02
8.351483652516497047e-01
-7.907561114014526049e-02
-3.328485341431119959e-01
1.325722698081815976e-02
3.140726410725815376e-01
4.422389784123783030e-01
4.690298962655559123e-01
5.771286605543479720e-01
-6.490086517841267000e-01
9.175495855750402940e-01
-4.799577931145153076e-01
-5.436401562328770087e-02
-6.419635211778222939e-01
-7.691206035199805724e-01
-4.543841053222297255e-01
1.184244834458214601e-01
2.067920999642362534e-01
4.875453563126172507e-02
2.933362547132879472e-01
1.000000000000000000e+00
2.832187271568621934e-01
-4.098096996388644886e-01
-7.777847396582009409e-01
5.983051358273158704e-02
6.598351136564560848e-01
-1.347568239613211871e-01
-3.720524000650963781e-01
2.086019512291061584e-01
-8.095654379001157586e-03
-9.197505449044796055e-02
7.023243794629643877e-02
-7.881871647186478036e-01
5.418303635517455197e-01
6.395445683587144270e-01
1.165812539382355406e-01
1.523005659254416944e-01
-6.645490124487196670e-01
-4.559454386072950283e-01
-3.626524099906122678e-01
-1.563495442579297401e-01
2.920479420076534938e-01
-2.176178281244282864e-01
3.956218984213943357e-01
-4.282551102061170345e-02
1.639852684610248190e-01
3.987307758911978195e-01
-9.722127298884726543e-02
-5.475572563294891504e-01
4.688189545886425891e-01
-6.433983419660548320e-01
2.772420235769306185e-01
-2.542252109312864022e-02
-1.516042590320146599e-01
-2.765706060440142888e-01
-1.521205431481792714e-01
-3.125020810880449473e-01
-1.626103356831296587e-01
7.060532511501205200e-01
4.329163563784723667e-01
2.888293833140898048e-01
-2.398378494116853443e-01
-5.031877102878778985e-03
1.721483657830152891e-01
-5.285733693091909657e-01
1.418644520016931199e-01
-9.647182769158467452e-02
-1.189988511646195013e-01
-8.366895753470510178e-01
-2.548413856030908309e-01
-2.711826257756020375e-01
-3.820395667609052803e-02
-3.222189285729186725e-01
3.338626872163044101e-01
-7.884508408420939918e-02
1.013288827923183588e-01
-1.878693732697513941e-01
-1.000000000000000000e+00
-5.980620774405162599e-02
3.916002825144834221e-01
-2.152702401287879819e-01
5.099804875726036135e-01
-4.508181141883120246e-01
-4.101445540857207583e-01
-2.779097437885600930e-01
3.833443592386584498e-02
-2.300869790389320213e-01
7.641146016894122539e-01
-3.583296403692729504e-01
-2.890045627910630688e-01
1.064440468617222357e-01
7.201609257896475214e-01
1.909276343247333640e-01
6.656694343935793956e-01
2.466906343817906189e-01
-1.873509975654033197e-02
-8.281840996471568905e-01
-3.909282848258732734e-01
2.031397947510976687e-01
-2.713767774625154283e-01
1.000000000000000000e+00
-6.114475096695587419e-01
-1.000000000000000000e+00
-5.264903834419796258e-01
6.565111160212215857e-01
2.919506254144628166e-01
6.645163681143221313e-01
-2.729808311245582875e-01
-3.041264130433142809e-01
-3.745708134086907226e-02
-1.000000000000000000e+00
9.168908174217907936e-01
-1.588455341882515359e-01
6.534137721594894810e-01
1.550056251410898145e-01
3.826949194648201491e-01
-1.000000000000000000e+00
4.167752744752539762e-01
6.747911202393734875e-01
4.573688715073687683e-01
2.733566597785575536e-01
9.927130277048809570e-02
-1.000000000000000000e+00
-1.779426195448374770e-02
7.487234214982161351e-01
-4.305908659248063736e-02
-5.784832598852508445e-01
-6.060307724541434682e-02
-4.353040635214590059e-01
-1.071098140712134911e-01
6.169990781953118564e-01
-2.448140433952543105e-01
-7.285222083242434143e-01
1.000000000000000000e+00
4.432732304069068596e-01
1.152104130755020883e-01
2.163275710348360470e-01
2.950150303580292843e-02
4.621533598742444959e-01
-5.836039140558274552e-03
4.601961477846919779e-01
3.939666054360703162e-01
-6.462873621797110557e-01
-1.783190954718253951e-01
1.000000000000000000e+00
-5.920266431132741314e-01
-2.315828708730695573e-01
-7.394329250420552668e-01
-5.727750091288421608e-01
-1.753096979120434273e-01
1.843459670397390171e-01
8.249040130586304809e-02
-1.617738653035589724e-01
-5.506611450567091559e-01
3.388346438565237317e-01
1.314594520293209390e-01
-1.301444423863160615e-01
