2.916552197272939129e-01
-4.732931084937946897e-01
-1.000000000000000000e+00
6.116255745681129508e-01
-4.968521276533283682e-01
1.608348385697175309e-01
-1.351173005025159968e-01
-1.465658552150332083e-01
-9.693530377659915764e-01
-1.212548876641145468e-01
2.493670270152683610e-01
9.106733504917476907e-01
3.004650622165049301e-01
-2.039369019060018051e-01
-2.751350020537624563e-01
6.210125312019173505e-01
5.182463270929389410e-01
-3.350968202986036593e-01
5.424632224113604129e-02
1.887130370774984522e-01
-1.633830081777623011e-01
-1.527815308506957903e-01
1.000000000000000000e+00
3.438335062065264180e-01
2.406911311795410097e-02
-9.246731314385812084e-01
2.362904162307170874e-01
8.462259303176370429e-01
4.363078101086931282e-01
2.075867801405674729e-01
3.165290127717090840e-01
9.046022909333771567e-02
-2.817557837283462541e-01
-1.000000000000000000e+00
-2.864995620554117717e-01
-2.977091375582141541e-02
-2.472095255487467280e-01
4.059279418967831066e-01
9.984559027702737399e-01
-7.966730052271687734e-01
7.069185004745318079e-02
-1.950021618466315776e-01
8.605066497814169990e-01
1.494384531297907395e-02
-2.709393021272576974e-01
7.473318816742332560e-01
1.691075541397019447e-02
8.468929619863409253e-02
-7.134472894131881071e-02
-1.772658662824110332e-01
1.521300512076995126e-01
-3.337856904828088306e-02
-4.291774756608411900e-01
-1.000000000000000000e+00
-4.142174745745572095e-01
3.617635893597049845e-01
8.692663553851601721e-01
1.000000000000000000e+00
9.763718124624518047e-02
-7.978356225880445241e-02
-1.918823376180478490e-01
-2.129841224090417706e-01
-8.992686241220088084e-01
-1.588083124186561723e-01
-2.887272745445084235e-02
-1.707676286187886916e-01
-8.843138383211157638e-02
-1.798149472860282039e-01
9.549561693212010871e-01
7.124787827599827761e-01
9.838046628763310597e-01
4.662148429324284304e-01
-4.928104076995307170e-02
1.091756648368174543e-01
-7.784605992389412310e-02
7.916849201177775797e-01
-7.750349138982869368e-01
-9.177005311966757173e-01
-4.194899609449332378e-01
-5.171123848893626196e-01
-5.744223910948070833e-02
-7.800508503228403834e-01
-5.848721700612051766e-01
1.000000000000000000e+00
4.823567267544958126e-01
2.270498669788809654e-01
2.125910495742451001e-01
8.859641836946265114e-02
7.758967227340712869e-01
1.000000000000000000e+00
-9.157267655838466913e-01
-8.289698245403978039e-01
-1.579705499885405429e-01
-1.000000000000000000e+00
6.286513324335178954e-01
-3.511932648960673919e-01
-7.074120277820938885e-01
-3.277093911974495177e-01
-5.296290211880844145e-01
8.320889556315999025e-01
-5.337909370994268210e-01
-1.377627580172139932e-01
5.831403741539965546e-01
-1.546725831470859534e-02
-8.812041556414731414e-01
-1.572720196636048090e-02
-3.541755388438491137e-01
-3.527430212086054562e-01
3.174145190115605919e-01
-1.455061229011840318e-01
4.665843255324143568e-01
1.000000000000000000e+00
7.805482435130891572e-01
2.306512552926635318e-01
2.278828666224544941e-01
-1.000000000000000000e+00
-9.289250074304586935e-01
2.541954560066179147e-01
-7.786335616201093268e-01
-4.941053532079999200e-01
-1.841567116149661343e-01
-2.778186033612777828e-01
-2.305237894401003240e-01
-7.058673410090943179e-02
5.269780456637032096e-01
9.099790565613320448e-01
-7.273479102823092735e-01
-1.000000000000000000e+00
-8.434134003843791749e-01
3.732412704463314301e-02
-6.259115288997226800e-01
-8.436573956802069230e-01
2.464936822631193236e-02
8.850706743780887287e-01
-2.030733457064301528e-01
-1.574246321345144362e-01
1.319179537445372419e-01
-1.263710882670782132e-01
9.238747704807184769e-02
8.187328752400340193e-01
2.886905014959584848e-01
4.669638026004144793e-01
1.000000000000000000e+00
-7.402662848763643666e-01
9.113379018959699707e-01
5.482016093827295489e-01
-2.260183876155264504e-01
1.310658043233267345e-01
3.083126986172918249e-01
-1.000000000000000000e+00
2.440445050357922252e-01
4.315979722543610286e-01
-9.277393057351832617e-01
1.784114683525362122e-01
-2.898378998435628406e-01
-5.662150199980323650e-01
2.699709718533504499e-01
6.380257285900214903e-01
6.079896257789538794e-01
-9.630556182459693026e-01
-1.126570081539796098e-01
6.389827540399717343e-01
6.640586511026024263e-01
-1.000000000000000000e+00
-1.206251492525286795e-01
-2.708679459546475266e-01
2.816528379433642093e-01
-6.496298229467575291e-01
4.450504138371140783e-01
-3.822589283849203712e-02
1.763013168035422740e-01
2.382745362472598050e-01
1.000000000000000000e+00
-4.728714232623520974e-01
2.543353498915586486e-01
6.568781054203589598e-01
1.178532011404369029e-01
4.197272551129815898e-02
9.361783457724671687e-01
-8.710549101998463772e-01
3.451582470735556907e-01
4.048574749239010617e-01
1.536376892003378791e-01
-5.358984708074199244e-01
8.144180174922545090e-01
5.834353165319813295e-01
7.157197344977470621e-01
6.047286605521172698e-01
5.506387776846243254e-01
2.064135957885047112e-01
-4.549025882013424393e-01
-8.009091617465518009e-01
-4.511079805815505495e-01
-3.539198330875945042e-01
7.351643921841949370e-01
-6.968829089930250742e-01
-4.354549433253731422e-02
6.129930440826918403e-01
-1.000000000000000000e+00
-1.000000000000000000e+00
-1.000000000000000000e+00
-9.607933186447735474e-02
6.963168920959483810e-01
-2.064205570007394130e-01
-3.562585804586077542e-01
-9.336322086000745646e-01
7.041642273307720939e-03
-4.754954892515420029e-01
-1.241353388248480905e-01
-3.982062941501561260e-01
-3.595958033972568302e-01
2.037778495474025231e-01
4.628067810467557108e-01
2.367121293327639209e-01
4.150062664831080106e-01
1.667169131091331830e-02
4.602057315545773908e-01
-3.325579433925549555e-01
9.024222438304395633e-01
3.780444555893384684e-01
2.630910996753370035e-01
-8.145514768929523752e-02
-5.922385338706074309e-01
5.190610397163865075e-01
4.458194196242992180e-01
2.169538544400401447e-01
-1.000000000000000000e+00
2.024851572676763245e-01
2.620875921184932511e-01
-8.812381227179786336e-01
4.152226155605950320e-01
3.659366341749209495e-01
2.354480580881345153e-01
3.309235163108438793e-01
1.120979338520451535e-01
-4.092567315008808770e-01
-1.606464475681583237e-01
-8.279465293012576443e-02
-2.370518381148101761e-01
-4.902193589769235360e-01
-1.000000000000000000e+00
-9.135752652835050780e-01
6.784701510140784819e-01
5.692953260720563791e-02
8.795288869754022132e-01
4.361594941625340782e-01
8.279984164314199147e-01
3.225828758932818285e-01
-1.000000000000000000e+00
-1.543955612182622006e-01
-2.637217785746597265e-01
5.434855032293822025e-02
6.068292098120376954e-01
6.133370092707993715e-01
-3.672955598732446370e-01
-9.447538144870244459e-01
3.611446867967946228e-01
-2.851008758700973034e-01
-1.322527908693169607e-01
5.624684845600982364e-01
-1.688638378106221971e-01
-6.640192235392978759e-01
-4.245965844870617234e-01
2.546954449396072739e-01
-1.936734733743414871e-01
