-2.664217761267601015e-02
-1.963432201664473964e-01
9.326700829752447852e-01
1.017714706168632438e-01
5.229420850891031147e-02
-5.496220530627158318e-01
-5.820502444968240763e-01
-8.560394330434348831e-01
1.038633688573732394e-01
1.262423129894502810e-02
-3.630858788392611891e-01
-1.610690608483700270e-02
5.430678610873378442e-01
2.681381811285770134e-01
3.732087899822494892e-01
-7.079501679414758053e-01
4.958587503595723867e-01
4.816089003965492443e-01
-5.981679227740430704e-01
3.128954760011896929e-02
-4.774903287194918189e-01
-3.587466868637064210e-01
-1.631749362628084898e-01
8.543841086451453570e-02
6.120541122914501253e-01
2.891805062323958841e-01
-6.360712388464592193e-01
-3.181602448927163818e-01
4.018296356629452726e-02
1.563783346762146476e-01
4.657951304957108629e-01
2.309441798591362061e-03
2.993933338860044202e-01
2.897908769463041212e-01
4.331432899295009076e-01
1.405905653566034696e-01
-9.717884286743699862e-02
-8.089143437936254788e-01
-8.145469265538473058e-01
-1.000000000000000000e+00
-4.841850877339099468e-01
1.000000000000000000e+00
1.859030839569488780e-01
-4.500793822940742789e-02
-1.838145433837564957e-01
-7.188520509944112957e-01
7.252181559073784811e-01
-3.790689402247531259e-01
-5.202587114462828843e-01
2.036780526341998021e-01
-1.646573249834986929e-01
-7.164820078805692050e-02
2.615263830119138322e-01
-6.794029220701083283e-01
-9.882216931842496832e-01
-4.089278791380350497e-02
-7.228607020725168197e-02
-5.675087238715194049e-01
-6.981688219221603431e-01
4.934840779803186250e-01
5.318228206694759486e-01
3.940721121933642990e-01
-1.087827051444601317e-01
3.385168883461505129e-01
-1.000000000000000000e+00
-3.571959251289993365e-01
1.224326074205754483e-01
6.407801038234904878e-01
3.087199697767738504e-01
8.001212034252408456e-02
-1.000000000000000000e+00
4.798677584429074106e-01
-2.797605004000298934e-02
1.437889142082870303e-02
-1.000000000000000000e+00
-7.953939725096383917e-01
-1.828614386881523002e-01
1.487110465489317745e-02
3.733628404996516270e-01
4.968075764347880119e-01
1.000000000000000000e+00
1.895361298138277251e-01
1.585020511721171588e-01
6.403281278441823599e-01
3.896573552832452436e-02
7.670821767650841672e-01
-5.698854972340657854e-01
-3.447404287442165094e-01
-2.741355337830569949e-01
-1.000000000000000000e+00
-6.467240927432098274e-02
-5.528437343600758336e-01
3.466851841849328264e-01
6.336649868936590213e-01
-3.869420308518863871e-01
6.824718723251550490e-01
8.050894119088114476e-02
-1.000000000000000000e+00
-9.231117747684679242e-02
-3.532255351851522063e-01
1.969528928734050610e-01
-7.358382312429885275e-01
-5.329627641625236389e-01
-2.130413420988250817e-01
2.550356563672946317e-02
-3.593575877174222666e-01
4.526945612849578859e-01
7.424202345014567495e-02
1.088681036747261022e-01
4.457530065892795212e-01
-4.933062489537224371e-01
-7.905914569817998894e-01
-8.529013093529100864e-01
-1.128088666538602236e-01
2.009865889451046828e-01
-1.552325724562478582e-01
3.919546379562516281e-02
-2.902293787086837051e-01
2.899892463417652611e-02
1.160638220506557960e-01
3.275834953384640369e-01
1.197031474606070900e-01
-2.753115562883364648e-02
3.322588154049807563e-01
5.592837024267751644e-01
-4.683437913594836743e-01
-2.703835454872463018e-01
3.057159288253921692e-02
-2.342483057186819095e-01
-1.000000000000000000e+00
3.593932422292250850e-02
-1.306470866657286622e-01
-5.466432869238325720e-01
1.816034914561882596e-01
-1.166832877731668050e-01
5.756964707719344210e-01
-1.541235227972670430e-02
-4.402609871425077204e-01
6.030611112139253605e-01
1.718190003129269061e-04
3.881852736534216475e-01
3.077924603128437964e-01
-2.224996960220218811e-01
1.286405298009605236e-01
6.610233853025145878e-01
4.570495673691765681e-01
-3.216064653968469522e-01
4.504055001086736398e-01
-3.334524628428208182e-01
-2.888231548227263579e-01
-3.754254197964687623e-01
2.182554227546213699e-01
-3.955931421939486159e-02
2.123949564977740401e-01
6.160066147050807794e-02
-4.262471199358661700e-01
8.760206884422732099e-01
5.101090055475109297e-01
2.234982930653961752e-01
-8.580499075772063389e-02
2.748547585594011133e-01
-2.421561854037524580e-02
1.177896704075803852e-01
-7.684491905005860213e-01
-3.134453440575089012e-01
5.198649146420513123e-01
5.862925321039857973e-01
-2.872770670008397698e-01
-4.338582803254084630e-02
1.034609864245256555e-01
-8.317382227681653362e-01
-5.321731450774341843e-01
-1.672005752186804528e-02
3.411505993683349169e-01
1.000000000000000000e+00
3.629647372871530608e-01
-3.971949650806537724e-01
2.973171470777840053e-01
-5.993029077564544504e-01
4.936749489816385505e-01
-1.244085633092006371e-01
3.961501199006227658e-01
3.100802556948569627e-02
-5.185695797433291787e-01
5.392681847781162219e-01
3.088103207349650048e-01
2.318852767680969207e-02
-2.888843195566176969e-01
5.015890153390840656e-01
1.063360619072861446e-01
-6.025644755085253212e-01
3.729747095921830402e-01
5.093942796562196396e-01
7.524808447293148683e-01
1.000000000000000000e+00
-1.330874746043737844e-01
-7.873402500151547301e-01
2.130780819585245123e-01
8.094702670642971443e-01
-6.674383713018738895e-02
3.947564586037471956e-01
8.550745156224950905e-02
-2.489695550991965489e-01
-7.135218950717017172e-01
-7.896038201237648435e-02
-2.188615973778267054e-01
-5.650274429743851190e-01
-5.433431202807916804e-01
-2.519005078626703753e-01
1.374950033598462407e-01
-6.459871596763822055e-01
-4.440287707069060508e-01
6.317408277341094447e-01
3.900578087955904327e-01
2.829410945240749542e-01
-4.525369817130322492e-01
-5.597225016092111094e-01
9.759139925288318196e-01
-7.472814487704379505e-02
1.965505370074629443e-01
-4.697440891146401620e-01
2.481101869443505803e-01
-4.298217010855855114e-02
-7.945314137755530304e-01
-5.844589392092323088e-01
3.088054655073447369e-02
5.969834628654793196e-01
-2.873195471838658199e-01
2.887843598127365907e-01
4.011434611781004023e-01
-6.711099945472779327e-01
-2.782916107107046844e-01
4.062853900601994805e-01
3.725078142610639409e-01
1.813659969802737248e-01
-2.916939008562807190e-01
6.787167012807115984e-02
6.153291124576211191e-01
1.272857976308570671e-01
-6.183897133225935150e-01
-8.185523734723255673e-01
-1.821988381622494796e-02
7.712136509805274098e-01
2.379127531936836570e-02
6.090974072731369926e-02
4.956481801787312319e-02
-8.244812965385646120e-01
-5.917601390823985508e-01
2.173958884405748360e-01
5.676569150793175922e-04
4.527256541742412654e-01
3.020551733045637732e-01
3.357915188936832496e-01
6.759761971086150067e-01
5.615532531153806239e-01
-6.004456697500544227e-01
-4.840762814927494495e-01
-2.792207892950176462e-01
5.424625970570038369e-01
3.879249784257865485e-01
-9.440789389390455422e-02
-4.253630107244179004e-01
-2.201010724061221169e-01
4.272959835944335483e-01
1.796055630259714153e-01
