-2.988128997237551321e-01
-3.070222919820695395e-01
2.347553146892438214e-01
1.734889682714462200e-01
8.477613883945965823e-01
-4.949174550484933821e-01
-6.299731949311204726e-01
-2.021157809383496151e-01
-4.723140010376083997e-02
-1.510872799080547890e-01
5.303655571772409871e-01
-3.710564010915589142e-03
-3.663999353257007402e-02
-4.129496542010634430e-01
6.203740085584470432e-01
8.714400430043294232e-01
8.946814094537716144e-01
6.255917223051823961e-02
2.055014967618747634e-01
-3.512386730452389805e-01
-1.000000000000000000e+00
4.080739346005909929e-01
-8.331449903123444578e-01
7.841690561009470595e-02
-8.863587998433281046e-02
-1.670277531794814585e-01
1.014264152699445032e-01
3.595291087825913112e-01
1.664045683076785243e-01
3.052531800596170464e-01
6.565014545084385533e-01
-4.014177352940937471e-01
2.904625400522789502e-02
-7.044680361544819469e-03
-6.897583982081700871e-02
-3.117947576331613346e-01
1.962552910658586780e-01
-7.714635822709110524e-01
3.801843290096760253e-01
6.974460677464335845e-01
-2.939486301683398306e-01
5.071803287553667827e-01
-7.060844282332837674e-01
-2.603849265114021039e-01
-8.255646502602044245e-01
-2.842217559137819038e-01
3.383950664398515107e-01
-6.115679871850127070e-01
-1.000000000000000000e+00
6.139765422429288577e-01
-1.243439164488627235e-01
3.499484554971503680e-01
5.768273067311392444e-01
-7.361469536506221045e-02
-1.942727102362004632e-02
6.303471317735257484e-01
-3.457165594281978449e-01
-3.142246302156463944e-01
3.812453397464192761e-01
-1.553861220606218563e-01
-5.277326060540097341e-01
1.301876072246793137e-01
2.224368229983512135e-01
-5.957636364453818834e-01
2.451298734925572431e-01
2.336672213609275739e-01
1.633845484920634084e-01
-1.923909335409666188e-01
-1.000000000000000000e+00
5.788006213243024334e-01
5.203032948736084906e-01
-6.823421070011254086e-02
-8.083811086577964711e-02
3.144906340606252182e-01
6.513673194666957933e-02
2.742605117651745750e-01
-2.320534860760233853e-01
5.438383856169912711e-01
-6.807879434492957182e-01
7.960068141252280016e-02
5.850155837719468732e-02
2.097202888984766034e-01
5.231229175751012095e-02
-1.729422285898662981e-01
7.224271600613069166e-02
5.101361501599189774e-01
3.079128818375322929e-01
-1.432657095712911721e-01
-2.955542897136534397e-01
4.497861192223753246e-01
-5.282912322863380084e-01
2.423748116099040673e-02
7.691473439478775376e-01
1.079303448681930705e-01
-1.591112234502016776e-01
6.223983977754311558e-01
4.328962054591918851e-01
-5.046255909459786970e-01
-5.849313014774990549e-01
1.009477821552794974e-01
8.689169905830844420e-02
4.208508326390418830e-01
-1.000000000000000000e+00
2.628441685402844730e-01
-1.834653367775753927e-02
-1.082841986146963892e-01
7.111042672973759415e-02
5.995460426836246581e-01
1.000000000000000000e+00
4.477939372392059081e-01
2.993082761463393138e-01
-6.958546094926545411e-01
1.000000000000000000e+00
1.223910148060892294e-01
-3.605889425744410737e-01
1.000000000000000000e+00
6.045430769702959672e-01
1.000000000000000000e+00
1.209681236046653285e-01
2.903276326702984855e-01
-1.773176137811294795e-01
-7.045535931870460233e-01
8.146768939685850031e-01
6.970387891934654023e-02
-6.402004103538391222e-01
3.730053734510029306e-01
-8.162698787846154325e-01
6.060081189342032548e-01
-3.072495271901159453e-01
2.138163943237920694e-01
4.968321914624937996e-01
-1.000000000000000000e+00
-3.144508830619986428e-01
-2.114256375055003911e-01
5.385368288918193080e-01
-1.410590553618393528e-01
-2.535106667983688666e-01
-4.672643438449649578e-01
1.419254810989731275e-01
8.557513596257310118e-02
4.733991519975753182e-01
-3.725891214843201071e-01
-6.102544195156509033e-02
1.365130281980228566e-01
2.594503139386369894e-02
-3.555553063884385190e-01
3.570978824388469364e-01
-2.223034256022939914e-01
-1.820472279371903868e-01
2.057657249870401550e-01
1.104358742648780742e-02
-1.494152611943952991e-01
-4.364497862129432804e-01
5.087399281580853305e-01
-9.948715141211444957e-02
1.000000000000000000e+00
-1.973876901293279695e-02
-3.182490949772159294e-01
-5.073677551697409749e-01
-1.000000000000000000e+00
1.000000000000000000e+00
5.776106907335337715e-01
-1.811863656095290820e-01
-3.963480343175937448e-03
-1.468424353379067793e-01
2.449506326007921952e-02
4.038455700255586533e-01
6.519662583062865169e-01
3.263344599800027668e-01
-1.000000000000000000e+00
-2.816960717460005315e-01
-2.737472283441724774e-01
-2.175403332309287507e-01
3.064237930994649917e-01
-4.346476955650641627e-01
3.395840874822748656e-01
-6.481310378050594845e-02
-3.942160759076343557e-01
-5.353142955437937278e-01
3.101644077306417446e-01
-3.413221671232560817e-01
1.261289102066183720e-01
1.000000000000000000e+00
-6.203050389558563138e-01
2.621993714942470466e-01
4.984798822937243357e-02
7.026441588395535565e-01
1.482924408232123327e-02
3.564360737336130791e-01
6.241079093209781492e-01
1.000000000000000000e+00
1.532095848848508413e-01
1.336454249560208862e-01
-6.079496142122686742e-01
-4.997917119548143661e-01
-3.267219850114560509e-01
-4.432102466647127592e-01
-3.289065418723044476e-01
-1.741414099950600314e-01
1.263330784046901578e-01
-3.717888648136012386e-01
9.049253932366260189e-01
1.559520727641112714e-01
4.950501908810083784e-01
4.055053567669307246e-01
1.000000000000000000e+00
1.314414396884099889e-01
-3.036988053470894844e-01
1.521444616135584349e-01
5.386322980722624276e-01
-4.570953683676738377e-01
-6.633691923953138891e-01
4.903582549399140289e-01
3.815047219158786973e-01
1.221725613413430084e-01
1.000000000000000000e+00
-4.114212920707739363e-01
-2.446343923396773201e-01
-4.447928688511237905e-02
3.823570130631365194e-02
-3.855526979217862027e-01
7.273494917007572447e-02
2.635754321688766333e-01
9.628772878810800684e-01
-4.268416232521013431e-01
-1.000000000000000000e+00
-6.712843609929386446e-01
-4.152483875752963072e-01
-6.175566051133781764e-01
4.087008870949646600e-01
-2.615126983902474889e-01
1.992280107132201605e-01
3.180038633502500489e-01
-3.189713267098679417e-01
1.551357929740224406e-01
7.510468571820938521e-02
2.466921155014590028e-01
6.199982840523596828e-01
-4.847376423801091905e-01
-1.000000000000000000e+00
-4.018045797264627739e-01
-4.978546354464785106e-01
-4.993839222454611870e-01
4.460428033779925694e-01
5.779723182756324462e-01
-6.485850142018220188e-01
-5.432544844316715693e-01
1.000000000000000000e+00
-4.095775443882427314e-01
4.031266463180943616e-01
-1.402563424553587672e-02
1.000000000000000000e+00
-4.186654411280888444e-01
-8.307809766891785519e-02
-7.027848457756807887e-01
-5.261474171981063430e-03
2.303789451772212116e-01
-1.225894852812792202e-02
4.444177507871902577e-01
-7.469423178487887283e-01
-4.047541110691678101e-01
1.000000000000000000e+00
-1.687348174480725049e-01
7.699093923538611328e-01
3.576140954908723635e-01
