6.075745490200341603e-01
-1.392247195058825548e-01
-1.138089011750438306e-01
5.285249334692319056e-01
1.000000000000000000e+00
9.768967884218104913e-03
-3.755541348057602202e-01
3.723793331988297650e-01
5.128776771865197759e-01
6.703953923497443790e-02
2.740637322240254692e-01
-1.392462176871989143e-02
-1.000000000000000000e+00
4.371545731019814696e-01
-1.000000000000000000e+00
5.821811943932910793e-01
-2.690063769469677180e-01
-3.714691654852765312e-01
8.902125348689398088e-01
2.077213093871874972e-01
-4.427464730630249479e-01
2.000338815395067693e-01
-2.305977473675880907e-01
5.439246805648589866e-01
-1.000000000000000000e+00
-9.259710396058400128e-02
-3.450562270814210297e-01
-1.021968543008974772e-01
5.944079305168507021e-01
-2.270775060935563416e-01
1.258835004715362360e-01
4.879082256550628105e-01
3.520512018001460963e-01
-4.334961921775493110e-01
-3.260215183016336171e-01
-4.583821085083585878e-01
2.328595502087920516e-02
2.232159335644539055e-01
-2.433418074593547975e-01
4.719288016008391096e-01
6.549544981450193815e-01
-3.481831813407869347e-02
1.001585156319879655e-01
-1.000000000000000000e+00
-2.815584654453606728e-01
3.108350424580310634e-01
3.881039395686117777e-01
-3.661204847620727065e-01
4.027081533306162697e-01
-1.742740691120518437e-01
-3.391054258377929065e-01
-4.320782480901871891e-02
1.505296745142076786e-01
-1.697212324696289465e-01
4.534650587096274998e-01
4.384653374691989125e-01
2.076983893695929229e-01
-4.596617912687683272e-01
-1.034634696441179558e-01
-1.833121176636812177e-01
-5.234957290876478542e-01
1.000000000000000000e+00
7.841820701379029757e-01
7.021400447274249446e-03
-4.926289112752155752e-01
-4.988033509960140277e-01
-5.840510976749003769e-01
-2.139523076542745317e-01
6.946982648178761099e-01
4.317271715061876680e-01
2.027768379899424489e-01
-3.113629545963382816e-01
-5.805830746433999767e-01
4.259064249375069666e-01
1.388162753534463167e-01
3.203312335702294678e-01
-1.234588194718636012e-01
-7.446981010857757488e-02
2.805064670478762956e-01
-2.073613757668254232e-01
1.743518100944010246e-02
-4.513816191230367036e-01
-2.357572981711059945e-01
1.291385166731318784e-02
3.140027667078419404e-01
2.213675947348629491e-01
-2.959600659884021809e-02
3.817165408002540783e-01
-1.109981766869706649e-01
-3.752108612794441411e-01
-6.825870548545599492e-01
-1.805660985793968998e-01
-5.916997187385477502e-02
3.431217434096006103e-01
-7.206196071513534251e-01
-2.567107575909604034e-01
5.800881492651290827e-01
-4.025593420514664844e-01
3.313657385136902223e-01
3.453359540984746179e-03
8.519294996855839575e-01
-4.611400655866317311e-01
1.914044935527093316e-01
-5.195231109361035937e-01
-1.000000000000000000e+00
-3.641516167114091651e-01
-1.269051603153593666e-01
-1.985085758301499970e-01
-4.668283551667027909e-01
-2.443876863394009447e-01
-1.495745835434157955e-01
5.455612796064999159e-01
-1.323990925695946452e-01
-1.534867395336640961e-01
1.281653759357102573e-01
6.206285225128366223e-01
-3.160638001414571852e-01
4.156351987380479951e-02
-1.905645561939768862e-01
1.589565694823751874e-01
-2.076363505315245161e-01
4.306556677580920534e-01
-9.949041313541420739e-02
-1.648401928305346098e-01
5.718605404547153492e-01
5.155948708106349310e-01
1.693716088143658594e-01
3.331252879594900351e-01
-1.018461603176401831e-01
-6.714592701522642537e-02
-4.377028974824676011e-02
-2.938586349775920148e-01
-1.038843000122991050e-01
-6.956373922131418031e-01
4.127938936779577683e-01
-1.818020788582787595e-01
2.386644678328302405e-01
-3.253148304100332289e-01
5.899590529227068947e-01
1.247091194245967677e-01
-8.656199019651187321e-01
3.606344320913953405e-01
-4.421980885443230758e-01
-1.458047894474895079e-01
-3.071664396679832931e-01
-6.815233167560297289e-02
-6.456468836189895866e-01
3.289977095985631150e-01
-1.000000000000000000e+00
5.868030330293230179e-01
4.943779784231163155e-01
4.086955357269091982e-01
-8.914272938461702545e-01
-3.100448737028244639e-01
2.079554498856003852e-02
-4.847819743450981211e-01
-2.880640688855077292e-01
-2.165593815107071385e-01
3.592118279761663535e-01
4.028714978132055258e-01
-9.389468370275178000e-02
1.213883950402910999e-01
1.000000000000000000e+00
-5.064813151833110760e-01
1.000000000000000000e+00
4.412875171225044690e-01
6.214413895670942711e-01
3.184315544344180626e-01
3.909916425432786724e-01
-2.822980743635399303e-01
-5.108908606095342586e-01
1.826074428302397190e-01
2.537529480114030789e-01
6.228983761708413169e-01
1.000000000000000000e+00
3.716452096437141139e-01
-4.389411564935651877e-01
-4.120068221389043828e-01
2.700456405895617640e-01
-7.590503920809225924e-02
-9.375423026504521307e-01
7.848673060796444723e-02
-3.751341476578350931e-01
3.819485778326678904e-01
1.732808718726498998e-01
-3.363662395670115601e-01
-2.081302203999201017e-01
-1.883775207712580224e-01
6.348523747813886176e-02
1.149489814184518621e-01
1.779653282568949835e-01
3.515508728153621254e-02
-5.521247517231265833e-01
-3.040541015520415585e-02
1.047625652698472021e-01
3.683947367604001877e-01
-1.633392925298783882e-01
-3.167284903799681972e-01
-2.344911737736116997e-01
-1.588645856004701762e-01
-1.585784140398689701e-01
5.309772662545019228e-01
-5.028041088775297984e-01
7.711954268973321425e-02
4.379465218505668167e-02
-1.048105835806878716e-01
3.841346532156717508e-01
3.080264321074234757e-01
-3.495404260225536408e-01
1.243473384235806167e-01
-5.111370583333036954e-01
-4.927840496859680064e-01
5.690758642033270087e-01
5.660626601644619393e-01
5.037493390083465084e-01
2.542110656480005559e-01
-2.808536293343547041e-01
8.905479911224570833e-01
4.766849449606122002e-01
-1.150716182191965642e-01
-9.545580345368136488e-01
-4.315922453911821832e-02
5.258509954089365390e-01
1.660665553190358301e-01
-6.491516124591120152e-01
-2.515912976995395289e-01
4.696761117874975744e-01
5.510547201234404779e-01
-3.543159172934329804e-01
7.164505144270052472e-01
-2.792828970560852775e-01
-9.517914820626777184e-03
7.759247706141056411e-02
4.269447753627031994e-01
-3.880893937505999203e-01
-3.928250608371133268e-01
-5.503594695372440726e-02
-1.679426493607192872e-01
4.832142446525144464e-01
1.000000000000000000e+00
-1.000000000000000000e+00
-3.169865729861558457e-01
1.363757017294436880e-03
8.180512065890639395e-01
-8.222966085051686136e-01
-6.556214837943922236e-01
-3.961422005741772057e-01
5.151477880876106363e-01
-5.048606370707212632e-01
5.851811282594882035e-01
1.691683693959456225e-01
-8.492823300260025077e-01
1.729946460101270400e-01
-6.406454962996421809e-02
-7.258337713732139485e-02
-8.120543217724150997e-01
9.333486510992861085e-05
8.432942856617030303e-02
-4.299880377839689904e-01
-1.240887032941707380e-01
-3.371792802137097977e-01
-1.183346811869361304e-01
3.347736701577050944e-01
1.105373080720501167e-01
-3.293135869119432901e-01
