8.714947183248819007e-01
-9.157315548541543615e-01
1.659216569748013514e-01
-5.696975756620371867e-02
4.800766546682304625e-01
-4.004435805908733714e-01
-8.842931765783471620e-01
4.430740653170849308e-01
-5.757610344276273828e-01
4.785656060309538273e-01
9.547802335641943916e-01
9.103254149675956697e-01
6.757537835209599386e-01
2.047358875292243086e-01
-4.615138574332541821e-01
1.303945686482977651e-01
1.371242778847429067e-01
-1.675066106224455953e-01
8.517371959475292797e-01
-1.813630507586993790e-01
-2.699691761838373671e-01
9.651644274183155403e-01
1.697713636421253336e-01
-3.049467366240631305e-01
-3.507120654183137898e-01
9.272434215603155838e-01
-1.493244507076407213e-01
4.676430597067883221e-01
1.082946216005156725e-01
3.065731277775359254e-01
6.958527226255055431e-02
5.044044529009331645e-01
-9.197992298887068818e-01
-5.392783598908777037e-02
9.625019525441758095e-03
-1.582145384329931015e-01
1.000000000000000000e+00
3.563995402560409809e-01
-1.014063510916356041e-02
-2.543181690185507549e-01
2.754518537871959716e-02
-4.188365277291821731e-01
3.426021211738658478e-02
4.096256822969953082e-01
-2.659438167207890391e-01
1.954589526164152435e-01
-5.972449453827248789e-01
4.881911156073243108e-01
1.532359081157768088e-01
-5.188287865765177365e-02
6.205531363370522246e-01
-9.376778181288780711e-02
-1.481028285402316846e-01
-8.184027410283103432e-01
-5.384410858997238369e-01
-7.405705774195327912e-03
-9.745066891579579060e-01
-9.343733691090846394e-01
-9.553472105651987789e-01
2.935812106013546141e-01
2.610363158472426837e-01
-3.217743782258452589e-01
1.844896073747317178e-01
1.040302214895226229e-01
-1.840602219536393858e-01
-1.920111897379621346e-01
-1.464447399802157601e-01
-1.000000000000000000e+00
4.840413673377794157e-02
8.316156508304387573e-01
-1.950544018907309635e-02
2.763082825657172670e-01
7.778075593597687520e-01
-5.358170797994763479e-01
-1.666838904388709061e-02
5.370060133797369684e-01
2.052331252922496296e-01
-9.611980756308298179e-01
5.661788469241372246e-01
-4.463454795113855345e-02
3.560429791279483558e-01
2.817212758717062282e-02
-2.595526086435339108e-01
4.589755405544430900e-02
8.782149629403916968e-01
-3.966177148326604507e-01
-9.374462225890730638e-01
-1.080853592927024376e-01
-1.000000000000000000e+00
-4.752988225284901502e-02
3.913360569986944482e-01
2.223708101077173371e-01
8.782149629403916968e-01
-6.308270705365761621e-01
2.059453662153774567e-01
-5.936443054271759445e-01
2.465791353849288714e-01
-2.255787792331865882e-01
5.518782721775771227e-01
2.909834136097190771e-01
-3.207049334675009522e-01
-1.204649350241337180e-01
-9.447541558068722756e-01
-1.411870832304469581e-01
-6.003262460643464804e-01
-1.000000000000000000e+00
1.000000000000000000e+00
-6.097717817903351989e-01
-1.000000000000000000e+00
-1.617157913405815606e-01
3.348973055803852739e-01
-5.390235936192910859e-01
-1.000000000000000000e+00
-1.000000000000000000e+00
1.674720685976556767e-01
1.713487726810152822e-01
-1.526538395803831993e-01
6.853861209152543044e-01
-2.571439694433190135e-02
6.750413071916261387e-01
-2.210458951013539730e-01
-7.765348629844291972e-01
7.736698430251853775e-02
-7.847599767943663762e-02
1.170954463914138655e-01
1.686504160861629908e-01
-2.647472079706058579e-01
7.396939709231036275e-01
3.514307656107245048e-01
4.916579679108672440e-01
6.325480281519271220e-01
9.332715500326175251e-01
-8.075736792594720784e-03
-9.304160571284474379e-01
-8.373765575040980069e-01
-9.007171898389597642e-01
3.324594755714382344e-01
-3.703338003613968477e-01
5.637525858834481207e-01
-3.215483725637560686e-01
5.226842714557371483e-01
3.808202671966912090e-01
-1.000000000000000000e+00
4.983301562113386790e-02
-1.231840447498764174e-01
-1.000000000000000000e+00
-1.000000000000000000e+00
6.602640231193995790e-01
2.358679961859290464e-01
-9.721343752617268574e-01
-1.000000000000000000e+00
5.525587745692569497e-01
1.000000000000000000e+00
1.000000000000000000e+00
2.717262199085676566e-02
2.530172878261318092e-01
3.456604037899093512e-02
-3.739137066242376739e-01
1.793968999221295380e-01
3.315835987401435370e-01
1.241456469235400345e-01
-3.198123617712914646e-01
-1.049871792915994112e-01
-2.859224801672067828e-01
-4.179739113851712595e-01
-4.505311534700117693e-01
4.116478059761067843e-01
2.584169382674249560e-01
-1.749923841625776189e-01
-3.681638579691507429e-01
4.839246621310967500e-01
1.865217260927446719e-01
-9.699544884094105646e-01
-7.816075520399415888e-01
8.766167113283609980e-03
-3.201439212974710458e-02
3.677449118360306968e-01
5.376117328242212556e-01
-1.000000000000000000e+00
-5.599178494855312771e-02
6.605006965785384931e-01
2.973400062637067756e-02
-1.882224346496378098e-01
9.601395419078688764e-01
-1.000000000000000000e+00
-1.820479794985880306e-01
-9.579783475992149633e-01
-7.596888845765176201e-04
1.000000000000000000e+00
1.000000000000000000e+00
1.212029065545136008e-01
-5.682155801136089535e-01
-2.134142387946505182e-01
-5.449437205655432992e-01
-2.966933914453956378e-01
1.000000000000000000e+00
-9.248976488259783579e-01
1.000000000000000000e+00
-2.336143291913715947e-01
1.434625766500502997e-01
-2.791081271795822216e-01
1.000000000000000000e+00
2.969784416779496783e-01
1.042039518820495614e-01
-5.632728257618058176e-01
-1.000000000000000000e+00
7.184321083669445995e-01
-9.412170038304898956e-01
1.368853365245885634e-01
4.704708276231853725e-01
-5.542250799583801069e-01
-3.227732712886204891e-01
1.968143310946788571e-01
9.244074507750158487e-01
3.144587681907983212e-01
-9.816325955836980865e-01
5.215428642602695092e-02
1.751206026341694533e-01
8.789795998036697977e-02
-1.000000000000000000e+00
2.242307934739747044e-01
-2.045056092934135483e-01
-2.716371680168379044e-01
5.303375753737448184e-01
-5.397884293119273869e-01
-5.444480605260489936e-01
-5.127598383059134290e-01
3.230013751474449246e-01
5.106024643923523509e-01
1.311297646431254793e-01
-9.725157036296565582e-01
9.899537165830471497e-02
7.901693457420817523e-01
1.000000000000000000e+00
-5.862143737807530286e-01
-3.588268973585178601e-01
-5.217146623502260105e-01
5.617763015303880447e-01
-3.914086428410599727e-01
3.852578315525465591e-01
6.533930740130327042e-01
-2.982921722754565685e-01
4.677567952364847237e-02
-6.357835564856723076e-02
1.000000000000000000e+00
1.972636248489920141e-01
-1.391741532600398457e-01
2.206512459302668594e-01
-6.775208908267186247e-01
4.862115948796488230e-01
-4.770256443748279174e-01
-1.000000000000000000e+00
1.473837370907677968e-01
6.401619853126974125e-01
1.606910514379891464e-01
-6.608312834794581592e-02
-2.107463045282693126e-01
-2.576584835414239549e-01
4.889669555631371289e-01
2.292686166957597083e-01
-6.548018551192564818e-01
-1.000000000000000000e+00
5.051148078439915423e-01
1.000000000000000000e+00
1.000000000000000000e+00
