
0 77.528409 -0.252021 14.471241 17.777441
1 71.101645 4.021064 18.830903 15.081231
2 71.079159 11.502709 22.794784 15.18977
3 71.088141 18.74412 25.422596 19.65309
4 71.224957 26.388437 26.465601 20.818921
5 71.229135 30.393557 26.128499 20.493287
6 77.815625 34.903719 28.378267 20.853349
7 71.220852 39.951351 27.168403 20.147203
8 78.343646 47.76926 23.566748 25.635961
9 78.356311 52.018611 22.586679 22.159108
10 78.192959 51.786732 23.20202 21.4073
11 71.200843 59.090005 15.773202 21.846542
12 78.202107 55.087902 22.145642 24.482918
13 71.231402 58.213186 18.212752 22.294908
14 71.199482 58.606398 15.611839 21.958894
15 71.229135 53.963501 20.276863 21.479254
16 89.802374 50.280848 29.846705 20.712617
17 89.017234 54.27478 21.226439 45.144079
18 89.070113 58.451762 18.234675 53.673102
19 71.711406 53.460644 24.003939 23.396564