
0 70.998292 2.879127 18.245078 13.025994
1 71.043976 10.399843 22.670113 16.347103
2 78.298037 18.706832 26.009715 20.780632
3 78.228647 32.489629 25.737663 21.828531
4 71.167214 29.244614 25.521479 19.507432
5 71.111183 33.985574 22.147797 25.408798
6 77.068123 39.831079 19.402131 40.97163
7 87.21179 40.483594 21.992691 21.745467
8 72.778945 40.207804 27.891117 21.958894
9 78.337372 40.572475 25.079273 21.685998
10 78.46148 44.720721 25.170095 48.295072
11 77.238192 45.891958 25.262346 21.222191
12 89.361297 44.675302 26.156848 20.976422
13 71.238007 45.258436 23.26734 25.268571
14 78.158946 44.151134 26.221357 26.043264
15 78.274497 48.424201 23.976292 21.846542
16 78.326512 53.205467 19.262049 21.846542
17 78.428058 50.216572 24.28292 43.423033
18 71.20734 55.191863 18.772885 22.159108
19 91.13986 57.364737 19.677333 22.159108