
0 70.381531 -0.855405 14.630635 20.949184
1 71.229135 7.278665 23.844962 19.904872
2 71.079133 17.97736 27.344726 22.636958
3 77.622798 23.211616 25.916975 26.647473
4 78.17352 27.2549 28.874392 20.005774
5 73.336781 30.6599 25.23578 23.610454
6 71.33582 32.069792 28.030524 24.720636
7 85.068542 39.970489 25.931746 22.22327
8 71.21711 45.159977 26.955727 28.21833
9 71.276449 36.309268 28.286026 20.493287
10 86.18872 39.204817 26.910249 25.107123
11 71.270122 41.846433 28.40742 25.985558
12 71.227842 47.637829 21.254313 22.159108
13 78.082959 51.941063 18.179982 33.774835
14 78.483842 46.176602 24.725696 21.172273
15 87.992296 45.440708 23.753277 44.726382
16 71.244719 47.002037 23.062289 46.16982
17 78.366616 51.589387 21.867796 21.084204
18 71.240132 48.044156 24.77842 21.033802
19 71.190325 52.317869 20.461689 21.716398