
0 71.118316 2.054575 17.865853 19.642597
1 71.037371 11.210674 24.096193 19.507432
2 71.151318 20.831711 27.183285 23.65249
3 78.164471 30.711109 29.041951 21.222191
4 71.195217 33.010711 28.530584 21.591314
5 87.602205 41.027869 26.807162 20.712617
6 88.705278 45.01889 27.418441 38.196361
7 77.947281 46.260401 24.235513 21.479254
8 89.398115 44.620657 23.527889 54.181445
9 89.081223 51.051868 21.002515 27.739839
10 73.363623 51.879237 19.908011 50.932347
11 71.273789 52.568032 18.276817 54.181445
12 78.261996 52.54131 20.670008 49.139494
13 78.544327 51.529475 21.598234 48.687606
14 90.38351 54.507979 19.741921 24.425305
15 78.304892 51.925829 21.506292 46.867816
16 77.346774 52.311808 20.194014 20.923011
17 71.21604 53.235415 22.189309 21.317622
18 78.243232 48.142118 24.686767 50.772924
19 78.158703 48.317165 29.219324 21.591314