
0 71.20734 1.168078 16.873847 18.695529
1 71.050176 10.146519 22.670734 14.252544
2 71.110935 15.230605 24.398474 17.429857
3 71.153014 23.081361 25.363555 21.124626
4 85.940204 25.001576 29.128822 30.931615
5 71.138373 34.52206 27.604477 21.846542
6 78.230492 38.7877 28.103146 22.690977
7 71.148889 37.306674 27.730748 22.532078
8 71.264322 41.406955 25.747269 20.712617
9 71.181665 42.137177 26.821987 23.022153
10 71.182186 45.244509 25.875505 21.502162
11 71.172983 46.862809 25.145399 20.976422
12 71.174556 48.766263 23.973789 21.935473
13 74.172858 49.279652 22.002304 21.778992
14 71.262773 52.023597 19.749158 20.818921
15 71.236992 49.583656 21.587829 21.293278
16 78.327216 49.915594 28.58157 22.507147
17 71.194561 50.682872 24.552795 27.324075
18 78.313739 55.54021 20.968171 21.502162
19 71.215249 52.212171 23.88262 21.685998