4.609387587577492007e-01
2.941371695977728629e-01
5.386909735772881236e-01
4.878731920066284866e-01
5.234785965030819277e-01
-9.637650703724702506e-02
-4.949403529415592473e-01
2.032484266790416383e-01
-3.315382192568024772e-02
2.987621427191795576e-01
-8.916578093837723706e-04
-2.539823513365774277e-02
-1.025717134037210376e-01
8.110388577999400050e-02
-3.242974435573285907e-01
-1.000000000000000000e+00
-4.836770943821990798e-01
-6.422296767794175021e-02
-3.162456214373605690e-01
-6.831742130006537295e-01
6.459993624984339267e-03
-5.259807882124942768e-01
6.501528074758222697e-01
-9.725414616976790771e-02
-4.548783612766986451e-02
2.174431779098341955e-01
8.018254627744176855e-01
2.959798140483285156e-01
-1.000000000000000000e+00
8.199404773018590387e-01
3.190351019881304540e-01
-5.832441916704779183e-01
-2.729927257430500923e-02
-2.795728081550325483e-01
3.793690255735565620e-01
2.705702337087267928e-01
5.319734532596419596e-01
8.616381773432868485e-01
4.444934855437238097e-01
-6.720023791253614265e-01
-9.999651884567213322e-01
5.414567551925937305e-01
2.222018980945764111e-01
1.206831914543340240e-01
6.898139651313023313e-02
-7.135992419624312966e-01
-1.953216747081676363e-01
5.550678108481127415e-01
-2.333717065582894268e-01
-1.000000000000000000e+00
-3.741197103691086823e-01
-1.000000000000000000e+00
-4.214588407252858326e-01
-4.657284631143633891e-01
1.703997235987275150e-01
1.851245501412180916e-01
1.342061365671410877e-01
1.437112521844504387e-01
-4.752298659394603164e-01
-1.000000000000000000e+00
8.615262366800434668e-01
-3.284733462048811670e-01
1.000000000000000000e+00
3.468584751215811890e-01
5.024625628224828056e-01
2.964821842813243902e-01
-4.871387567173170452e-01
4.327987570385800065e-01
3.122833865908533069e-01
-5.537017158613072310e-01
-2.859911121570924419e-01
2.564362918092489840e-01
1.462983625467736137e-01
9.505508704013443388e-01
6.862218388612332243e-01
1.987911179335296041e-01
-2.425325382312152611e-01
-4.601692247491465659e-01
-7.540210744471390614e-01
-6.533986196151164716e-02
-1.126976579304634352e-01
1.000000000000000000e+00
-1.000000000000000000e+00
-8.785564758439750044e-01
-2.872066722088620905e-01
-4.810033689237513954e-02
-1.607931079598601265e-02
-1.401826246621243333e-02
7.601480656905452993e-02
8.768432784558688464e-03
5.194666999362521631e-01
-7.281472762116926178e-01
1.000000000000000000e+00
-4.535294724669705624e-02
3.733769262993632543e-01
5.260654867396479251e-01
3.131877117099450825e-01
-4.941077900192905048e-01
-7.722776440942644705e-01
-2.794343467672812387e-01
8.623497309111425313e-01
5.578779033479806110e-02
1.000000000000000000e+00
1.734309081671450425e-01
5.686669702393395420e-01
8.452775192771142532e-01
-5.079954006354206464e-02
-9.302321031245144312e-01
-3.425418953694369106e-01
-4.361554768673669980e-01
-5.656215990940719474e-01
-1.000000000000000000e+00
-1.000000000000000000e+00
-4.749371418583310800e-01
2.542465067321177941e-01
-5.480195696536248606e-01
1.000000000000000000e+00
-9.956741851382891473e-02
-3.782865676852679160e-01
-1.070206228821115463e-03
5.852533740458559786e-01
-2.641360384700753849e-01
-1.311551395573943429e-02
8.961146610364314480e-01
1.758161334157240518e-01
-3.093479125807047647e-01
7.520451026432719566e-01
4.296322572662829575e-01
-4.881824294911790707e-01
-4.582441673759848899e-02
1.000000000000000000e+00
-4.425532477095112105e-01
6.136477411391396686e-01
3.433819261600833395e-01
4.404323483747727974e-01
-5.481841070211552758e-01
4.204864784558655089e-01
2.370646777359622370e-02
1.000000000000000000e+00
-3.041049335427234990e-01
4.987906745049692780e-01
3.711308230651746420e-01
-7.367413563431149948e-01
-7.572710147613606613e-02
7.228437449886747357e-02
5.129043554553404105e-01
-1.472147409553285491e-01
-2.976727117509035403e-01
-4.657336522349176944e-01
2.861472518353085359e-01
4.973676925515858604e-01
-7.163119481914087538e-01
2.886045639624267301e-01
-4.618959622584504765e-01
6.500145911338297555e-01
6.502859062890219422e-01
-5.417976118394225438e-01
-2.293927108662565661e-01
4.101238619521873074e-01
7.420451074157509153e-01
5.248667979695319508e-01
9.409378143983182508e-03
9.978373777529457866e-01
1.024188055304828260e-01
5.825398698606573111e-01
-2.899024288055531695e-01
2.295240504558972716e-01
6.622948838298438057e-01
1.871245948307563578e-01
-3.020330324401979127e-01
2.924929209931222823e-02
-4.913289910671669869e-01
-1.418100826213849752e-01
-1.534780776015349235e-01
-3.004642026341234340e-01
2.126283217029767414e-01
-4.305427933258971218e-01
3.678067978464457100e-01
-1.358874778135620576e-01
1.139112408981909352e-01
2.398818308092943163e-01
-6.425418875281123654e-01
4.971005842227910754e-01
7.406408553721892662e-01
-3.742257353273796827e-01
-3.799409268625742464e-01
-4.215426964103242691e-01
-7.937781432475752297e-01
-2.174279786634889522e-01
5.653770540726805321e-02
1.709741356900263409e-01
-3.665165163184057051e-01
1.000000000000000000e+00
7.881654824818236094e-01
-4.627868667894791677e-01
3.242377755317250171e-02
1.800310936737811729e-01
-6.049040196024383365e-01
3.234097405476971665e-01
1.000000000000000000e+00
-1.464734852976969648e-01
5.031900619257156926e-01
1.434006689042308935e-01
-1.832303714349195478e-01
-4.914356232956108017e-01
8.693514948709675227e-01
-7.962391002799457107e-01
1.603909590215896186e-01
-1.400800863684114606e-01
2.744542882454756860e-01
-1.923829138797464311e-01
4.940444899068336393e-01
5.555587663773271512e-01
5.967514219094195438e-01
3.101516463427960169e-01
4.182973287105185012e-01
-6.757122802755739510e-01
6.691293526919634971e-01
6.518903007179077669e-02
6.429927714913856729e-01
5.396371076718357029e-01
-4.015485637275104658e-01
-2.332232907949993161e-01
-5.572951982270641924e-01
4.265148231508565924e-01
-1.000000000000000000e+00
1.078737758820770033e-02
1.347799544810685257e-01
4.765050966298020607e-02
-1.571966586346003059e-01
4.605154479632184716e-01
-6.520546394612805052e-01
-2.382275427080735308e-01
1.000000000000000000e+00
1.000000000000000000e+00
-9.970470709574094648e-02
-2.572900057177212041e-01
-3.597814577057071306e-01
4.657105467578219749e-01
-6.660816532308034832e-01
-7.488127316021875313e-01
1.551123167905461564e-01
-2.508853507344807610e-01
4.720801760282489767e-01
1.000000000000000000e+00
-1.120731572988891422e-01
3.746689088934843648e-01
9.128038102579314472e-01
5.362970465696536015e-01
7.995530896865581383e-01
1.000000000000000000e+00
3.259209001541125694e-01
-8.305673616381858970e-01
-5.365515142450961728e-01
7.825927295696629704e-01
1.936795768037178900e-01
4.866771659654394178e-01
-1.010342096449973470e-01
7.294205547452619065e-01
-2.369756153703760082e-01
-5.992854424789120227e-01
6.003884778845409720e-01
2.509791197381292527e-01
6.236081637170921566e-01
2.660642573021088086e-01
