-6.364289697321977302e-02
-2.329369736020869275e-01
-7.206946348903367494e-02
-6.109192186735429297e-01
-3.016377233470524666e-01
-6.898140444435649776e-01
-9.163419831968636076e-02
-8.042854736802097504e-01
-8.186032426895661906e-01
-4.514726695432981218e-01
3.183802513895381270e-02
-6.446096038220616720e-01
-7.712961231732824441e-01
-2.900592886894901024e-01
1.575132125828685448e-01
-6.141391214000738868e-02
-1.104784835327903281e-01
8.666746154431128613e-01
6.964603304055564381e-01
-4.360437884391623609e-01
-9.787896542996773475e-01
1.000000000000000000e+00
7.629648308192200634e-01
3.186700047347934550e-01
-9.789830987111188820e-01
-7.093176625442812466e-02
3.273279821312009563e-01
1.734622992971193156e-01
-6.575418124410897791e-01
5.887807627145711376e-01
-7.323587133017950279e-03
6.575731485317746206e-01
-6.274961366958538012e-01
2.825216091134272745e-01
2.161712999456235074e-01
-6.675330213317715033e-02
5.065611878685527536e-01
7.347057891926302986e-01
-7.706300444110470993e-01
2.831336307144555198e-02
3.537517984288214845e-01
-8.684370120704892893e-01
2.726688552168927138e-01
-4.583554824775771253e-01
3.044529017955439065e-01
6.812962797749764210e-01
1.000000000000000000e+00
2.074372763338134529e-01
-2.143593897362058298e-01
4.540181786982647738e-01
-7.898105701154648495e-01
3.481844635500602192e-01
-7.808803086896569379e-03
-3.715345632064808168e-01
3.165313680506598448e-02
-1.232045767378509848e-01
1.924874423739285079e-01
1.000000000000000000e+00
-1.000000000000000000e+00
-7.593775272360707707e-01
-6.279686058995439524e-01
-1.000000000000000000e+00
1.000000000000000000e+00
1.584158507811408989e-01
2.813714950087009559e-01
6.954643909685858105e-01
-1.747000993237850242e-01
-7.972050644844177469e-01
-4.829016866694588739e-01
2.949684417287607996e-01
3.514403690652885270e-01
-1.197585873910575471e-01
-2.963943043601960925e-01
-1.769072895801254430e-01
2.082626451815252078e-01
1.000000000000000000e+00
-3.318494838473107778e-01
-4.078543060820540855e-01
4.436666748129204363e-01
-3.699171940835408456e-01
-2.011661440918218191e-01
5.247325382740185284e-02
-2.117832996031954185e-01
6.637476694917111564e-01
-1.000000000000000000e+00
2.490737857486341189e-01
-1.605983213946121924e-01
2.377937122923003410e-01
3.216175531341594063e-01
-2.603416487041783078e-01
3.958400485647920464e-01
7.965230829889096142e-01
-1.000000000000000000e+00
7.382785315080241106e-02
-6.243302746429755246e-01
1.016049302722942388e-01
-2.373623195337442038e-01
6.585746696703405068e-01
-9.615297427129833041e-01
-2.827607470163726600e-01
-1.000000000000000000e+00
2.046203508585560660e-01
3.667697331677406414e-01
5.455048893691059053e-01
-7.431258661933147491e-02
-3.707932087589831949e-01
-4.997768190845213732e-01
-2.200308764254718663e-01
5.144563814943199365e-01
5.866348580389509904e-01
6.413908760805973053e-01
2.840348860549233856e-01
-3.343119000803745910e-01
-4.690715119841051273e-01
-5.604608842490106380e-01
-2.729520845918198546e-02
6.061109555494919032e-01
-2.638926969044002036e-01
-1.304730512256383756e-01
2.491091402721540837e-01
-6.770283734975375278e-01
-3.290264978942835650e-01
4.432182803867642379e-03
-2.850746001533448482e-01
-8.364815071430196092e-01
4.512191529243556598e-01
2.759858077477525540e-01
-3.867689715675837192e-02
-5.448798475325983270e-01
9.230655811089130136e-01
-5.125637683241447418e-01
3.699342084311743606e-01
1.000000000000000000e+00
-3.576810263042650151e-01
4.237522740924001274e-01
-7.562839856555787499e-01
2.270347684662382126e-01
-2.112626667371967359e-01
-2.805209064526681395e-01
1.000000000000000000e+00
-9.477670383438090429e-01
3.348514794684878670e-02
-2.959525072031295445e-01
7.950474550141124475e-01
2.765867069255653066e-01
1.283428884788745394e-02
1.249530689055815547e-01
2.291908183037560942e-02
-9.462782805674957443e-01
1.000000000000000000e+00
-2.676192458991553669e-01
-1.432989548598017637e-01
-6.588565153135155228e-01
-1.029842098475301088e-01
-1.221263793282364729e-01
1.650868637170644915e-01
-6.519046728957502701e-01
1.178440508936151182e-01
3.152341531525494900e-01
9.118266359109146457e-02
-5.112437906945482835e-01
2.779649851268700678e-01
5.582055001569067310e-01
-6.555688447766450100e-01
-2.315944977339989275e-01
-3.430168635580549408e-01
-1.668222244346752037e-01
-1.192249901791272715e-01
-2.348835086118074011e-01
-2.999218755207420650e-01
1.281053807161234293e-01
3.077575561560490502e-01
-2.720155373034467972e-01
-6.879546262174636162e-01
-7.434102651860565736e-01
2.504484018445765625e-02
-4.563810019953913888e-01
8.102063678853590467e-01
3.508135161229952170e-01
1.000000000000000000e+00
-2.816055045340935536e-01
-8.037685380646406585e-01
-2.248499567458645543e-01
-6.334744528879407977e-01
-3.936242706117777379e-01
1.044615990844492137e-01
4.199219959421859327e-01
1.694129412136472779e-01
-3.763914713325418049e-01
1.231202571314003458e-01
-6.258939783973342941e-01
-2.288745833834381904e-01
-9.811260285156870875e-01
8.952781456076391864e-02
2.706772766976898725e-01
3.364393784496348960e-01
-7.830921676857975910e-01
-4.888523533079317529e-01
-5.122764169297333581e-02
-1.391035771055080250e-01
5.840035492544816409e-02
5.234840587586587768e-01
-1.113788576409997927e-01
1.666719326455132211e-01
-2.181086399162505962e-01
-4.077203035281320442e-01
-3.972612315731915977e-02
-1.674216891111012795e-01
-4.129832024402702029e-01
3.349779238957243943e-01
5.498044993745043740e-01
4.115387652795279294e-01
1.000000000000000000e+00
5.176410110989945190e-01
-5.935223397052191707e-01
-5.276276407688572645e-01
6.758605735512739354e-01
-3.691242425815343120e-01
4.248835960459271255e-01
2.845324868337632540e-01
-7.282945008666361630e-01
3.842388838662997297e-01
-4.144726523957678599e-01
4.382141923333482403e-01
-5.976356671197554649e-01
-5.810752450259933782e-02
-2.666662292684979785e-01
-4.628797171354514517e-01
1.181616720195011183e-02
2.191094453899899153e-01
-2.403108554566969757e-02
-7.879705021717162694e-01
-6.716024615119320362e-01
6.758610505336843932e-01
-2.516275180703794745e-01
5.260280896943989593e-01
7.126502459483467777e-02
-3.657193817837596228e-01
3.583880345650796162e-01
3.476927200163923981e-01
-2.446280669220478321e-01
-1.963673160029872078e-01
-3.264756420578966978e-01
8.447604514686690713e-01
-4.362183846596692227e-01
-6.623031158267785878e-01
6.259257535622380075e-01
1.513067479524000669e-01
2.229428109346282827e-01
7.529079004486198823e-01
3.294639356618984660e-01
-3.222379635894867533e-02
-1.013588865763969671e-01
2.066446707729797938e-01
7.311729836333664689e-01
3.832532249293560400e-01
2.118113072213684833e-01
-3.492810158390149411e-01
3.307231793011010113e-01
4.159436142880569287e-01
-7.195876878340043969e-01
-9.956286157710929619e-01
-9.485748288979758414e-01
1.594454633684153910e-01
8.563495119591739702e-01
