-4.362831250034513442e-01
8.785456145015833052e-01
-8.940228647744292989e-02
4.861458073423747250e-01
5.585815623049708023e-01
-1.000000000000000000e+00
-1.572382725741832965e-01
2.226347748264057708e-02
-1.129409071496777911e-01
2.061537798661208509e-01
-2.598798002482232694e-01
-2.001448913423531095e-01
8.091700829690164909e-01
-1.237293511801567936e-01
4.909139455434226029e-01
1.452673112816594281e-01
5.228997361090057527e-01
1.000000000000000000e+00
7.093977703903747711e-01
5.449350689671464965e-01
5.110044789026045864e-01
4.256182553263627710e-01
-9.029153719351187823e-03
-2.409476899668964167e-01
-7.522680275055394494e-01
3.715885775092677146e-01
-1.000000000000000000e+00
-3.812047047958244117e-01
-6.997610626862715844e-02
-1.000000000000000000e+00
-2.909542842962328790e-01
-4.208593600947157509e-01
8.111373914947278552e-01
-6.362921436781966422e-01
-9.339931869504427553e-01
8.470927459357032729e-01
-7.630737052212643867e-02
-4.961037873418893546e-02
4.026096595758029695e-01
-1.187830710216499497e-01
-5.888703819118010774e-01
-2.128510162184526003e-02
3.627137586029042238e-01
1.394095879605937727e-01
4.617160120525565237e-01
8.097587439422035960e-01
-4.352862205370213733e-01
3.020665558092633374e-01
8.278178742411453905e-01
3.599508344432978957e-01
-2.535299504043664331e-01
5.432880495947042254e-01
2.302030418065176276e-01
-3.510748305236948696e-01
4.593478640461718387e-01
-3.170763416512457633e-01
1.314295840176673280e-01
3.956051983669005567e-01
8.825127883076194779e-01
-7.307432078405555753e-01
-3.639709785878473269e-01
-4.354921496589039820e-01
-4.626489481721240971e-01
-9.410216717703804301e-01
4.899490617709366669e-01
6.095822207566062301e-02
9.917752620761849380e-02
8.060343938503123917e-01
2.659765698396747702e-01
-8.148145089583156420e-01
-6.397121946093028422e-01
-1.943005284599345073e-01
8.700497032645940765e-01
5.634829429495953612e-02
4.600361925551689768e-01
9.646705301848479408e-01
5.505034560415864586e-01
-1.104003974014002576e-01
6.855043361672323865e-01
1.143379359246316923e-01
-5.332826546845728100e-01
-1.274937455705177636e-01
-2.165421555538121212e-01
-4.045395649712452135e-01
-1.000000000000000000e+00
-9.983894071886136867e-01
-1.927669466084471761e-01
-1.000000000000000000e+00
-6.140562745636264363e-01
3.655464249635727025e-01
8.088941499319194373e-01
1.279343720087698297e-02
5.883008224519341578e-01
2.474230905411113901e-01
-9.016080636546154325e-01
-4.361854462441338565e-01
-3.426374735552952799e-01
-2.324491160926352440e-01
1.468618224306550424e-01
-6.015854968443885842e-02
2.562362550272929695e-01
-1.756673147809087454e-02
9.099970949061295666e-01
-1.000000000000000000e+00
-3.236919359990402256e-01
-1.239165763124649988e-02
3.235236234288638713e-01
9.990195791274480985e-02
-9.386938241277764661e-01
-2.604618531424540695e-02
9.375722677048787812e-01
3.173138692486407453e-01
-4.710231894853402629e-02
2.661431970947303882e-01
1.000000000000000000e+00
6.476997170116723934e-01
6.890903633141856055e-01
8.698992830408907445e-03
3.018199375167775478e-01
9.334267046821767555e-02
-4.267811464600513444e-02
1.793747249889552642e-01
1.195980052752052408e-01
-2.553054998914267570e-01
-1.402787583024017182e-01
3.466117538125345066e-01
-2.415433034591077111e-01
-4.588264608203696526e-01
-5.873840758768575920e-01
-5.474242021722497409e-01
-6.784856270302911385e-01
1.168251994659869619e-01
3.340190955138939710e-01
-5.585258675497828396e-01
9.272082917420831905e-01
8.510926711049478233e-03
-3.325423994090337398e-02
1.984008421452277959e-01
8.654302005211219617e-01
1.020117566655272534e-01
1.087942273592205633e-01
2.326180361651376816e-01
8.436239932272182607e-01
-5.349732471847256088e-01
9.297654727009857512e-03
-1.000000000000000000e+00
-7.398238456952455078e-01
-8.127964339103729285e-01
2.793753247414400565e-01
4.401049054352976775e-01
1.961034216174302458e-01
-9.070874712293708342e-01
2.174756640795026674e-01
-1.597728928468512555e-01
-2.933529476402846892e-01
1.000000000000000000e+00
5.458178648071163597e-01
-1.000000000000000000e+00
-8.635242224327559224e-02
4.423047261717590328e-01
-4.751515826768995532e-01
-2.532032449524262985e-01
2.961669792968375792e-02
-5.924811909536268351e-01
2.690313729329537606e-01
-2.108857933873083956e-01
-9.043502483061101327e-02
-1.000000000000000000e+00
-1.000000000000000000e+00
3.562001353234807710e-01
-8.746605847764093999e-01
-2.708675188372168252e-01
-6.197959880953765044e-01
-7.188163583361539821e-01
5.199960318568086493e-01
6.520749606411273547e-01
9.969451336605916758e-02
-4.642254077176568017e-01
-1.217570202406826896e-01
-1.152968046395102114e-01
6.063446496066543512e-01
3.368321788626389424e-01
-7.439205352803601734e-02
-5.339404799540015123e-01
7.586350708754446837e-01
-2.387534535411765524e-01
1.226483682767518235e-01
-4.126019536066873883e-01
2.874236370517229133e-01
4.283471865414618662e-01
6.734101595591919232e-01
-9.063086309454785328e-01
4.559339624491857146e-01
7.753321199264728847e-01
-4.993253693718701092e-01
3.927689874651603130e-01
-8.500709257429152066e-01
1.625057492895743694e-01
-3.377649681581154639e-01
8.885239313067149203e-01
-4.347859498864914962e-01
7.442229975749059534e-03
-6.146616409591007524e-02
6.462754265912443175e-02
3.267850206879951425e-01
8.093476940122658059e-01
-1.309783721326317207e-01
8.237795132101515261e-01
-1.000000000000000000e+00
3.561977826219408505e-01
-1.448213459887729981e-01
3.689651795512685073e-01
1.000000000000000000e+00
6.647581853711415079e-01
7.060645501540030455e-01
-8.993022730883115656e-01
-8.087285318625769825e-01
5.569374243495122112e-01
-8.346873076790504165e-01
2.277887617484308236e-01
-5.940880656915258351e-01
4.856291306548932707e-01
-6.699111432524182397e-02
9.690835446585106538e-01
8.988441882568881658e-01
6.054279606858986584e-01
-1.771507116604967638e-02
-2.061026704866531778e-01
9.245948340693849188e-01
2.013406183324190912e-01
9.331981785008325314e-01
1.000000000000000000e+00
3.551032096197415111e-01
2.894963339412902625e-01
6.169204498769592648e-01
3.235562247109517453e-01
-7.125444886534017253e-02
9.345215483912379106e-01
6.201132647688848420e-01
2.830018467483835093e-02
-8.778703631196860258e-01
-8.916832298311729854e-01
5.173467125639887865e-01
2.661830630024950572e-01
-7.713437551263224723e-01
1.498940173648554974e-01
-9.501156260124921094e-01
-3.725427080994318796e-02
9.193715754652753702e-02
-2.962091951072064466e-01
2.290930117875378605e-02
1.000000000000000000e+00
1.246310506126135365e-01
1.256425754947536610e-01
1.000000000000000000e+00
1.049782437877131158e-01
3.944963463013060889e-01
2.685241728212158993e-02
2.709409045532257809e-01
1.416049229275096744e-01
-1.108530272512794068e-01
1.792477342817802022e-01
1.621749647631213487e-01
1.531043161428209398e-01
1.065676800439047389e-01
