-6.976260518729415772e-01
-1.335233333796295996e-01
1.194003015064226680e-04
1.400441746250664921e-01
-4.808702649333789214e-01
-7.507171442566780151e-01
-5.623317968970750202e-01
4.713517658344824057e-01
-1.000000000000000000e+00
-1.123043726774844708e-01
-1.859686747435674303e-01
-8.343145629460032575e-01
5.500851065965084441e-01
1.000000000000000000e+00
1.432873354178216818e-01
-3.004736395838146779e-01
3.225085019930648000e-01
-9.493802350259610279e-01
2.941748397102025292e-01
1.000000000000000000e+00
8.820734790474094034e-01
3.084111725798092257e-02
-9.591070734378761564e-01
4.274670835956397297e-01
1.830479612984426407e-01
4.201121841367408960e-01
-4.415858752611323546e-01
2.857123918603847734e-01
9.046005786104192037e-01
4.233182525781432060e-01
4.092652032665471395e-01
1.000000000000000000e+00
-6.816048622861103912e-01
1.000000000000000000e+00
-3.368131858917154386e-01
2.930790412433064221e-02
-9.687999914996864304e-01
7.439393843010650986e-01
-6.769044288747952387e-02
1.000000000000000000e+00
-3.860492680045429226e-01
-7.335942989847908935e-01
-1.065829463700689039e-02
3.022697564500163858e-02
1.000000000000000000e+00
-4.072997736306988026e-01
1.000000000000000000e+00
-6.585465148863710594e-01
-7.039110056564312767e-02
-5.036496286735205052e-02
-1.000000000000000000e+00
9.028126591069369766e-01
4.020108780010531735e-01
-4.994410183376409851e-01
-3.308067941327887812e-02
5.014147481020634345e-01
5.795468672523766962e-01
-1.374300871895719200e-01
8.304048310200221050e-02
-1.318550250877050835e-02
-2.363679343878801187e-01
-1.829529825005866694e-01
-2.511115374931234823e-01
-7.991338639781037090e-02
3.800998270246961908e-01
-3.973105691014042762e-01
1.769060950529657006e-01
-1.485863584175620977e-01
6.376525962519823398e-01
-1.802267305079601478e-01
-4.745577919070633754e-01
-2.629647558235790883e-01
8.971069075086306466e-01
1.000000000000000000e+00
-7.727069154443869659e-01
-9.974234863851572097e-01
1.843951469749082750e-01
9.169614797942501339e-01
-1.426210248689943061e-01
9.623469398363292127e-02
5.783608032739523397e-01
-1.677650493354614358e-01
-1.888839861178919222e-01
-2.648120876685222114e-01
-1.000000000000000000e+00
-5.998868850884772064e-01
9.355981003272990926e-02
-1.000000000000000000e+00
-1.000000000000000000e+00
-8.344312010165990667e-01
9.915098384346542060e-02
-3.739864014266854053e-02
-1.000000000000000000e+00
1.000000000000000000e+00
-4.728921216558750751e-01
-6.824012427057283281e-01
5.529848272532943421e-01
-1.968852442743009579e-01
7.290104242927428757e-01
-4.069191344159566737e-01
-4.498384939792872683e-01
9.010300667870669855e-01
3.453690273540099831e-01
1.856228068327558378e-01
5.073019325709124949e-01
-5.858491798441622933e-01
-2.434492357199768281e-02
8.881641769960571531e-02
4.482713700582449667e-01
-7.613401019286849536e-01
6.490441462812810425e-01
-9.684779951429035583e-01
-1.831825549524891961e-01
2.224445029021381859e-01
-4.032249839801238522e-02
-2.930225397860829473e-01
4.921154180553117263e-01
4.218520400641292967e-01
1.564091330880678365e-01
-2.996156183147665186e-01
4.398813069614170290e-01
-3.797769414115529929e-01
9.462130816138565326e-01
3.889710656208817396e-01
-1.000000000000000000e+00
1.000000000000000000e+00
2.369894873587770345e-02
4.149827088334961389e-01
1.224874624549694979e-01
5.888963621974670215e-02
-5.286647804078929980e-01
-1.426511198365723876e-01
7.232386595015302677e-02
1.000000000000000000e+00
-4.404022108014046810e-01
5.538827594855048053e-01
-1.000000000000000000e+00
1.361579098322666936e-01
-9.224531542564676223e-02
-3.108227711667215301e-02
1.627968424822439641e-01
6.676488225294500145e-01
-3.168330960840932131e-01
6.386383695236882985e-02
-4.235247530081635015e-01
-5.919504173701172212e-01
2.952238119564030150e-01
1.333952449270992269e-01
9.141196940562409390e-01
-1.000000000000000000e+00
3.041727889144917318e-01
5.946528436582559918e-01
-4.569902719354155263e-01
-9.842771147508068141e-01
2.798365908793985501e-01
1.706658434749500075e-02
-3.599432153012666058e-01
6.676013899468076218e-01
1.000000000000000000e+00
-1.000000000000000000e+00
4.676241307962135108e-01
-2.014142676027710632e-01
-2.892067306693000273e-01
2.805057950689562873e-01
4.469073147869208618e-01
4.257817373982626941e-01
-2.378689119932619334e-01
3.293423177085851306e-01
-1.092856297319540204e-01
6.189937605643094365e-01
-6.673368490030130440e-01
-1.959202066561965272e-01
5.303181869976999474e-01
2.285480572325247484e-01
1.379868472286953363e-01
6.967860060975086811e-02
-4.503200891934304728e-01
-1.155201339653784409e-02
1.482792530844316559e-01
-5.524907375997689662e-01
7.983523830150927036e-01
6.589588449369698786e-01
5.211531226925855131e-01
-4.853714927712520222e-01
9.766657976016525355e-02
7.686684756252316619e-01
8.374244513788040023e-02
3.005967300583058388e-01
-2.988539123056547786e-01
-9.837941114266017806e-01
-6.069804862774274001e-01
-1.000000000000000000e+00
2.654805770541792675e-01
-6.817645543191470647e-01
-4.060694406000887602e-01
-5.550209636518079748e-01
-5.544899301279900827e-01
1.000000000000000000e+00
-5.120621804302121216e-01
5.435037181671842355e-01
3.066356812894216466e-01
-1.000000000000000000e+00
-4.710123566976516796e-01
7.137112233221043489e-01
-4.208339370845191607e-01
-4.367902988202346792e-01
1.000000000000000000e+00
6.065978142322141498e-01
-2.671233457485007734e-01
3.297908384887801581e-02
-3.632819237800806178e-01
7.395610851979386169e-01
2.163256657220524182e-01
4.700971208910953436e-01
3.840635566803060619e-01
-6.847452631929487055e-01
8.820734790474094034e-01
-4.501788963000979971e-01
5.282288392746298245e-01
5.106177438486023679e-01
-3.874744903864745238e-01
5.687653082889274070e-02
6.471638920732645239e-01
8.138394787307541289e-01
-4.770746448249491706e-02
4.646956775532864459e-01
-4.882566400777118426e-02
9.132610458944150356e-01
4.573092121103799479e-01
-4.298143905616688687e-02
1.113730911375734739e-01
-9.443114491359042573e-01
-2.020796309442964844e-01
6.435667036037896471e-01
9.804040196303791532e-01
-1.000000000000000000e+00
-4.741531527253092237e-01
-1.000000000000000000e+00
6.261100279679915337e-01
-5.251036592239600731e-01
-3.753931273250133427e-01
7.067812457968669637e-01
5.872466814651867706e-01
3.844812726417775051e-01
-9.828483013663555923e-01
6.879550551376132361e-01
-2.852440079608382084e-01
3.653588679715444876e-01
1.397314334328568775e-01
6.248605242607252475e-02
-1.021219300755759896e-01
-3.176902419026952917e-01
5.175092198949524658e-01
3.781725435046876527e-01
8.555449746617430629e-01
-1.000000000000000000e+00
-4.368004418398639954e-01
-4.099037140791601808e-02
-4.730963320320875215e-02
6.230892927876556797e-01
1.000000000000000000e+00
1.000000000000000000e+00
-9.039620511365351607e-01
1.000000000000000000e+00
7.946381364570843653e-01
