-3.753070308001214550e-01
-7.451239616818107203e-01
-5.439585577218604140e-01
2.739396831056827297e-01
1.000000000000000000e+00
2.473311284401061294e-02
-3.009865027369417190e-01
5.290376526675218960e-01
-3.203329582413519949e-01
1.000000000000000000e+00
-6.206548192963572408e-01
-4.510677592472939756e-01
7.192998055890269526e-01
-7.777829666030909861e-01
-4.767880575016815170e-01
-4.094593214307149509e-01
1.493037269129675604e-01
-2.938235381789487399e-01
2.647074453438161834e-01
-1.840321832114074074e-01
-4.190779825267588743e-01
-4.821912854075521837e-01
-1.000000000000000000e+00
1.512472270070104596e-01
-5.831438077970158007e-01
1.282373355943267901e-01
-3.099435588064591851e-01
7.737131840740776312e-01
4.125058051800573611e-01
-1.963628850922294333e-02
3.698372669990754869e-01
6.848396046367197787e-01
2.980346400625998038e-02
5.851059125756241652e-02
2.828012015399298251e-01
-1.807781193986634782e-01
-4.815702747893338409e-01
-7.232820781127025089e-04
4.379749492870153582e-01
-6.256950173002165383e-03
-8.289153280777327160e-01
1.000000000000000000e+00
1.559926260970080636e-01
3.234614104202846452e-01
7.349494922481714099e-04
-3.397261938233875345e-01
4.150758119361745435e-01
1.000000000000000000e+00
-5.028339871576176234e-01
5.125386471470081418e-01
-2.418409255813664949e-01
5.298479437704672890e-01
4.141710572796445944e-01
-5.505397024586388133e-01
4.734995075998440495e-01
-6.019089451033174942e-01
-4.908680194964413213e-01
5.145496878548883046e-01
-6.070255398859667473e-01
2.446460642705627353e-01
-5.189324728494626449e-01
-4.079127431279897520e-01
2.822131013789840048e-02
9.023877019277866118e-01
-4.240827310813878315e-01
8.886483492120011984e-02
5.686685697132836115e-01
-1.000000000000000000e+00
1.038635196869570482e-01
-2.985504156312052126e-02
-1.045891668988898210e-01
-9.629189343972860415e-03
6.160427803509856137e-02
-3.387344173308741435e-02
1.000000000000000000e+00
4.511310978256640597e-02
7.026106855695557485e-01
1.000000000000000000e+00
-3.300383467458959941e-01
2.713170218890199048e-01
-1.000000000000000000e+00
-1.517121841583112529e-01
3.355147251459535407e-01
-5.000530777516263292e-01
1.000000000000000000e+00
7.086151642564886277e-01
6.570544310642124630e-01
1.049239212943318955e-01
3.297960847483003555e-01
1.000000000000000000e+00
2.765593290507384894e-01
-7.136033987464501793e-02
6.125841103419633615e-01
1.771262506253717950e-02
5.973664058560089751e-01
-3.773243448345245388e-02
6.365020564899772637e-01
1.049063225855032533e-01
7.203020890235114493e-01
4.345170193404285230e-01
-5.506562352507820002e-01
-3.271942764759350197e-02
-2.243304776739023509e-01
5.412866625872496673e-01
5.574007200027480957e-01
-8.698729476691946516e-01
6.870789683371999468e-01
3.534780444440144276e-01
-8.081163953999948024e-02
2.732597821611018052e-01
-4.866960711212353630e-02
-5.499386095322206236e-02
-1.675028316923517779e-01
1.559212043006810156e-01
2.253225005259402447e-01
1.361827691087355019e-01
9.408711462072192333e-01
-4.168062388361485349e-01
-1.025055892787667400e-01
1.146121976414302968e-01
-7.573066374801786793e-01
1.000000000000000000e+00
2.412312530093606022e-01
6.898037756967712042e-02
-5.571987549652059890e-01
-1.000000000000000000e+00
1.000000000000000000e+00
4.829649285430244743e-01
-1.890835137241309583e-01
-3.032181456140833342e-01
3.271841553942294034e-01
-3.556034041839769566e-01
4.366096359472319000e-01
5.584093956413651583e-01
-4.320952519733561870e-02
-4.196849090387881898e-01
7.660433122383104587e-01
-4.437292403737683744e-01
4.152479052996750353e-01
-2.054311833098686757e-01
4.592373579996510413e-01
-5.277036906038811565e-02
-4.770384245988970595e-01
-8.395519265174118673e-02
2.702659403445285546e-01
2.233219687489952643e-01
4.183045122178332131e-01
-3.198119973702784336e-01
-7.594069533318397180e-01
-4.870686013652968105e-02
2.251612957675471205e-01
-5.827241590020945106e-01
-4.454759072495315109e-01
-3.261733395310206229e-01
-2.909902370846327857e-01
3.330349767958496465e-01
2.556786105176627188e-01
-4.805493394732490708e-02
1.000000000000000000e+00
-2.948544600929227100e-01
-7.510844560832510841e-02
-4.450885162647234827e-02
8.049888151787021329e-01
-2.327193159152144697e-01
-6.718416808328848688e-01
1.000000000000000000e+00
-7.650054818551541569e-01
-3.187874533583464620e-01
1.111051463993530386e-01
-4.407004332342400188e-01
9.897122813580976342e-01
-3.749923642005917324e-02
3.830259372403042872e-02
9.738778917088095066e-02
1.000000000000000000e+00
-9.439061885588340139e-02
-5.371771265612599322e-01
-3.947917224229018918e-01
1.000000000000000000e+00
6.619595957307196077e-01
-1.044253867262961710e-01
1.959997489599992204e-01
-3.665705604493925129e-01
-5.718748442012954181e-01
1.000000000000000000e+00
-3.233802763749815679e-01
6.140366670890953782e-02
2.802945112563988150e-01
-1.591293301273472016e-01
-5.688970960671757560e-01
1.279075680444115570e-01
-5.067724346294320004e-01
7.603765181464231526e-01
-7.907581904225411407e-01
-1.000000000000000000e+00
2.849219200705753741e-01
3.739398051388978517e-01
1.902274874832126095e-01
2.418974343267848159e-01
-1.805702200083108555e-01
-2.573958743919302350e-02
1.894176882369400239e-01
-1.409338437950838907e-01
-1.216194776993636262e-01
-1.000000000000000000e+00
1.915014894417885472e-01
-4.391706277759082067e-01
4.892438257520426159e-02
3.162722088613916238e-01
-2.465343695142241942e-01
1.235735548297294262e-01
-6.895126201548973377e-03
2.007533148290305269e-02
5.258256223344071056e-01
3.693434674293253894e-01
-7.140535981405191635e-01
-1.527003264457209575e-01
6.432309644678897431e-01
-5.923374012999269023e-02
5.854655747752898071e-02
1.533344907853952110e-02
-9.567416225917162176e-02
-3.618532360169495754e-01
1.878690055762747835e-01
-3.589156701835616303e-01
2.686365962439752897e-01
2.412103569063522301e-01
1.000000000000000000e+00
5.864939327014487835e-01
1.000000000000000000e+00
-5.322026935565355998e-01
-7.577659272058960838e-01
1.380033032875268573e-01
7.904796035263801368e-01
5.258333488818364154e-01
3.874566951037790030e-01
-2.083721223600751293e-01
3.733186573137511899e-01
-2.221888636443272169e-01
7.534432488083410151e-01
-1.422500496531027836e-01
4.403283503354153416e-01
-9.018247520553995811e-03
2.814272637676208944e-01
-5.526890487744873237e-01
3.370282940385565390e-02
-4.656785885084537280e-01
3.323418195893293459e-01
2.705602046477179057e-01
-1.541040443387875492e-02
-5.023216411023565531e-01
6.999895335986077161e-01
2.984650015218255903e-01
3.308243960307944986e-01
4.879268054405538901e-01
-6.973161822348369343e-01
3.974572929456292036e-01
-1.549006121989703888e-01
-4.627599998142240545e-01
6.099685585315333114e-01
5.834473152738658408e-01
-1.464247539308570489e-01
3.407577442188493011e-01
5.695454271651448908e-01
6.302847223625396289e-03
