5.015908823539261263e-01
7.834146789474356609e-01
6.419835975467720335e-01
-5.374787323685297213e-01
-2.137202691876667338e-01
-3.819100640878851372e-01
-1.593960604500831713e-01
4.098962308024838297e-01
7.632751232863355106e-01
3.411592832839218103e-01
-3.228254010845557076e-01
-4.545375585887379000e-01
-4.967810156168095403e-01
6.427883264497742388e-01
6.107246499287514174e-01
-5.466654883205646076e-01
-6.712787012854376512e-02
3.663960705583842181e-02
3.858559134307033012e-01
-4.444412334278846632e-01
1.000000000000000000e+00
6.581729732147731937e-01
-1.000000000000000000e+00
-1.272823200159049484e-01
-5.446966600846726569e-01
2.731683579985254018e-01
2.760518798244242511e-01
1.000000000000000000e+00
-8.596651354343081142e-01
5.323116490534146594e-01
-1.216893394583669769e-01
3.348220402949422247e-01
-2.526044097265305322e-01
-6.490497439326299300e-01
9.309662988552472873e-01
2.887977097936267890e-01
1.104046868110489243e-02
7.800899597496955273e-01
-4.440132058438447382e-01
3.233909443261571148e-01
-1.000000000000000000e+00
-9.811686062889778404e-01
5.784945440539412953e-01
-6.379602904040628797e-01
6.610093856668536327e-02
-1.022279774118066836e-01
-4.735409751882205254e-01
-7.003425892117793872e-01
8.681108938120831731e-01
-1.000000000000000000e+00
1.100334999832378452e-01
-6.413271735637082749e-01
-1.254097413472268496e-01
2.304688327579400564e-01
-6.408411527766725291e-01
-1.258768169470117493e-01
1.744132754951674136e-01
3.522442633770576093e-01
2.986982565846544313e-01
-4.736100515871979333e-01
2.617622047128103091e-01
6.110901348369771613e-01
4.693496304752011739e-01
4.026929251732541126e-01
1.000000000000000000e+00
-4.281096595972929686e-01
-3.566836107913696763e-01
3.344424493600729464e-01
-1.632828628382548275e-01
1.000000000000000000e+00
8.767764800625914567e-01
-2.985560103011214994e-01
1.629370938535964486e-01
-1.511647725516478968e-01
3.813015152890206205e-01
5.899416173254737883e-01
1.367025498954747009e-01
8.036821419102342379e-01
-6.885060443017190779e-02
-8.030652715609673531e-02
-7.556373702913778967e-01
-4.216711212519986818e-01
-3.829285258378095635e-01
-4.239309215280089305e-01
-2.042049176577782066e-01
5.991331381908937548e-01
-2.044135363060266830e-01
-6.490449910738058659e-01
6.226578814006275553e-03
1.000000000000000000e+00
5.470903047173168998e-01
-3.972395547229772284e-01
9.014239649545967570e-01
5.415679118036975659e-01
8.850809002303601236e-01
-2.557242931651417250e-01
2.635520923306183261e-01
-1.000000000000000000e+00
-2.868025599415822136e-01
-6.808933944138635397e-01
-2.339583943058134441e-01
4.392782660830232833e-01
1.055616153207572794e-01
1.067949287681407289e-01
-4.451847599069843620e-01
1.427218803432529493e-01
-1.000000000000000000e+00
-1.000000000000000000e+00
-4.452875592274325306e-02
7.812022410914218895e-01
-4.883677796675914839e-01
4.024078034613963739e-01
-2.420305708497979547e-01
-2.591842347359094023e-01
4.346799188668790115e-01
-4.463382487800130471e-01
3.139581104241780940e-01
8.076835103389823356e-01
-5.028679994675915310e-01
1.000000000000000000e+00
1.000000000000000000e+00
6.917141139737810196e-01
9.133684233469149816e-02
6.938305490868525993e-01
-3.087087091806280381e-01
2.587880412869035807e-01
1.000000000000000000e+00
2.762042764732743350e-01
-5.116342765635051304e-01
-5.019292470227900704e-01
3.160515766831781814e-01
5.795831728904367319e-02
-8.628371868126281097e-01
-3.038789934396232684e-02
1.537778977478800047e-01
4.396211720876400109e-02
-1.192533339587421859e-02
1.892459967426803891e-01
-1.905127017401585521e-01
5.974029659997214664e-02
5.979180128765908542e-01
3.123060848400510681e-02
-3.088998254320428072e-01
-6.400494616912733026e-01
-7.705182993550219184e-01
-1.523531412144375763e-01
-4.244616137444805204e-02
5.155065304518874347e-01
-4.427875412968799163e-01
-4.710022837558921482e-01
1.517101629576590449e-01
6.724815256405395347e-01
5.250715484115136000e-01
1.816164492888960869e-02
-2.949847679462667127e-01
-3.901368332502233582e-01
-4.451555367174743483e-02
5.369143013877251125e-01
-7.126665952889843503e-01
8.498059983378667415e-01
-2.627334806541794521e-01
9.050044084894891538e-01
6.610779787734679669e-01
-8.519752420348479793e-01
1.000000000000000000e+00
-5.768601572521033782e-01
-1.000000000000000000e+00
1.000000000000000000e+00
2.148721785588536548e-02
-2.874332381767802369e-02
-1.000000000000000000e+00
-8.803740753172932532e-02
7.111328938263855592e-01
4.680576568554236649e-01
9.189371722637014461e-02
5.052278320294141256e-01
-2.848282642266563025e-01
1.275592405732662860e-01
7.237446387849678642e-01
6.853226786353866506e-01
-6.439264687289251166e-01
-3.386582531793513873e-01
-5.329483228115647897e-01
-3.821245663765363010e-01
6.379518998398918672e-01
5.989493352233346002e-01
7.272084377142318257e-02
-5.057664788324565119e-01
3.910575996146009592e-02
6.767888868275208081e-01
-5.090803573992636055e-01
9.272856244375814461e-01
3.741282927886746545e-01
-5.604897878658009480e-01
-4.137268611836126819e-01
-8.450024452879361103e-01
-6.820588028428734573e-01
-2.830440037412293997e-01
-1.646736541243127849e-01
-7.861008928267363416e-01
-7.748395005361281562e-01
4.561560023863593383e-01
3.317155989691648876e-02
-3.764880818946834684e-01
4.845504189307958676e-02
1.893003954833828439e-01
-1.693860872102154747e-01
-5.202705639405276195e-01
-7.066286059300075362e-01
-1.682703876709485402e-01
-6.852699253792432499e-01
-4.975600447705869067e-01
8.726384357563932159e-01
-4.620848986584336626e-01
7.262215072551894135e-01
7.845120627595281171e-02
3.121553923709306094e-02
7.548588514930034687e-01
7.995237285439296127e-01
-3.746444813798104345e-01
-7.546819416132234393e-01
3.113601039240810886e-01
6.591348872626927591e-01
-4.532576421458537896e-01
-2.242776730856980705e-01
2.523227381553952986e-01
-1.000000000000000000e+00
2.547429866576429447e-01
8.589469801486194767e-01
3.280593483931064092e-01
-7.901593570514797715e-02
1.573649884749615535e-01
3.795222607313697427e-01
-3.411562335401692181e-01
-2.405690516234526566e-01
3.407759691497772025e-01
-9.511886148679860042e-02
-9.027947929410832240e-01
4.151377686954313972e-01
1.000000000000000000e+00
5.516672112443415932e-02
9.592581660420781420e-01
2.100925255954396165e-01
2.450417288705546426e-01
1.837481496023718741e-01
7.090504012743349405e-01
5.136018344902425481e-01
7.042684824892883055e-01
2.712033933261751573e-01
-8.217955673844525022e-02
3.598325702238776014e-01
4.407753003754085741e-01
1.971356234700341048e-01
4.196109530899613804e-02
8.096709818753432542e-01
9.148836464144536329e-01
3.886300657380785673e-01
-7.149876986951798630e-01
-2.288358488989701220e-02
-1.747383007365031493e-01
-8.168382623083743077e-01
-4.983938973539255857e-01
-3.812556671142328102e-01
-2.309047699660234931e-01
1.514019466322280572e-01
