
0 66.237949 3.875688 17.969105 -20.0
1 89.548142 50.027159 18.092829 -10.0
2 86.066267 59.296122 15.049182 49.0
3 90.212892 61.538747 15.043351 37.6
4 90.666939 61.405881 16.236984 52.6
5 89.775203 54.856323 29.767998 44.2
6 91.204722 61.460601 15.679124 52.6
7 91.048142 63.311592 20.620027 62.8
8 90.790654 67.587996 19.356607 65.8
9 91.269362 73.429374 16.498864 68.8
10 91.204722 75.169743 16.830107 68.8
11 90.859465 76.912968 16.212839 68.8
12 92.132892 76.284386 16.282048 64.6
13 91.103414 76.109935 17.679366 68.8
14 91.571096 74.055613 19.204727 69.4
15 91.714253 68.317238 32.633422 70.0
16 90.904722 72.100389 17.919709 68.8
17 92.132892 73.189242 18.075846 74.8
18 91.528142 74.530743 18.329486 68.8
19 91.654253 76.87855 17.064305 68.2