
0 66.282972 3.987901 18.971048 62.8
1 75.5839 48.718145 18.284039 38.2
2 87.27289 57.258529 16.085359 53.2
3 90.85505 55.720664 26.682363 56.8
4 90.976695 58.633648 16.822967 63.4
5 90.919465 58.94899 18.497507 66.4
6 91.823414 61.15088 17.72517 65.8
7 91.324722 61.41568 17.603073 71.8
8 91.654253 60.719133 17.580153 67.0
9 90.650928 61.840104 18.916377 60.4
10 91.324722 65.666172 19.697312 67.6
11 91.532892 65.641522 18.827505 67.6
12 90.866267 67.218987 19.240377 64.0
13 90.738708 64.090496 32.675413 68.2
14 91.500103 74.003576 17.358422 63.4
15 91.528142 78.752075 14.291752 70.6
16 91.334024 75.593197 17.424181 75.4
17 91.352892 75.638218 16.573336 67.0
18 91.648891 74.528184 17.767417 68.8
19 91.648891 76.117376 17.778245 68.8