
0 75.165189 5.256942 21.732071 -20.0
1 89.517582 43.549798 25.759893 -20.0
2 89.517582 57.272692 16.350064 60.4
3 90.79505 60.975104 14.42739 62.2
4 90.130654 60.309001 17.233658 55.6
5 91.716393 59.747314 17.237688 62.2
6 92.22272 59.777815 20.090953 67.0
7 90.872892 59.102771 20.122084 62.2
8 91.483266 58.469246 20.187249 62.2
9 91.714253 60.788797 22.229228 62.2
10 90.895505 61.592444 21.314361 69.4
11 90.632892 58.294918 31.103123 57.4
12 90.683414 64.227346 19.381843 62.2
13 90.364722 68.669807 19.5142 62.2
14 91.656796 72.978244 18.025043 69.4
15 91.329362 71.202255 19.940437 69.4
16 92.246695 74.375373 17.57316 68.8
17 91.264722 72.770455 17.950001 64.0
18 91.534253 76.996685 17.735215 66.4
19 91.029362 76.388712 17.293698 68.8