-2.991902380457212574e-01
-4.473562105171153824e-01
-1.369088650702944276e-01
2.122052061397436407e-01
-6.858042348465369642e-01
-1.000000000000000000e+00
-5.742358990803960728e-01
-4.287469255348868025e-01
4.601150957813368025e-01
-4.370889149373074489e-01
-4.511205401582524255e-01
5.376022872706609501e-01
5.860742538423600045e-01
-2.333241408729034572e-01
-1.174929628097390322e-01
-1.103182658610564193e-01
-3.651737107267674087e-01
-9.201433496303845772e-02
2.090103601768413533e-01
-1.789482391635488848e-02
-2.894187384259185314e-01
3.214369123309706033e-01
6.838729241132927017e-01
-5.051145929850073824e-01
1.213826335102739379e-01
-1.507994894730290969e-01
4.479920126660618673e-01
-1.621377961341234353e-01
5.388971839155366483e-01
-8.307737612792569226e-02
8.250730162574535509e-01
-1.000000000000000000e+00
-5.061838276328443076e-01
-4.426571172194021520e-01
-1.988489865454391992e-01
-2.965082860492804229e-01
-2.658978353508527348e-02
-1.230374826615979883e-01
-4.477702431359303903e-02
-5.086828236646011581e-01
-2.990374285656191011e-01
-3.937736381398564967e-01
-4.101917053308694605e-01
-2.371951904852299953e-02
2.824206761369397745e-01
-1.111022223454994629e-01
4.186320940354111841e-01
-1.000000000000000000e+00
-5.715615703700015482e-01
6.465935944708622873e-04
6.451682111961222210e-01
6.341224745231827109e-01
-5.273020149773541276e-02
-1.603814333155310079e-01
-2.277795577984876862e-01
7.655872738715301384e-01
-1.641684534594991529e-01
2.748152154433985972e-01
-5.233594604066196115e-02
6.919578510671557936e-01
-8.605087747750829463e-02
-2.756311313028158017e-01
-7.354245213598580300e-01
-4.589153846002341081e-02
-5.684461521325708810e-01
1.000000000000000000e+00
-3.054844629629308583e-01
1.000000000000000000e+00
-4.124311071538656059e-01
-9.242687034829852322e-02
-6.735287089832624474e-01
-5.553126194529928172e-01
4.356487484741526639e-02
-3.963696082977731239e-01
-5.763542976779321980e-02
6.905669963140397272e-01
1.434736581997828886e-01
7.018962662223286741e-02
-1.098044476932000524e-01
-5.962302239321458641e-01
5.088792173194580659e-01
-3.233174181092376975e-01
8.277536396794265006e-01
3.037304399928372201e-01
2.322172954135693357e-01
3.517004056558193925e-01
4.805222786508667188e-01
4.234198029114033535e-02
3.267402008827029469e-01
-6.930669675521439199e-02
8.483223685834017092e-01
1.000000000000000000e+00
-1.000000000000000000e+00
9.976306251931058022e-02
6.336614880564259145e-02
-2.133939503427251805e-01
-8.395968557307417202e-01
9.571682948548461134e-01
-2.587083095664026722e-01
3.038709874786993392e-01
8.847489864304369789e-02
1.975743926094306602e-01
-2.830532074123776054e-01
-1.462238816440122324e-01
4.363520554387018136e-02
-6.116801620682721374e-01
-1.159602664805904071e-01
-2.942315147885382065e-01
5.298574938504569537e-03
3.462506043893208707e-01
3.407519654567688350e-01
-1.635466041520623470e-01
-1.372677279533492389e-01
1.373349837439059584e-01
1.000000000000000000e+00
-7.694206617540207127e-02
-3.532570680142908537e-01
-6.665004757678009983e-02
-4.870684218599865001e-01
5.305638626665166724e-01
2.274277892315468841e-01
-4.059619689078027283e-01
-2.359256031834148226e-01
4.770658683482802975e-01
-6.155086479498328433e-01
1.000000000000000000e+00
3.841641245696479912e-01
-3.726529694761226974e-01
5.712248732604771062e-01
4.523252547309640215e-01
6.053994058589588778e-02
2.683509117726133875e-01
-9.584123886316515961e-02
-4.047038467968078201e-01
5.878315176358015481e-01
3.922647610585967559e-01
7.568348947576035712e-01
-8.429397406211912580e-01
-1.561291637753247641e-01
-6.315940495211905814e-01
2.072847206823129063e-01
-4.331683397608472597e-02
-4.106100419630712151e-01
-2.491318629870888438e-02
-3.195707324911757907e-01
7.482483813621644553e-02
-2.976058819892480889e-01
-1.000000000000000000e+00
-1.311669093754275206e-02
-4.881721973440524831e-01
1.817283105894485495e-01
-1.401418141048899890e-01
-8.244633870055778635e-01
-2.890808696124078647e-01
-1.119649962602549120e-01
-5.734938355466050464e-01
-2.636039089725585871e-01
-5.007494000147332258e-01
-1.408538119543790434e-01
3.121397526831188873e-01
1.384271477033638675e-01
1.968342671393068510e-01
-2.007368111259092980e-01
4.430785866495864922e-01
-3.039310781158036101e-01
1.000000000000000000e+00
5.207270605934464225e-01
2.489931811282002361e-01
-3.634599312244784497e-01
-3.273233268864438744e-02
1.000000000000000000e+00
-6.886619142370392632e-01
5.580116727929792519e-01
4.139831514281984148e-01
2.116315446941884892e-01
-2.316505895323556774e-01
-6.174309023996480406e-01
3.506922015210716670e-01
-1.760522059247226490e-01
-4.001442284621948842e-01
7.255419351210268264e-03
-1.000000000000000000e+00
1.356495502298520062e-01
-7.207631304667411198e-01
3.461246869204152032e-01
-9.852031154260319779e-02
-2.987765517688292793e-01
-1.841677803103425604e-01
3.505153518237877353e-02
-1.151200927202247065e-01
4.544979860042712150e-01
-6.490563641097784053e-01
1.270134776176561342e-01
-1.748084702876215868e-01
1.000000000000000000e+00
-1.000000000000000000e+00
-2.273365098740299794e-01
8.044180124282049871e-01
4.010522162823465520e-02
9.436159701618476170e-01
-6.043908417333954119e-01
-2.073211951256070940e-02
-4.339688178236130733e-01
-4.222888389730954928e-01
1.105036907868312407e-01
2.726562870074329403e-01
-7.619884694240522949e-01
-3.639069809450992121e-01
-2.385374391691358065e-01
-1.202446493967702090e-01
-8.977538317176561034e-01
-8.740975195015820987e-03
1.102657811658645098e-01
5.456843667331101599e-01
-5.564387992434113306e-01
-4.881202772180044946e-01
-1.133968317554052141e-01
-2.292822840660523886e-01
1.299338700627898358e-01
5.012878668302962470e-01
3.228086926949347291e-01
1.000000000000000000e+00
1.447763365307993544e-01
4.790836184160870287e-02
2.855034573885172344e-01
1.965335584196203911e-02
1.104135378149589120e-01
5.364609474949479928e-01
7.385778024651402929e-02
-2.988178266568790598e-01
3.820973417842446485e-02
-3.976204717764895147e-01
1.022757086781914959e-01
-3.939067392627777497e-01
-3.015806387116547471e-01
-6.282745525134787457e-01
-2.399368229326882818e-02
-2.332033824852850212e-01
-3.341749605838142956e-02
-1.596347078607959213e-01
1.516627497442601946e-02
4.074947151284841196e-01
1.000000000000000000e+00
3.195329005881520357e-01
6.582775313190775135e-02
3.372757638741751274e-01
-1.000000000000000000e+00
-2.776191351274616137e-01
2.275587214278603776e-01
-6.441540899591222669e-01
-9.573912959480410101e-02
1.624100112207931546e-01
-8.061327844314286617e-02
6.723592499314792192e-01
-1.327879131120660028e-01
5.151492496077186845e-01
3.353699710442216153e-01
6.425330793469201385e-02
1.448722510344676584e-01
-1.775293753504798011e-01
-4.398702117218600827e-01
-1.000000000000000000e+00
6.029999271527588522e-01
5.977399019259016510e-01
1.069797386844490716e-01
