-7.162989035476963195e-03
2.875743586223060699e-01
-3.697115522936709198e-01
-4.071193542107338637e-01
1.000000000000000000e+00
6.233691800546072859e-01
-7.414245415289935082e-01
-6.166546871597147206e-01
2.185482994780512389e-01
-1.000000000000000000e+00
-6.056190384144801708e-01
9.251869120857192375e-01
-3.031175845445530648e-01
1.000000000000000000e+00
-2.992821932711516308e-01
3.288633929672969414e-01
2.895950058839699137e-01
3.056737778906613578e-01
4.415069043543412564e-02
2.948778283889915697e-01
1.000000000000000000e+00
1.730657393670669009e-01
-4.415334661001649175e-01
-2.492451449701696131e-01
-5.633564890025437588e-01
4.275795767957678573e-01
-3.018172071375864740e-01
-9.163013262407107562e-03
-4.871501740424476479e-01
-1.000000000000000000e+00
5.688404022791926362e-01
-6.121859315080266928e-01
1.000000000000000000e+00
7.094992607964109022e-01
1.250340241671153985e-01
-7.440378259423665597e-01
9.418496065908038561e-02
-3.489898007121704504e-01
1.000000000000000000e+00
3.254616310090259756e-01
-4.642978231546471823e-01
-7.386420670242553888e-01
7.095408784533722146e-01
-7.660931882321621034e-01
-1.000000000000000000e+00
4.137899962859009628e-01
4.458453365117017730e-01
-2.843636669058716929e-03
7.036432108608361435e-01
7.069022429201730073e-01
1.797449210516177398e-01
2.070965610621322839e-01
-7.745311941796251265e-01
7.294634196386112768e-02
1.879046518975014957e-01
-3.894479107131081363e-01
-6.198159012738002627e-01
4.218050595900099120e-01
5.074731830745268235e-01
-2.214832800576470861e-01
8.483925978543677138e-01
-2.502028955755884743e-02
5.206959968080109302e-01
5.100015027770443687e-01
1.677171357794386142e-01
2.772888020666403608e-01
-6.188716896534411926e-01
-2.815089481694342810e-01
-4.530694444849157065e-01
3.080492351873261314e-01
3.640201638303732778e-01
-3.164811752452823534e-01
-5.837850116776817089e-01
9.474043800698328521e-02
5.238899130756173861e-01
4.791141345685728803e-01
1.000000000000000000e+00
5.253431436707342028e-01
-3.638652229052803666e-03
-4.985629436277070892e-01
1.449241512094151529e-01
-1.433630367522073235e-01
3.770078304171891048e-01
-8.701950971940365376e-01
3.369010952498385780e-01
2.799429719575104447e-01
-7.440701204309252415e-01
1.592696862991013762e-02
-1.841246956554708769e-01
-8.574786105641125644e-01
-6.717712361282122124e-01
-2.232862564046365073e-01
2.590139010723717661e-01
-2.729262884741473494e-01
-2.233182580813090068e-01
1.000000000000000000e+00
5.802972866541007413e-01
3.220399076839634001e-01
9.918746644399244194e-02
7.897788761852827522e-01
-2.612077622588302450e-01
2.744468787421381339e-01
-3.001270138155409106e-01
5.321895421248747926e-01
5.563492727559701256e-01
1.479124932807882389e-02
-8.877096122526213495e-01
-9.003820928006370239e-02
1.905913695444950706e-01
-1.725336401477542692e-01
-4.842680518679096657e-01
5.787422867387334025e-01
-4.031080648103199660e-01
3.871534020638374707e-01
-7.254142148276102597e-01
7.265668418816642604e-02
7.119839430230749944e-01
-4.159333307882597808e-01
-1.671809360587825366e-01
-5.476691375067161971e-01
-2.990673456368942995e-01
4.959189284976008860e-01
4.507233607310466572e-02
-1.000000000000000000e+00
-2.763763924027444197e-01
2.435005070658476101e-01
6.061217402404858734e-02
-2.336006162555797072e-01
-4.813652921691134456e-01
-2.975868782617299702e-02
6.175228191804327249e-01
2.699361961681236433e-01
-2.344261309930378012e-01
5.172686740416263529e-01
9.929009647941645922e-02
-1.715778192095950005e-01
1.000000000000000000e+00
-9.119709164645182220e-01
1.399360021850985236e-01
-3.612453150895625908e-01
-2.166194599293662926e-01
-5.267029055228087397e-01
1.475750447897628270e-01
2.102136000174452679e-01
5.222115760406773610e-01
7.085759895968586353e-01
-6.517586507647834537e-01
-4.679527044708089445e-01
-8.916836427792231845e-01
5.637209156182604319e-01
7.470290053898607230e-01
2.048252391674577899e-01
-1.284870259143142679e-01
-5.376627060342303865e-01
-6.049012712194473673e-01
-7.397317209188167264e-02
4.427363467823453025e-02
7.591877159798177122e-01
-6.378735560181498787e-01
2.809117323076446571e-01
-5.478048945933051694e-01
-2.780316844839193502e-01
-5.343771020783172343e-01
1.058303440637441972e-01
4.224260746530965616e-01
-6.444453585395255590e-01
2.924358447258373350e-01
-6.291407827971990940e-01
6.605440531237321000e-01
4.926582949720362259e-02
-1.804950817330764345e-01
-1.000000000000000000e+00
-2.134156450294643070e-01
5.700179479577164310e-01
3.087546040619374432e-01
6.849999339756064343e-01
1.000000000000000000e+00
-3.120024322626726576e-01
-3.437726202133137843e-01
-7.837395926630345011e-01
-3.330668661849636170e-01
-4.758742899264089554e-01
1.765904609786257407e-01
-1.117665330572631677e-01
2.737539297667906379e-01
-4.213218282228778921e-01
6.010787738813830883e-01
6.723628609986805893e-01
6.325276646048788587e-03
-8.038349376202161278e-02
-1.902127697067116513e-02
-6.609456414575791694e-01
6.854283976480987639e-02
6.690443296490146408e-02
-1.426386504050962400e-02
2.706010742809034086e-01
6.672790962649792768e-01
-3.801960420354034975e-02
1.867016801263312598e-01
5.832839720930609317e-01
4.174545044119561954e-01
-6.078965120699935110e-01
5.026130191022480931e-01
2.514817902430269148e-01
-1.674733558191376648e-01
1.492137041300061473e-01
-2.226455058232519879e-01
4.858335113488831958e-01
-4.777341585264828772e-01
-4.342998403448667943e-01
7.858480427742489116e-01
1.729995669195526220e-02
2.005478079458081764e-01
6.028434216488575137e-01
9.798094987960236091e-02
-2.576102214393505285e-01
4.457608424557624183e-01
-1.981918303417036786e-01
4.921999404158073910e-01
-7.802142266869899201e-01
5.421792115217483055e-01
-3.495081755148814473e-01
7.435109488905480291e-01
3.655604578711338370e-02
1.409310264593975105e-02
3.356525955948674866e-01
3.654236122661625591e-02
1.285384589515012888e-01
6.070823470805200017e-01
-1.095065992481022432e-01
-4.891891436815965499e-01
-5.545779452470017690e-01
-4.754882196991311316e-01
3.312946359742351965e-01
2.502696533407165469e-01
-4.293313421838913790e-02
-3.905948258299495324e-01
6.173243357428607192e-01
6.362977996367108480e-01
-6.183573254650943929e-02
-2.507934047298647218e-01
1.439786540996351172e-01
1.150851862858648378e-02
3.356941831731405923e-01
1.786781251862568087e-01
-9.797374889895615890e-01
1.933156869897675600e-01
-4.524440258576353235e-01
2.970489810658417662e-01
-1.073607489907459633e-01
-1.000000000000000000e+00
4.175047736362808015e-02
-5.383877120111673076e-01
-3.520850130201308437e-01
-8.498619971184500077e-01
6.146198021237608833e-02
-3.589799824057687272e-01
1.869310993011002175e-01
1.412863778376392543e-01
-1.901901268074575047e-01
-5.524362471495041227e-01
2.629362683831452108e-01
1.000000000000000000e+00
-3.151138297494966434e-01
1.134357440827912927e-01
