-2.617398541309340354e-02
-5.409702034847925223e-01
-1.285868658810818410e-01
5.213543887947944544e-01
4.714421842620934999e-01
5.653615285497216869e-02
-2.680476237245569271e-01
-1.000000000000000000e+00
-2.419918045046356714e-01
-2.902024530197473418e-01
-2.292655711182151335e-01
2.396898213513667941e-01
3.127630539009713662e-01
-2.520947973372095752e-01
-6.334236214816396648e-02
-2.614698634997224547e-01
4.051799008791538426e-01
-3.948202659827255157e-01
1.055320010441265222e-01
-6.807544954898990530e-02
-1.736614799640871787e-02
5.473267871657714334e-01
-1.562894247591128244e-02
3.888651320508998976e-01
-2.083629606590992611e-01
-4.317145611918359327e-01
-2.225512280045410518e-01
6.583004752236547574e-01
9.913262348311545347e-03
-3.582132994599742659e-01
1.000000000000000000e+00
-6.126986171988570984e-01
-3.171683869033068981e-01
1.000000000000000000e+00
1.000000000000000000e+00
2.929004636911737847e-01
6.956023362512963049e-01
-5.425380572127141976e-01
-2.396654405305923274e-01
-1.886400143625005521e-01
-5.294453043022675498e-01
-5.477499757847030804e-01
-8.378669956629545279e-01
8.915375882235068716e-02
-2.589471244194979649e-01
-4.181277183499569894e-01
-8.076295021882508307e-02
1.988935890108046722e-01
-5.580870682998244348e-02
-1.000000000000000000e+00
8.657423843063238866e-01
3.337682266602109427e-01
2.836004278115823035e-02
-1.548622323873127260e-01
2.689414803093481687e-01
5.684939835561744759e-02
-3.988194489772414197e-01
-5.096727384650276971e-01
-4.120695052700054095e-01
-7.832708098694056709e-01
-3.115138129883119333e-01
9.511062338769651903e-03
-1.604634002181614949e-01
9.721091955714599164e-01
3.230992914611278133e-01
2.587708090314951859e-01
5.959024059301458454e-02
-1.000000000000000000e+00
-9.016155329846117783e-02
1.290016180983445115e-01
-1.393936079248281057e-01
-7.941228127929191860e-01
2.143296034990369581e-01
-6.101754567367875248e-01
-1.798157501857917673e-01
1.000000000000000000e+00
-7.320890916236465484e-01
4.125799193822735633e-01
-3.097387472693450272e-01
1.000000000000000000e+00
-1.222980915685282777e-01
-1.109493108721941457e-02
2.054405510630333276e-01
1.581946702272043481e-01
1.967842219235676759e-01
3.167985917128968154e-01
4.987295352410642257e-02
-3.670415913190378521e-01
1.267712480664622554e-01
-4.872598677736807160e-02
3.590292166984532241e-01
2.239753276569012019e-02
-4.718929183129710880e-02
2.850962812668089708e-02
-2.868711289733432146e-01
3.442113842270577151e-01
-4.008476187810230407e-01
2.797114617322440933e-02
-2.500235261939780518e-01
1.640693163228233442e-01
-1.162779056986132237e-01
6.338424702442556347e-02
7.284218902514997263e-01
-3.866472855751052484e-01
-3.467292157916570527e-01
2.517288993081226445e-01
2.886625843796906676e-01
-8.015360612950231389e-02
-1.000000000000000000e+00
4.620262070657828457e-01
-2.642860417467236128e-02
-4.067506968691578240e-02
-1.108524323167584848e-02
-2.682840100506507786e-01
-8.925219222818685516e-01
-1.693053591636559385e-01
-4.324685803920114702e-01
3.698903563722996113e-01
1.306515350526674113e-01
-2.619310600307964143e-02
-3.998511145811214362e-01
5.008256270733774107e-01
8.196011852694133626e-02
-1.366379516786947468e-01
6.171521908555266389e-01
-4.011527196054140987e-01
8.473111759255758102e-02
2.475606592467489986e-02
-1.804885087600048010e-01
-4.362520402316941714e-01
4.749566764424967280e-01
4.857113038013110007e-01
3.556223502767805189e-01
3.178527062215690258e-01
-3.196001725075355293e-01
1.935811521418875636e-01
1.000000000000000000e+00
-1.000000000000000000e+00
-1.000000000000000000e+00
-7.260445056257709417e-01
3.832966539030552844e-01
1.424932981754786498e-01
-1.813722192884070772e-02
2.659663039543042062e-01
-1.409034804754405457e-01
-5.319727357131491807e-01
-1.491489599876031080e-01
-2.439478203205774909e-02
-4.576471733083578575e-01
3.187242442694852851e-02
1.322240727524914838e-01
-3.922408506790832639e-01
-3.977249892777889873e-01
3.284256060129533972e-01
-3.129683448039780047e-02
-3.211028549365397278e-01
3.098869469720481051e-01
-2.612159918600214237e-01
1.682773239608439109e-01
5.107772903073820592e-03
1.497769314137093466e-01
3.108411538290826726e-01
-1.804801604657322867e-01
-2.030195543845084438e-01
-5.783802557113968401e-01
-2.443690476036503856e-01
6.105377980488245482e-02
-5.042516481377676829e-01
-4.599258403828815345e-01
-1.402096777308693698e-02
-1.908098465811309818e-01
4.789834900268475915e-01
-3.941066956602990584e-02
-1.736116760182843111e-01
2.200106855241769632e-01
2.429900396492657572e-02
-2.271402633344875022e-01
-2.109355415809324452e-01
-3.417136214710050357e-01
1.000000000000000000e+00
-3.400551593205675127e-02
-5.123549667291447118e-01
6.553686011033913461e-01
-1.000000000000000000e+00
3.656382467321650509e-01
-3.249830598707592610e-01
1.000000000000000000e+00
-6.559401576080678975e-01
3.898560110958515512e-02
4.187152463404899549e-01
3.240523958118562975e-02
-8.054964321908054947e-02
-4.556220987647083831e-01
5.664070588332816014e-02
-8.884441257514801293e-01
7.980773436147333699e-01
-4.748168969649497750e-01
7.926008729506560657e-01
-1.561008020540812780e-01
-6.704330884105562660e-01
1.414354558945712104e-01
-3.644644374794003827e-01
-7.601133119248992820e-02
-5.371143106256770494e-01
-3.589133576258630720e-01
-2.863413669191477995e-02
-8.878344287999202777e-02
8.843613020633495081e-03
-2.515784792663512959e-01
2.628256923708781612e-01
-3.797549244264700197e-01
-3.081462712203531518e-01
1.000000000000000000e+00
-2.027090783432597965e-01
-1.864128347044272105e-01
6.553093276996393990e-03
-1.068430487467840750e-01
5.883759977356135540e-01
4.620704772537383154e-02
4.925903963503642791e-01
-3.393586561005010882e-01
-1.604058964322073177e-01
9.112084023973259228e-01
5.970982374554167915e-01
2.297671151105714071e-01
6.291865421866322805e-01
-1.441984831969319591e-01
-6.768506124013792813e-02
-1.000000000000000000e+00
-3.125580653261388342e-01
-6.216665337908239275e-01
6.706991193454600042e-01
-2.072967594701234373e-01
-1.195394968662198409e-01
6.266548338011254105e-01
-2.801351868014894664e-01
-5.316225971667145611e-01
1.128655234349263820e-01
8.601193257354572408e-02
-1.454927523505414322e-01
5.475704154731668716e-01
-4.661624625572034775e-03
-5.365375883224601239e-01
5.786080666084383317e-01
-1.000000000000000000e+00
-1.723523897455023213e-02
3.892754830242558528e-01
5.521642289969694306e-02
-4.610047979918249772e-03
4.426771815477216487e-02
9.884344884857592106e-01
-1.160911224107199491e-01
3.732667330266125627e-01
-5.222553094346479297e-01
5.205603527746636150e-01
1.551389739308705884e-01
-7.830724034059360905e-02
1.464297364219696307e-01
8.689822317446121991e-02
6.700987772205804216e-01
1.382173912799843363e-01
1.378228794745226249e-01
-6.808914093786316846e-02
9.136285427788921609e-01
-9.517072550034623157e-01
