3.294775297719053642e-01
-2.065824928159961382e-01
-1.000000000000000000e+00
-2.869763077585534283e-01
1.000000000000000000e+00
-3.947773584990009188e-01
-9.861015077685184038e-02
-9.097501652867416855e-01
2.108500209653871582e-01
-3.518715244082211702e-01
-4.822597672261448587e-02
9.453841096353546858e-01
-1.656580692530025267e-01
-3.109931917509502486e-01
5.206351167620847376e-01
-8.408685656432093314e-01
3.477990736662788795e-01
3.283011816630972968e-01
8.296797258112570406e-02
5.758729327914979129e-02
-9.481378627318635122e-01
3.524607233653155591e-02
1.317036004128277760e-01
1.000000000000000000e+00
-7.318839032350002993e-01
7.129500527155530065e-01
-5.125091815171316512e-01
4.314635281111400822e-01
3.807128353808696963e-01
5.535168701617251830e-02
1.073118984827881039e-02
-5.093092027956910295e-01
6.475135406607618327e-01
2.712233516232505082e-01
1.185818550262220938e-01
-8.359567922216126767e-01
-1.414757363293939751e-01
1.590285463998996895e-01
3.923895869478248866e-01
1.516238798604852001e-03
-5.377414308281563970e-01
2.502645430969342999e-01
3.776618886238102268e-01
7.881961361626275142e-01
-5.717788275960568045e-01
2.779170410456210383e-01
-3.943262956222320370e-01
3.115550158991338137e-01
1.719030505609219495e-01
6.916594747824572620e-01
-2.434780361429199347e-01
-4.007301143106420938e-01
4.990624341756811494e-02
3.857463137698641242e-02
-9.015296592025093259e-02
1.649947415751086832e-01
3.232603544973807752e-01
9.328115775743553995e-01
-6.359811672740987021e-01
9.769153603667268815e-02
2.436490696316270521e-01
7.234038302840164469e-01
-5.886281846220599023e-01
-2.539500648568482344e-01
5.653130257939920078e-01
-4.673813048452201135e-01
3.371640948490402523e-01
-3.853711479596261813e-01
3.797235625436548578e-02
6.250423277229967267e-01
3.047810227877797984e-01
-6.825115289760625981e-01
3.176673008359027772e-01
-4.933022904026097555e-01
4.871446762189968194e-01
-2.663860027548597409e-01
1.799806104484447111e-01
6.170132276232301316e-02
1.000000000000000000e+00
-6.320954959887166158e-01
4.999167806401737524e-01
-6.298918567396702972e-01
-3.294211469852810770e-01
-5.535174017427504228e-02
5.518630976849319136e-01
7.137415807782365729e-01
-2.076024022198141306e-01
7.150392194589813566e-02
-6.582295177555099741e-01
3.456072606984106343e-02
-1.883747058228958937e-01
5.358630639848900312e-01
9.067102608399990604e-03
-9.742165890435560138e-01
8.105497608826685296e-02
5.801029602849407940e-01
1.545042172686363624e-01
-2.996158968270277723e-01
2.251101730831951975e-01
-2.344586032710782586e-01
-2.172063001138552774e-01
1.207951177034779083e-01
-5.878426283070640190e-01
-1.356439579570684895e-01
1.738004034906163175e-01
1.252080603491876332e-01
2.412944733203338243e-01
-9.715708216616578685e-01
3.715293815354987761e-02
3.300623803760259767e-01
-8.156499152398442032e-01
-3.778754120174259712e-01
-1.000000000000000000e+00
-1.332766591259863243e-01
3.244581018812890960e-01
-1.246777301064080357e-01
-2.582593818530265484e-01
3.843162810981698430e-01
-1.927885517739664489e-01
2.625722113170983474e-01
2.335226895220950671e-01
9.048591205400324800e-01
-3.991090728848211144e-01
3.635405825667238355e-01
5.214044130074955152e-01
-2.548579248579776468e-01
-8.930650203644496798e-02
3.568246250749227966e-01
-6.141880044524693494e-01
-5.371495541660328277e-01
1.506356491715381274e-01
-4.512406646238205643e-01
-1.184071149639931014e-01
1.288618693951097960e-01
3.971583475435350730e-01
-2.021699213361288772e-02
2.154170800867223345e-01
-4.091148692490008121e-01
3.810908864289408449e-01
7.338668563281419699e-02
1.297837734770139473e-01
7.291963003240209407e-02
-6.790582960806620938e-02
2.002993740539674439e-01
7.313050689421761730e-01
6.466088410387527130e-02
1.186508359648935362e-01
7.916749286615271108e-02
1.187494208695500514e-01
-5.164374381841509987e-01
3.092630894743376713e-01
9.587396956081738475e-01
7.985939675964254247e-03
-2.824050750361257744e-01
-1.000000000000000000e+00
-3.091408054433829322e-03
4.945207032436765848e-02
4.698392842824686277e-01
2.463321310817592202e-01
4.238439514383200435e-01
-9.425366043651334236e-02
-4.343425038113971071e-01
-1.482657143569981739e-01
4.385201869400262575e-02
-1.884298576153000393e-01
-1.930254689103794163e-02
3.981583993015058720e-02
-6.348401861098348364e-01
-4.904184756144794877e-01
7.175489387727356227e-01
-3.198499256274358604e-01
1.000000000000000000e+00
-1.000000000000000000e+00
-2.303453490229328826e-01
-5.105588730149810406e-01
-5.608514474287807916e-01
2.472919334477889641e-01
-1.000000000000000000e+00
-4.733038652463313345e-01
-4.593761379624835550e-01
4.465088889099822489e-01
-1.347299236223741814e-01
2.840750596873204969e-01
6.027505653751942249e-01
6.807759364267671476e-01
-4.100140254387509842e-01
-1.991383603374308753e-01
1.424035290972963941e-01
2.666565658170777509e-01
-3.089415313257600215e-01
-1.444359882055436806e-01
-5.488736935901457059e-01
2.325728411084394820e-01
-7.602130415122274054e-02
4.377180345240250237e-01
8.465291048882279956e-03
3.827965034263303701e-01
-1.719094734958725168e-01
-3.539739871663974413e-01
2.181315514916920550e-01
3.822963291288976329e-02
6.943909771698977274e-01
-3.171730056043775003e-01
-7.663912476783039940e-02
5.700252468609159351e-01
2.722592183741511240e-01
-1.094216672968470472e-02
-1.631798249255548283e-01
-1.715758695251811128e-01
2.252825775836925226e-01
1.000000000000000000e+00
-3.939905677217032665e-01
5.273263273585299116e-01
3.641068964729499147e-01
8.961054621337177784e-02
-7.592976605612483665e-02
-4.552683837804255562e-02
-2.778525741450014186e-01
4.219084021430714038e-01
2.654818694207958241e-01
6.033066364701146489e-02
5.564231307498579415e-01
-1.000000000000000000e+00
-3.227271773808318978e-01
7.533541053636620688e-02
-7.205441717794367484e-01
-9.568707291756035627e-01
1.868816149556706274e-01
-5.500136355366939123e-01
7.051834146706743578e-01
-1.000000000000000000e+00
4.968422927708882053e-01
-5.764001258759746671e-01
2.525038139719602004e-01
1.241811905008407824e-01
-1.000000000000000000e+00
-1.100192987100175740e-01
6.939103445709139395e-01
1.282807318998049062e-01
-3.747576648207796568e-01
3.413055159429673191e-01
1.448210538457839480e-01
4.317180636406522942e-02
9.474458531717213639e-01
-5.750399370952590239e-01
-6.661812316600634887e-01
-2.516709299613109629e-01
2.075440403820577595e-01
-1.612747923849835452e-01
-5.219549942791910091e-01
-6.468313529224252179e-01
7.241488165732529181e-03
7.018053471014359945e-02
5.818662030897130411e-01
4.128986350393225591e-01
-2.381343465139966475e-01
-2.899059717053255048e-01
5.139308234006250142e-01
2.197550877248655998e-01
9.091011844155912069e-02
-5.652382270733591341e-01
2.010780677707642572e-01
8.182874423749759707e-01
-6.674081023547678848e-02
-4.676230481828303476e-01
