-1.000000000000000000e+00
-9.078173999387815218e-01
7.360054026074537292e-01
-6.941509547363000632e-01
3.849842626380401978e-01
6.837613358849203848e-01
4.549677426477418130e-01
-6.145210940502058294e-01
-2.571051511388499078e-01
4.929340331166083278e-01
9.730220521088686070e-01
-2.763686977579070669e-01
4.976009797159640646e-01
-5.855603325129892234e-01
-1.000000000000000000e+00
5.146399097496636710e-01
-1.000000000000000000e+00
9.083502111312199978e-02
-9.963842684602862709e-01
3.370456124824079414e-01
-1.195379595393281508e-01
1.000000000000000000e+00
1.000000000000000000e+00
-2.594703956784589205e-01
-1.000000000000000000e+00
4.100075645145255798e-01
4.531358554796083293e-01
-2.033362890069018714e-01
1.000000000000000000e+00
1.116859742991332949e-01
7.356120621504995682e-01
6.978626007218664551e-01
2.446846023865908160e-01
-2.630072833558730512e-03
2.915267168248476537e-01
-9.065980153379370188e-02
6.532382624396708692e-01
5.243539548861092525e-01
-4.816709249426129325e-01
1.000000000000000000e+00
-8.450617160839910547e-01
-7.563598030319810261e-01
-9.887942065364954125e-01
9.890972323522884135e-01
1.000000000000000000e+00
2.309986015250750091e-01
5.842693561360174925e-01
1.437848711620163533e-01
-1.000000000000000000e+00
2.854947640066726744e-01
3.328865600447556972e-01
8.106183438729555046e-01
-3.226023536207277553e-01
-5.652531566243519379e-01
8.210768517011895334e-03
9.538508724977013964e-01
-1.577849977152647742e-01
6.517192215278563294e-01
2.689549742625430562e-01
-4.112632698845903878e-01
4.384594526245936263e-01
-1.000000000000000000e+00
4.706858921411344876e-01
-3.739031526626790392e-02
-9.844084778315527196e-01
7.428372977194200866e-01
2.233429623172911854e-02
1.000000000000000000e+00
-1.000000000000000000e+00
-2.418127820295669639e-01
-4.607482567880729074e-01
-4.448178890747903763e-02
2.172389780914688873e-01
5.183853952746838578e-01
4.647644861429889307e-02
2.007120444168138118e-02
7.956183005696964017e-01
9.233428477623509267e-02
1.000000000000000000e+00
-7.024363374018465223e-01
8.627597442075932155e-02
4.184991800186486643e-01
-1.000000000000000000e+00
1.000000000000000000e+00
5.920302668995576223e-01
9.834001239865493016e-01
1.739537935627080700e-01
6.764264060945587298e-01
-1.518723008168101074e-01
7.506038140875695430e-02
3.660627059785538373e-01
2.365470537715834987e-01
-1.763391353172756668e-03
2.396894115994444852e-01
-1.180976284884095312e-01
-3.732680512446779342e-01
2.148078320909664884e-01
-1.343848269283498542e-01
-9.066017296700029648e-02
-1.000000000000000000e+00
-1.000000000000000000e+00
-4.419263208903678186e-01
-8.142188380378245771e-01
-9.938789605117327453e-01
-5.662255728550845690e-01
-5.709975824769808472e-01
5.386544813654376984e-01
-5.881333947367770598e-01
5.926983907672132013e-01
1.821187319171560515e-01
6.444098627979845118e-01
1.000000000000000000e+00
-1.000000000000000000e+00
4.763485814609383362e-01
2.029474566022033133e-01
-6.072556257828696236e-01
6.431268086123309580e-02
-1.529628993572951789e-01
-3.669977592509455211e-01
-2.101499137106812298e-01
4.634555037840829561e-01
-9.864951649808093581e-01
2.741514727808190832e-01
-8.301093867752107336e-02
9.619511772869437927e-02
-9.730220521088686070e-01
-4.304762951650167868e-01
4.341820622439675481e-01
-2.518740128426250613e-01
-4.471891354426237863e-01
1.016708257240131474e-01
-8.044439568278186070e-02
-7.839884189069507014e-01
-4.780321562146042091e-01
4.276335894737709475e-01
3.380678289397301417e-01
3.478855674011678834e-01
-3.399114706836750543e-01
4.228169416664412927e-01
1.947716240812406852e-03
9.779016504272923793e-01
6.332865163743404135e-01
-7.230936552373459225e-01
-5.703370539228391767e-01
-2.640339959966266914e-01
-8.242126362841419862e-01
2.489651154728747262e-01
2.774099909548298215e-01
3.007843564503859812e-01
-4.212414574051021598e-01
-5.522065990445301775e-03
-5.955130603209227713e-01
-8.815034203620968345e-01
-1.923967388782820698e-01
-4.140304581598789890e-01
1.000000000000000000e+00
1.206316001789664860e-01
-1.000000000000000000e+00
6.557356577920993024e-01
3.557623048636596175e-01
1.084552686426598911e-01
-6.957017477418901974e-01
-3.605262974067039439e-01
-8.197015147231228038e-01
-1.139572655132809753e-01
4.420049223774620284e-01
4.742160339121981316e-02
2.178395102133580674e-01
-1.151421848325886871e-01
6.689074565269229611e-01
9.963057419711858209e-01
7.396422318687239095e-01
3.682485066439442067e-01
-5.001322634341064388e-01
-2.316256117484499777e-02
1.802058361008996301e-01
5.168244142903494209e-01
5.120227982777524334e-01
8.670135271159899737e-02
-2.549039983607812032e-01
-3.901611787432717193e-01
2.120868063428853756e-01
7.042212007208197289e-01
-8.776477629330754482e-01
-2.436300952505605077e-01
1.000000000000000000e+00
-9.835960054787686868e-01
-1.000000000000000000e+00
1.366379163218184867e-01
-6.125182844423100459e-01
-4.071933694789892089e-01
-4.267474968075222197e-01
-1.352074698277950793e-01
-5.178288908721467854e-01
-2.423829069092634236e-01
1.733038071254474899e-01
-9.730220521088686070e-01
6.208636109749884890e-02
-1.941066410875768311e-01
1.000000000000000000e+00
7.778569922738477575e-03
1.000000000000000000e+00
3.505461251856537008e-01
-9.785561731870178193e-01
-2.160722420927003451e-01
-7.119110359730674853e-01
-1.000000000000000000e+00
4.686933042307503405e-01
-5.954253073257215201e-01
8.434109876780204740e-01
-7.482216899197410287e-01
-1.898550561023962593e-02
7.125732294586610838e-01
9.433842891845107825e-01
-2.698454492826701245e-01
2.375603213163196559e-01
-1.655385120086151074e-01
-7.306042449624419177e-01
2.643607487800113121e-01
2.562717633001758699e-01
-2.378394698922135508e-01
1.000000000000000000e+00
9.730220521088686070e-01
-3.377209508475505495e-01
3.781552185438536440e-01
-8.799808531740944684e-01
4.171854008167839023e-01
8.119096170390508460e-01
-5.000969731952251696e-01
-8.359000017217306233e-01
5.515003916412682949e-01
9.518408715256719554e-02
-7.226143170660682610e-03
-4.809957716193984378e-01
-5.120614571957616823e-01
-2.535996152797493908e-01
-1.232561576424586330e-01
-1.370884820906542040e-02
1.846845562726457668e-01
-9.861289013171239404e-01
1.540124974273004987e-01
-8.572664255458480043e-02
6.789638689644800218e-01
6.434418816538147734e-01
-5.156548409670386190e-01
-1.218019659348928418e-01
-1.208548854377784754e-01
-1.217227537811346183e-01
1.000000000000000000e+00
3.333753867176097452e-01
-2.287895072033584998e-01
-1.023858387525787422e-01
-6.930147291241157970e-02
-4.110489393156501192e-01
-8.272898138295770032e-01
5.396096468192089768e-01
3.078455051028846645e-01
5.758531280319886259e-01
-1.000000000000000000e+00
-1.790217187860531911e-01
1.000000000000000000e+00
-7.612860311454533457e-01
5.567144896522797648e-01
-1.457467460584369046e-01
-2.212235370845112570e-01
