
0 82.732127 -1.295504 12.55555 26.8
1 85.402835 3.185449 15.092407 8.2
2 86.063843 8.247613 21.823661 30.4
3 86.71983 10.542923 21.982521 27.4
4 86.71983 12.320848 20.905315 30.4
5 86.55625 12.850008 21.541039 29.8
6 86.798263 14.579038 21.255041 30.4
7 86.71983 11.875165 17.992057 35.2
8 86.105396 13.076069 18.889946 30.4
9 86.795833 15.982388 24.166181 29.8
10 86.216115 13.371791 21.480554 35.2
11 86.105396 15.848676 20.965714 28.0
12 86.063843 13.579284 23.199929 45.4
13 86.71983 17.263265 23.602537 27.4
14 85.976115 14.235901 22.374579 45.4
15 86.216115 15.035252 23.306837 27.4
16 86.105396 17.396921 25.721587 28.6
17 86.435365 16.169317 24.469707 28.6
18 86.795833 14.162759 25.380636 35.2
19 86.216115 12.465015 24.202308 45.4