
0 74.365367 -1.706484 9.943989 0.0
1 39.174 2.893023 11.045284 0.0
2 83.602752 6.086895 13.356947 0.0
3 85.747872 7.774868 12.980771 0.0
4 39.368788 9.431279 11.449573 13.6
5 86.092312 12.03697 14.425408 0.0
6 74.365367 12.416489 15.32328 11.2
7 86.092312 13.195113 16.782113 11.2
8 85.778704 11.587072 17.343913 27.4
9 83.808782 13.056439 15.480463 0.0
10 85.778704 13.679421 17.376034 10.6
11 86.333109 13.834148 18.252857 8.8
12 86.063843 14.334567 19.327339 34.6
13 83.808782 11.705241 16.039317 27.4
14 86.69794 10.939524 17.221805 18.4
15 86.69794 13.855716 19.922944 18.4
16 85.466452 13.20046 18.79019 38.2
17 85.750121 12.748524 18.763294 38.2
18 84.688515 13.931837 18.781852 38.2
19 84.08034 12.751336 16.645863 27.4