2.839030655923800994e-01
-6.538628031958458597e-02
-3.016500238898465192e-01
-1.135121178786939466e-01
-4.002230466984522672e-01
1.972666682599312216e-01
3.473569515269600561e-01
1.185815638974152403e-01
-8.054988597990111465e-01
-9.285997686288148811e-01
-2.849254439639572478e-01
-1.515014829881473901e-01
2.159302923478222669e-01
1.000000000000000000e+00
-4.418021559048925240e-01
1.439143492604461616e-01
-3.469543785343289777e-01
7.476026638979882399e-01
-6.856406910243835473e-02
-2.160313125424894731e-01
-3.296256310732555983e-01
-2.720547391782345836e-01
2.648501925330387641e-01
-2.106042360422256676e-01
2.095325220076049988e-01
-2.867500111353776804e-01
3.054499470141173734e-01
6.404861990571503183e-01
-9.559911847556520903e-02
-1.034515158693749548e-01
6.092140440213292818e-01
8.804722846408649661e-02
-3.151579110720008625e-01
-3.478654898894323333e-01
1.367802435135694605e-01
-1.000000000000000000e+00
-1.409055207129781273e-01
5.751228582621820129e-01
6.962831665941304760e-02
-6.583378541993092359e-01
2.680793795113138311e-01
-4.203232263059223373e-01
-3.614183379922013273e-02
-2.168016626191900109e-01
5.082960307962566260e-01
-4.064857258303238297e-01
7.128795416905883142e-01
5.950313369384730988e-01
2.412098183856712652e-01
-4.221916529408015761e-01
9.209401512153384539e-01
-2.007515836008518795e-01
2.068648393819769171e-01
-1.888082348680440725e-01
-4.319530112262481847e-01
-1.000000000000000000e+00
4.156571159305453428e-02
2.428233257528287226e-01
-9.510569760899487690e-01
2.921170473460374395e-01
2.749419037306701230e-01
-7.867378217165692522e-01
9.541933107505433664e-01
7.427624747570032993e-02
-1.000000000000000000e+00
7.871460369711134053e-01
3.070087775007314113e-01
3.895765532619419602e-01
7.660238697568453325e-01
-6.186255988920092985e-01
3.942302461882521980e-01
-1.000000000000000000e+00
-8.364418983824081777e-02
-1.025518967778646234e-01
-1.366512960004671526e-02
-6.962964010256554870e-01
9.776649800672277957e-01
8.080246900526707465e-01
4.693686566606550259e-02
-1.000000000000000000e+00
-4.505765219707078550e-01
-3.624585145879321013e-01
2.471193908075525747e-01
7.100855542236812479e-01
3.412130300367225422e-01
7.332525460966032860e-02
-6.496317947603500453e-01
1.000000000000000000e+00
-1.365620714315549100e-01
-4.460647411481266644e-01
-3.889939475391380186e-01
-1.000000000000000000e+00
-6.502093560015905771e-01
1.929841898810539524e-01
2.366729635917372288e-01
2.152389239474986060e-03
-4.485606301096997650e-01
1.837834194893987194e-01
5.353568551797416308e-02
-1.846303224404477195e-01
6.481010577843986376e-01
4.643902689458043187e-01
3.655732019847839909e-01
4.419659291639944643e-01
-9.781374346283164267e-02
3.022476451867849301e-01
3.171300265711494704e-01
5.789308079672228491e-01
-1.354241987001066350e-01
6.951777742283161698e-01
1.100538169891699947e-01
5.339016979443428346e-01
-4.505147118287117225e-01
-4.492920943298420733e-01
3.599692125091710215e-01
6.932336008144301953e-01
-3.906797532118131966e-01
9.326285411577120432e-02
1.181849040485890151e-01
2.634363318529736597e-01
3.119419612547973952e-01
-2.314877172660100291e-01
-7.605160741925290346e-02
-9.110255693977421798e-02
9.525564332377928212e-01
-1.651729379455110225e-01
-8.367529131204820558e-01
-5.940002268471703539e-01
-3.189103223160451028e-01
3.061254132152108065e-01
-1.739281405005264347e-01
4.064223775391997417e-01
-2.836228459321983586e-02
2.449061519433004264e-01
-1.000000000000000000e+00
-7.777195659122914106e-01
1.699410453770371920e-01
-1.000000000000000000e+00
-1.159834955923645244e-01
1.716898784811303202e-01
1.000000000000000000e+00
-6.016945018695185610e-01
4.550490016107517910e-01
2.134314764424418975e-01
2.644923687550281288e-01
-2.814074577102119723e-01
-2.825081765280936796e-01
-4.844441910396076190e-01
2.743301830979107403e-01
5.360483623826146626e-01
-6.119471989328098549e-02
4.849077290353426828e-01
9.664810740587995164e-02
5.904080673655344447e-02
1.551328659508940111e-01
-3.910948836115005212e-01
-1.195328111402226418e-01
-4.307922618640736001e-01
-8.237499509288870314e-01
-3.030762057455220759e-01
-2.882451691232642554e-01
-2.420833840079935073e-01
-3.211845665384903126e-01
5.250407233399266571e-02
3.080024951973368563e-01
3.124582550421898253e-01
5.735205951187444251e-01
-9.876487861554154035e-01
-4.966866481849506187e-01
1.701868506065603859e-01
-2.963531775888270103e-01
-3.537703562640254207e-01
-6.387917572056017734e-01
3.493819989576149587e-01
-1.000000000000000000e+00
-3.882091291329521909e-01
6.341778938857451919e-01
-9.254081721244110659e-01
1.000000000000000000e+00
4.508438666120027083e-01
-5.212805362013206434e-02
-9.315857953641382139e-01
8.035321068078226103e-01
-1.807633803904678815e-01
1.000000000000000000e+00
2.574999696467990540e-01
-1.000000000000000000e+00
2.430526707804346598e-01
-3.916527046798427003e-01
-1.000000000000000000e+00
-4.637691335903137979e-01
2.025961484438901922e-02
7.174858269237205377e-02
-1.146817354504085784e-01
1.177924029996236799e-01
-3.532335827281835594e-01
7.584745318492215616e-02
-2.592352867656302351e-01
5.552112900309559285e-01
-1.762364755832064034e-01
-6.665822129170910770e-01
4.824150103834297654e-01
-4.287793373011429821e-01
3.112922828561150504e-02
1.000000000000000000e+00
2.680592408821049766e-01
1.898621271661720677e-01
-1.404017849854019007e-01
-1.000000000000000000e+00
-6.207396174796152577e-01
-5.980301404365810924e-01
-5.031054603673505987e-01
2.944918625514582611e-01
5.664817348552754206e-01
-8.616894274518133168e-01
-4.937181153258561328e-01
5.118529256541041184e-01
1.731222734670435637e-01
6.346686598240843802e-01
6.095081966903034276e-01
-1.000000000000000000e+00
-7.172471495890470061e-01
-1.758014625612011606e-01
2.750786687714533163e-01
-6.589304428798408164e-01
-8.526039368506012073e-01
-2.344862247995322391e-01
-7.638503316278615340e-01
-9.012105166785968624e-01
-6.821964683941617036e-02
-3.767776696058255381e-01
3.033912689848803912e-01
-5.007305257006361421e-02
2.146900760540601527e-01
-6.985081218603365061e-01
3.777806807696709734e-01
2.415499136015782089e-01
9.535852610100310489e-01
-5.737609592541341730e-01
-2.640867471544680600e-01
-4.418631603120587448e-02
1.000000000000000000e+00
1.780570022603620295e-01
8.397656526509423847e-01
-4.058566252301887278e-03
-1.097342809090581517e-01
-5.457048638150829856e-01
-3.682070127042204044e-01
2.493411980025657670e-01
-9.271487511732581233e-01
-5.369474642119694829e-01
-2.010698761566943604e-01
2.787021141071689412e-01
3.479933144593496674e-01
-4.350932061543486551e-01
-5.380053826418865204e-02
1.006189400396033662e-01
6.295037610024093455e-01
2.388874665033139943e-01
-8.403240922834276372e-02
1.814761561191947647e-01
4.058646875821936284e-01
5.831356276706128883e-01
6.249822543001608555e-01
4.488650349670127437e-01
