-1.662627335503442660e-01
-2.552759589665932749e-01
-3.284743453713777350e-02
-2.646232709122496307e-01
4.298225206624914363e-03
-2.853820611414787378e-01
-2.636356024569788334e-02
-3.646517220944725524e-01
-1.000000000000000000e+00
3.594053703531502331e-01
3.002948453533725304e-01
-2.191344964958922281e-01
6.454138596496852287e-01
2.577854399284322806e-01
-5.610571456467305929e-01
3.260409104679703463e-01
1.791225332913579105e-01
1.737747838516229271e-01
2.688895062573338768e-01
-5.485600519547257914e-01
5.095935537189082432e-01
-7.681425492650537645e-01
2.194239656049144227e-01
-4.177575523681464897e-01
-4.497579847895986638e-01
1.000000000000000000e+00
-3.775136171699847720e-01
-3.511179819984719397e-01
1.202679294094803897e-01
7.164570054327870641e-02
-5.356456034162390134e-01
8.002771709428108116e-01
-9.804498622553264875e-02
2.854783997658956185e-01
-2.680707850848264018e-01
-7.776488206505488554e-01
-2.085065491345815814e-01
-2.445654067940888216e-02
-2.688964935668649789e-02
1.724662011713432586e-01
-1.495532841083226372e-01
-5.572685158599623156e-02
7.854728331096739735e-01
-8.042019220468257235e-01
-7.547638879126182809e-01
9.505331337323393859e-01
3.946545045907246529e-01
2.520524565518559301e-01
-1.057626294590799237e-01
2.389920949487807644e-01
-8.267678023626821027e-01
-4.883127694593879520e-01
-5.897255915285797290e-01
1.675667020183632949e-01
-1.737709372682643694e-01
1.703498499973975788e-01
-6.600369177341014471e-01
1.856302553707993575e-01
2.186180572673309674e-01
9.539267692641976992e-02
6.941050819288486773e-01
3.696770698831574054e-01
-9.790524167921667020e-01
8.452942740607678473e-01
9.244276736868839439e-03
2.580683839247052691e-01
-3.105857373498775442e-01
7.879867033846102986e-01
-3.752896302280960827e-01
-1.772960683666910675e-01
-2.812947156018160699e-01
-1.624441982455497313e-01
-7.149838837165309879e-01
1.983754435429695151e-01
2.705664651703968415e-01
-1.737436396148557827e-01
-9.273949535890649298e-02
-1.000000000000000000e+00
-4.516974081843029287e-01
-1.000000000000000000e+00
4.204134237477062663e-02
-8.428652738019887236e-01
1.000000000000000000e+00
-2.404829056564042611e-01
-6.957971295388670763e-02
4.951548511916195050e-01
-3.613684773978099313e-02
5.475328209033332172e-01
-3.660536144524006996e-01
3.594432199317794674e-01
-2.774342544488457296e-01
-1.000000000000000000e+00
-3.160940024059302744e-02
9.148166758395345766e-02
-5.966695962000020254e-02
1.577911578225779654e-02
3.342255775196426582e-01
-1.000000000000000000e+00
-3.957655269713103441e-01
3.303205726696943900e-01
-5.554746807725663427e-01
1.447195640319876020e-01
-3.747580611056399169e-01
7.159705119360229020e-01
3.978720321041778751e-01
-3.531351414900451569e-01
-1.925973888561550440e-01
-4.421599211787092809e-01
-2.614146707508624434e-01
4.398483473387111431e-01
4.937554544761598718e-01
-1.531722554468346043e-01
-5.280435490676840815e-02
-1.095392781806793780e-01
-2.245960154662654529e-02
-5.216950209853931097e-01
-3.921128613453468414e-01
3.017898795586343441e-01
4.940993220107752770e-01
-7.970675319898440359e-01
-2.768331105485847266e-01
6.221263006712420829e-01
1.145956513898830076e-01
1.983705460860381298e-01
3.458837172977123342e-01
4.114042510895052351e-01
-1.054408771909646630e-01
3.291466942505333337e-02
-8.777414115090595992e-01
9.994831497441802881e-02
-1.726798515220385327e-03
1.181806055982294046e-01
-1.753360529282451119e-01
-4.361930429764752648e-01
-2.062053976408747408e-02
3.342521451543244981e-01
-5.606879377075306425e-02
-1.509250324157178635e-01
-7.969675291051635524e-01
2.882585147132786796e-01
-1.000000000000000000e+00
8.398086342422358963e-02
-5.453418352530350344e-01
2.466022395431993475e-01
-5.741841433355214797e-01
4.386663014110903092e-02
5.941911709658508345e-01
-2.718682454401410986e-01
-1.000000000000000000e+00
3.643349636071965270e-01
1.000000000000000000e+00
-1.927943049801685016e-01
1.000000000000000000e+00
-3.109287406420525590e-01
-7.585246313750227953e-01
7.854577382945616693e-01
-7.512917481901510985e-01
-5.364850440917950936e-02
-4.095731485373189651e-01
-6.993400005393252128e-02
1.000000000000000000e+00
-1.736471563941309193e-01
1.000000000000000000e+00
6.600243809201363776e-01
4.431788341744843929e-01
-4.322903694378577022e-02
1.020732368770928544e-01
-8.352735071520289711e-01
-1.000000000000000000e+00
5.634097904983615956e-01
-6.886729395831167055e-01
-2.624944873483591179e-01
6.502378533647529268e-01
4.390564541004678412e-01
-8.535133604503196691e-01
-1.379467414248107815e-01
2.005719116063778007e-01
-4.848397073817047320e-01
5.732302383296195014e-02
4.999558601534218744e-02
4.611573926173867521e-03
-3.753341584964360877e-01
-2.837743476983015656e-01
4.263256208838520078e-02
-5.648635441666712831e-01
-1.000000000000000000e+00
-1.859617350505018418e-01
-2.333256129409870261e-01
1.000000000000000000e+00
7.944998137458741949e-01
8.997068630270388390e-04
1.596040850993184490e-01
-1.663963394793779305e-01
-1.000000000000000000e+00
1.000000000000000000e+00
3.395504875763563080e-01
1.687592047565926179e-01
2.653297751764508439e-01
-1.492985657455951354e-01
-1.000000000000000000e+00
-5.316926384079501133e-01
3.389683139402066558e-01
7.122650194363576437e-02
-4.366428240685831796e-01
7.236135688840562574e-01
8.628777387580957581e-02
-6.508381727369050296e-01
-1.676940800296283507e-01
-1.484582489096552549e-01
2.415522599608539017e-02
-2.074360766653376986e-01
-3.919041054829280335e-01
2.917114628735195669e-01
8.895435781736455993e-01
1.684237820123629659e-01
1.121871013011272247e-02
-9.422795131826123827e-01
4.042608595174730923e-01
4.161758597754707245e-01
-1.062803395181298738e-01
-3.107735003609430890e-01
-6.070329873180486668e-01
-7.395032251793350886e-01
1.000000000000000000e+00
-1.545323717360861382e-01
4.213600202565791208e-02
-3.533872533816391215e-01
3.567822710676049613e-01
8.586583887870961052e-01
-5.390662731630283533e-01
-2.263194181579110675e-01
-4.396190942033985638e-01
-1.000000000000000000e+00
8.376251754454452358e-01
-3.739818695085241340e-01
-5.657345467496118774e-01
-8.350051929183162081e-01
-8.907663615670044499e-02
-1.049787451585998399e-02
-1.057416229859216572e-01
-4.184617396229572961e-01
9.516872023575968509e-01
8.550013100468321081e-01
2.091816363773285059e-01
-1.504127570445848439e-01
3.360865300414215273e-01
-2.272130920510199714e-01
4.275939869529885584e-01
-1.768898306845407276e-01
-2.433653627595287472e-01
-3.092627193144530384e-01
-4.162963686482766823e-01
1.000000000000000000e+00
5.800619488218865527e-01
7.046718094672352883e-01
1.035170428670455917e-02
2.107336280665905726e-01
5.734883534761898716e-01
3.678023942166808169e-01
3.524239948825588220e-01
-3.969609718453657177e-01
6.555300135377140069e-01
-1.497090457371701155e-01
-4.214022019888722381e-01
-2.280371058785791993e-02
