-3.042582598058921617e-01
9.902038829177611801e-02
-3.644528522040820229e-01
6.036520642384906044e-01
4.844044326213987617e-01
-1.000000000000000000e+00
6.562481040480712124e-01
1.476600999691674576e-01
-1.000000000000000000e+00
-3.580993843215070083e-01
-6.480820786420424806e-01
6.515541463723970583e-01
-3.988872090841704132e-01
6.599664319853204564e-01
-4.728059089526008285e-01
2.233597163019787890e-01
-9.725314819763419827e-01
-9.370002044941165842e-01
1.000000000000000000e+00
3.646906439525887111e-01
-7.565659780297284698e-01
9.219057304150870547e-01
1.362751991489749570e-01
1.000000000000000000e+00
4.505463950984996413e-01
3.012610818734928753e-01
5.788384773701923391e-01
-9.397974445310968150e-01
1.099431347563406547e-02
-8.257286561067161967e-01
6.526525481966460873e-02
-2.572301224733535285e-01
-4.863711236893414336e-01
-7.817744042197402599e-02
-2.927955708887353681e-01
1.155842842549578420e-01
-2.708220484844727771e-01
-9.919755013516764475e-01
2.602721992196182499e-01
1.339377823306686366e-01
-3.151715826419724809e-01
1.981329338433145404e-01
-6.971605911216967044e-01
-9.812727742804451259e-01
-8.953716310459572947e-01
8.187163744690555411e-01
-1.459499622995077961e-01
7.913034529852376320e-01
1.374163444491241504e-01
-9.279190342727301755e-02
6.863794332316432989e-01
-1.925027415349839788e-01
-4.421515189653272282e-01
-8.867772214926019636e-01
1.614141412770166151e-01
6.129782030530384063e-01
-6.334488893486786565e-02
-3.107829933060036187e-01
-1.393632789055028742e-01
8.145196315675049537e-01
9.807328739259943418e-02
4.533850511120969817e-01
1.916424582183817449e-01
-4.614515298110330455e-01
6.381730097692700499e-01
3.146078812182754314e-01
-2.950520934705506970e-02
4.035841696938742285e-01
-8.965736240627639186e-02
4.632017317813308943e-01
-3.430325578749043175e-02
7.602364816440529971e-01
4.867428547211231082e-01
-2.112822216874551129e-01
-8.666585355524110135e-01
-1.758404906252026001e-01
-5.659291905979230153e-01
7.736492408637944962e-01
-3.349882485930911757e-01
-2.562824838426652208e-01
1.317901797117969689e-02
3.973449494538331406e-01
7.683670797030357491e-01
1.498335520495734097e-01
-1.000000000000000000e+00
-7.494061026969147665e-01
-7.670219223289577171e-01
1.000000000000000000e+00
-1.240030157133350242e-01
-4.693017351994341335e-01
7.578988888247570332e-02
1.000000000000000000e+00
-1.000000000000000000e+00
-3.294997673671852811e-01
-8.229227298687513681e-01
3.221931960572449460e-01
-1.000000000000000000e+00
1.000000000000000000e+00
-6.773876643294229893e-01
4.725198351505291994e-01
1.525297015169103654e-01
-1.528901228644133636e-01
-1.670662010479676829e-01
-1.892458509974976333e-01
2.158676127755133067e-01
-1.000000000000000000e+00
-3.466047727328993022e-01
-8.732174405204712331e-02
-1.207246748851998897e-01
4.888699699842177226e-01
2.250765629544211333e-01
-4.337888245115442687e-01
5.622837902361549345e-01
-2.379144107795365670e-01
5.934353048121403518e-01
-3.239207697999235691e-03
6.659215229390584856e-01
4.049518162581025038e-01
-1.000000000000000000e+00
7.095803415475443465e-01
-4.691205612352448984e-02
4.629206876041038754e-01
-5.208338549959400376e-01
-2.206954709101616868e-02
6.766366066705491178e-02
-3.383241060802579248e-01
6.437726047406906460e-01
-1.721911376992061593e-01
-6.959260510304444702e-01
8.940979235106290002e-01
3.479844754538604090e-01
1.435785481402495345e-01
-7.838013398669821385e-02
7.075124556936386311e-01
-3.295704208853205697e-01
5.980551488414180827e-01
-4.114861027508672220e-01
-2.399390904531534252e-02
1.000000000000000000e+00
-8.107076589550745727e-01
-2.581099028781485005e-01
4.661183779655458381e-01
3.714364988002591961e-01
8.952315853964430969e-01
-2.532713891703597398e-01
4.706634428992023667e-01
-8.419592977052423599e-01
-1.827577902069877913e-01
-6.797081845606923745e-01
6.887709985435381821e-01
3.657863158991631614e-01
-1.484237909363337882e-01
1.000000000000000000e+00
3.181660873279067159e-02
1.595272744984517210e-01
1.254090535857291244e-01
1.490490526369744329e-01
-5.787461212567598934e-02
-3.125259351352391857e-01
1.574748052377085150e-01
-4.944670597184290806e-01
-4.553983710591673617e-01
-1.308456048925785431e-01
-9.180055714512622145e-03
-9.058109738714348325e-01
-8.872130859132112413e-01
-7.745522762749174062e-01
-6.953160091268490994e-01
-4.106338820082697794e-01
-2.482092188895758389e-01
1.200132009191850757e-01
2.121369970025721585e-01
-7.423520186661887177e-01
-4.758007820329321902e-01
-2.492841578377390510e-01
-5.373804107219841697e-01
-2.697405190401525599e-01
-1.000000000000000000e+00
-4.697607013821413768e-01
5.025591437408173379e-01
-2.796906020442882154e-02
1.000000000000000000e+00
8.256934201120488259e-01
1.000000000000000000e+00
-1.679138931424744574e-01
-1.000000000000000000e+00
7.155993908090210187e-01
5.351600758799128776e-01
7.541922872210109485e-01
-8.688178305965688075e-02
-4.902752640555836372e-01
-2.648484061408235002e-02
-1.493613552146733914e-01
-3.280170709163819920e-01
1.266136011523020036e-02
-5.579379215398744263e-02
-4.691457888286740263e-02
-8.276898536223827874e-01
-2.949554478789695455e-02
1.731920890929673218e-01
2.265155095839728738e-01
-8.180325441285289656e-02
2.727232924640770606e-01
1.919316712111580614e-01
1.299889899227052725e-01
4.702591440297663739e-01
-1.226754049748151609e-01
1.000000000000000000e+00
2.111775555525522985e-01
3.686825045196874262e-01
-6.820537182886891037e-01
-9.208734327919257945e-01
8.307080382954999953e-01
4.376071125962409658e-01
-1.000000000000000000e+00
-5.147077452854300628e-01
-9.690492568984242217e-02
2.075489360455350374e-01
-6.367932210300204510e-01
1.000000000000000000e+00
4.541720225073356820e-01
-5.738013595344850643e-02
7.181074145435096812e-01
-5.760814502905865497e-01
-4.625779312184049030e-01
3.299907712619750133e-01
1.379539774577675237e-01
3.809532063305803851e-01
-1.427905995583520771e-01
2.339074999345802097e-01
-3.383915110381467417e-01
-4.677470216479167608e-01
9.242762154270065533e-01
1.000000000000000000e+00
3.063602198683428868e-01
-7.253423391081856852e-01
3.800179880968131974e-01
-1.442264696253748313e-01
8.254906974410741727e-01
-5.677911041330158115e-01
-6.487988146652876598e-01
1.000000000000000000e+00
1.000000000000000000e+00
1.000000000000000000e+00
-1.000000000000000000e+00
-1.000000000000000000e+00
1.971333192087098285e-01
6.050171373085587723e-01
8.033458617739787089e-01
4.185163720219358674e-01
-4.382866308116246667e-01
-1.000000000000000000e+00
-1.239783560442355576e-01
8.401732029776234345e-01
4.804337274864470264e-02
7.788489503814474135e-01
4.991329177474918000e-01
4.737002193308835762e-01
-4.979321930993507728e-01
-1.429981410928355678e-01
8.226654539204391048e-01
-5.175960267137830195e-01
-5.848844868073236336e-01
-1.000000000000000000e+00
-7.711347025480720374e-01
