-2.998486604320934057e-01
-3.995603230219497704e-01
-2.885355062860144315e-01
4.199934371175331749e-01
1.623833892993756800e-01
-2.493706038199333327e-02
-9.738109749042349328e-02
-4.709126320944935773e-01
-2.625503340263001251e-01
1.000000000000000000e+00
8.211080615385117909e-01
4.938545976054988240e-01
6.146090075878269943e-01
-5.264287236465599040e-01
1.243189136889509966e-01
1.000000000000000000e+00
-7.795503942399611974e-01
4.479579748958426727e-02
-2.610629230820815105e-01
1.581461131297744738e-01
1.000000000000000000e+00
-3.999055269705325405e-02
6.489083185444252111e-01
2.217639253624847651e-01
2.549624292259274894e-01
-2.565377254437668508e-01
1.356451134987149143e-01
1.000000000000000000e+00
1.124375658133000416e-01
-8.329542793445674498e-01
1.146525834815786959e-02
-3.669942201126955572e-01
-4.166480185578625428e-01
-7.831623068909685514e-01
-1.686394363005332964e-01
-3.087460029980480525e-01
-3.406281972340788888e-01
-5.620264176847333815e-01
1.038279547825862181e-01
1.000000000000000000e+00
-2.803876510212059692e-02
-6.326292649689583270e-01
4.735403798403940989e-01
-6.726410356510681421e-01
-6.026423607749777922e-01
7.252989243581420276e-01
-4.609120957083494563e-01
7.719198012524369767e-01
-4.679062707608789839e-01
-3.181011868188325931e-01
8.576838993596680449e-02
-5.755501294740397178e-01
-3.029638614483857184e-01
-1.684942191263971711e-01
3.845325813408698723e-01
5.397601626117145557e-01
4.485251252656702881e-01
-1.256313536338656001e-02
2.079304737421544813e-01
-6.200943032642649566e-01
4.564198769172205239e-01
5.302505367374770184e-01
-2.166056266294691390e-01
4.382631733773001415e-01
1.263723450137039794e-01
-5.026665921280204508e-01
3.883760692402210557e-02
-6.765305380703818816e-01
-2.898609248674066663e-02
1.403795649291971481e-01
-1.838662701156596468e-01
-3.662934358599472251e-01
-1.000000000000000000e+00
6.216082763751999973e-01
6.440479603174592560e-01
3.565402888633983913e-01
2.006906250012154835e-01
-3.183943683941680147e-01
-1.000000000000000000e+00
7.267807406283921523e-02
4.794420324589118154e-01
-1.402066298081155460e-01
4.074652192804510964e-01
-1.857321640892877213e-01
9.432537082818914786e-02
-4.654893676876987185e-01
-8.119416294590908745e-01
1.924595829323365315e-01
-1.000000000000000000e+00
6.840008716550398660e-01
-3.413802623206149689e-01
2.036738396063756673e-01
-1.365032758736136609e-01
9.443108786270792976e-01
-2.801887941015678840e-01
3.242932171657563201e-01
-5.635888290442103710e-02
1.766588498545486330e-01
-3.236220881575907482e-01
-1.000000000000000000e+00
-5.055005282246936016e-01
-2.698231133098635270e-01
9.727076495261226252e-02
-3.653496864874254402e-01
4.085774282490784448e-01
-5.641068131632551719e-01
-7.381436308345372677e-01
1.000000000000000000e+00
-2.439325861769400805e-01
-1.000000000000000000e+00
4.747272568679902216e-01
2.217556646933069586e-01
-6.082894609479598813e-01
5.318275691287044360e-01
-1.635617480729503748e-01
1.172403960679974932e-01
4.003912039825426872e-01
2.121517238325096866e-01
6.411427391564064049e-01
-8.109618035709009742e-02
-2.367494600814078476e-01
-1.252104374461636693e-01
3.107881373921874690e-01
1.331267777787524809e-01
-1.828176271637426686e-01
3.878123496146173022e-01
4.120117534601250853e-01
-5.673306605258902069e-01
-1.000000000000000000e+00
-6.016521532717418186e-01
-6.816252634682440359e-02
5.293193760198688924e-01
1.801420224396652614e-01
-9.172116655816861530e-02
3.508543314904572635e-02
-8.738224716575540008e-01
2.314920956525768347e-01
2.729362481648563432e-01
-2.052162181236582283e-01
-5.645799811252414369e-01
2.230682236848409716e-01
-4.364744428557454370e-02
-1.708964416465718339e-01
2.626291311293392772e-01
-3.943784352873626053e-01
-2.414353640691133673e-01
1.565055848599814503e-01
5.563264019118965287e-01
-4.810514129553338236e-01
-4.760578024022305010e-01
1.000000000000000000e+00
-2.985708252925899364e-01
-1.000000000000000000e+00
-4.263654871957175407e-01
-1.205220536381357010e-01
8.302809222203249018e-01
6.851284263650667117e-02
-2.783202860775653709e-01
-4.119906089762491730e-01
1.837928910766888912e-01
2.881052798779259461e-01
-2.186800721714744489e-01
-4.755481557946535376e-01
-1.849796329325575361e-01
-1.342789822068317929e-01
-6.629036095326222844e-01
-1.000000000000000000e+00
-7.620239003827419255e-01
5.449293043040720486e-01
-5.436295906248332921e-01
-7.312986967651204928e-01
-3.800466954033875910e-01
3.909617980263431214e-01
-7.304570929719174099e-01
-5.789083252611638697e-01
5.548225786213022148e-02
-1.000000000000000000e+00
5.069714292783731313e-01
-9.879770227403536498e-02
3.434781299672250432e-01
1.000000000000000000e+00
1.420010641359219505e-01
2.289227059908051087e-01
-6.690646069083386882e-01
-4.652978712072267098e-01
7.711001868429075146e-02
4.933505151005200817e-01
7.530940331880960903e-01
-2.627365441774349164e-01
5.954851098682456545e-01
-6.634733018626826073e-01
2.243571584107112438e-01
-5.415821591984949501e-01
-1.480083001941497334e-01
-4.883082302164309940e-01
-3.152074729884172255e-01
-6.672600433359444638e-01
3.847262466329946506e-01
6.357729597272978594e-01
2.852394877612751678e-01
2.232473687895402126e-01
-5.239640405741164964e-01
-9.631477830487615854e-01
-1.000000000000000000e+00
-1.241430317804122357e-01
1.325766203269042043e-01
-3.621359257036822488e-01
3.469522029277691821e-01
-5.504580774814828992e-01
5.017655473551263512e-01
8.841319701205066495e-02
-2.383743685572728976e-01
8.158607085481075494e-01
4.212768361621996860e-01
-7.001470407171915822e-01
-8.255513893535955383e-02
-1.034102510021784882e-01
7.174330978418735905e-01
5.744846780913228645e-01
-5.086534859362454863e-01
-5.258427596991270825e-01
-6.851061015770265605e-01
5.862180690299853003e-01
5.291789460572772219e-01
-3.478873729581659080e-01
1.478047393131360077e-01
-9.819180974431855891e-01
6.082094061965326315e-01
-1.471161741918419197e-01
-1.000000000000000000e+00
-5.120155735936584573e-01
-5.026802878258286311e-01
-6.476124751110133859e-01
3.380232577858958143e-01
-6.104056969117956921e-01
-6.054463079722754992e-01
-1.061710804323799107e-01
-5.753130597244460187e-01
1.816751345544429519e-01
-9.475389172371834201e-02
-9.956663417567434005e-01
4.230154904185596809e-01
3.669353287674632647e-01
3.412042986016788348e-01
8.365036336861515487e-01
-4.878306118564847416e-01
-8.347173841965989383e-03
5.724847500264769184e-01
-3.255655555556148384e-01
3.193586493357100098e-01
-6.937344822132296418e-01
-3.781603531245154581e-01
9.504249002546812097e-02
1.000000000000000000e+00
1.000000000000000000e+00
-4.527648776201771419e-01
1.498819006313484303e-01
-9.683166722531110215e-01
2.430121190620774807e-01
-1.820615191756586870e-01
1.185823753805099745e-01
-2.951584548304615752e-02
1.639251467397758733e-01
1.000000000000000000e+00
-2.904936098750985352e-01
