2.475168530307236825e-01
4.446009813089084051e-01
1.000000000000000000e+00
1.689773262610729521e-01
2.146151721953206415e-01
4.399211495651550452e-01
3.077344696218711206e-01
2.730366680701873383e-01
2.564628433503989280e-01
-2.491550828232200199e-01
4.352675380430430507e-02
2.815600316027642158e-01
-8.262960832548655876e-01
1.292158661920117801e-01
-8.208742372548994970e-01
5.116166818201536293e-01
3.336529151474888488e-01
1.226365500369161754e-01
1.716479275088647616e-02
-6.162817231384815075e-03
-9.689670295047760062e-02
2.263230354766556096e-01
-2.146211618948835054e-01
5.990469236981279533e-01
-4.618162332548436666e-02
8.142179556363480231e-01
8.115144760646423316e-01
2.121872151209068524e-01
-1.000000000000000000e+00
-1.000000000000000000e+00
-4.126589066468870914e-01
-4.451042774909271804e-01
-4.976351459776707231e-01
-6.036225508087258995e-02
-3.115366077995170846e-01
2.713437958304504294e-02
-7.341758908649742565e-01
-2.316211034674556246e-01
-9.868671316817017036e-01
9.323695708586225706e-02
-1.196738723746079147e-01
-6.729581259921461056e-01
6.673096743268324138e-01
4.766143828594257559e-02
3.878886290775972467e-01
4.892797826968542929e-01
-3.559783326990183516e-01
1.000000000000000000e+00
-1.450288014175211970e-01
-3.076997090321696438e-01
-4.236603760872141855e-01
5.357202481418248396e-01
2.354358455035062692e-01
-1.060761036595087581e-01
-2.628161850103753472e-01
-2.339349813377436527e-02
-1.901421846501462065e-01
-8.641266785763569713e-02
4.987993660688749276e-01
1.339532150925770715e-01
-1.870521640240551675e-01
3.979817644407549482e-01
1.686314896279267894e-01
-9.760607821533297257e-02
4.360712253860139498e-01
2.235500439263026773e-01
2.804251164838465482e-01
3.970265028810540664e-01
-8.350148907620857930e-02
6.969874371045622352e-01
-1.630697325550296561e-01
4.087090227007967314e-01
-7.124120493195564008e-02
-3.730919362492679525e-01
-1.203159891629706491e-01
-4.311214305261646951e-01
8.017097646088079677e-03
-4.186739325591418703e-01
1.548647748072381758e-01
7.946243966214937560e-01
-3.763622565253956775e-01
-8.415849868771466125e-02
5.538097144641493386e-02
-6.356406947252635220e-01
-8.415550926076729166e-01
9.917212399443814386e-02
-1.659208216905951050e-01
6.104535331104297136e-01
3.099393104954120681e-02
4.582384596621408290e-01
5.746979905572361380e-01
3.667980734758904959e-01
-5.706886206540335849e-01
-5.898717481141906305e-01
-7.921963817635686578e-01
6.292866354446450261e-01
-1.702318271989685661e-01
1.379134331185117440e-02
-1.537963101057951698e-01
3.868807997516315877e-01
1.123255254606644604e-01
-1.649732993299318773e-01
3.063674013078060421e-01
-5.058041765546047452e-01
-1.000000000000000000e+00
-5.873445922827705279e-02
-5.037752784789610583e-02
-6.687215775592639799e-01
-1.000000000000000000e+00
-3.764987078326439418e-01
-1.000000000000000000e+00
9.129139218027407798e-01
1.419895633189777739e-01
-7.622586777515779621e-01
6.861067556156658087e-01
6.399301678130769888e-03
-4.127467598288133144e-01
7.859827752003123447e-01
1.903093407388577463e-01
-4.406116717164231256e-01
-2.881561818885520765e-01
3.777184891238706821e-01
-9.492715059967531399e-01
3.587866039072958729e-02
8.416783028809640133e-01
1.000000000000000000e+00
2.761007989751580460e-01
5.025491917054455415e-01
7.321866077434568965e-01
-8.453449310022445595e-02
3.688812159620101783e-01
-2.507541301990622307e-01
1.117098570338122265e-02
-7.264999762879045808e-03
5.039483303703085060e-01
-1.426386746341572198e-01
-1.507399057197545203e-02
1.000000000000000000e+00
3.259309747158223858e-01
-9.460316897154039673e-01
-9.622446047430410765e-01
7.074769243944124819e-02
2.679014115227384418e-01
6.569221926196466832e-01
3.647317385268390999e-01
3.059277509717653887e-01
-3.200775758883103173e-01
7.973238005654543770e-01
-2.296333997670087224e-01
-3.351279909509091715e-01
9.252392099084478794e-01
-6.227391029767020969e-01
-1.826333356135436126e-01
-3.757551617944382416e-01
-3.433724035628460403e-01
8.893488428256121625e-02
6.856538350211431598e-02
5.471341372416094195e-02
6.680044322565298343e-01
-5.757354178348073059e-01
6.794094698516839337e-01
1.410080741882829003e-01
1.441178143629248676e-03
-8.208755655490218572e-02
-1.952011971719213312e-01
-6.735808392426344549e-01
6.457472315138315655e-02
-8.331040685168342730e-01
4.146458570045004066e-01
2.567705167958016510e-01
-1.175069273208769471e-01
4.704242309393771859e-02
7.776065227026001114e-01
5.583087342071257897e-01
2.054528331746658387e-01
9.592166769864556020e-02
-3.913241898311601852e-01
-4.175675307709655337e-01
4.145631570255476489e-02
-4.698332661755181827e-01
1.267230379942952956e-01
1.439829716114201796e-01
3.356997120286930869e-02
-2.600538617019743093e-01
4.995772583911620712e-01
-2.816939033955314087e-01
-1.000000000000000000e+00
-3.076591002923744628e-02
8.393233502752807385e-02
2.949428031790203852e-01
-3.605614101780938996e-01
3.629034365469270829e-01
3.542503824909911114e-01
-5.917454556573686908e-01
7.552793742591365489e-02
2.520093718914047098e-01
3.389217092824329258e-01
-7.631928495946194158e-01
3.264797987493365250e-01
7.482916722863552916e-01
-1.000000000000000000e+00
1.705528846873124171e-01
-1.961126623291836735e-01
3.249964451282470468e-01
-2.053385027057211820e-01
-2.937326567969831825e-01
-1.000000000000000000e+00
3.241019806035910777e-01
1.635198050633689948e-01
1.000000000000000000e+00
-4.879982345963219670e-01
1.895018164675471850e-01
4.308899827750189981e-01
-8.565985043713382208e-01
9.043116353525353368e-01
-5.743800870461585051e-01
8.126016724885660736e-01
2.672852600347191965e-01
-1.093416460890003217e-01
-1.893274587304777379e-01
8.452384558745136278e-01
-7.281288132998933182e-01
3.313407886088635679e-01
1.696532010326231854e-01
9.415571341986435361e-02
7.756721447297737493e-02
-5.599102638737388782e-01
4.319484804588952231e-01
6.356393531760761162e-01
-7.040521459828344986e-01
-8.000804144803634887e-01
-2.738141635824017928e-01
3.069116932429470646e-02
-2.393916718715207170e-01
4.436601919461032884e-01
-3.595480681529272249e-01
1.962153933135076522e-01
4.999339772915621927e-01
7.181693504956785379e-01
-2.067659453264023006e-03
5.070336931971322070e-01
-9.059741948398416511e-01
5.710264873796836588e-02
7.644496827073674616e-01
7.135070530827547497e-02
1.000000000000000000e+00
1.978000208786231395e-01
-7.193003807199649380e-02
-1.988787845811501309e-01
-2.945850131761646590e-02
-3.725425631879906718e-01
-2.874843423710085610e-01
-6.316277248613810791e-02
-3.233536928813464106e-01
-7.710581573120083299e-01
-5.472159751098238933e-01
-5.105440134669784191e-01
-1.748969676732488876e-01
5.995513895374807167e-02
2.219343418293214243e-01
-1.000000000000000000e+00
7.151090513011505445e-01
9.354100936132356825e-01
3.257061830498482746e-01
-6.882088098800476228e-01
