-1.216918503599012658e-01
8.116814629828220107e-02
-1.000000000000000000e+00
-3.135238045834306403e-02
5.483112860545655831e-01
4.041888277932541573e-01
6.516392380751823143e-02
-2.937609790287297115e-02
2.628576223576092330e-01
-5.769684844671738588e-01
1.000000000000000000e+00
1.832642656438179807e-01
-4.135234064245592034e-01
1.854422485453571801e-02
-1.000000000000000000e+00
-1.098765963893021669e-01
-5.528649876805695751e-01
-3.000667083017480308e-01
-2.961824037699450352e-01
-1.911310554908305093e-01
4.952159569029389308e-02
7.691660596238413250e-01
-1.887994805711810109e-01
-2.871558688005383386e-01
-4.699695283482128172e-01
-1.702857980374285121e-04
-1.669869419100002139e-01
-1.851154623403121757e-01
-7.780851528357699554e-01
-6.031937021862590065e-01
6.745429174973445186e-01
-6.429356976104706398e-03
-1.667583120723451218e-01
1.000000000000000000e+00
-1.509099851476072007e-01
3.066610226644717052e-01
1.846359491229367378e-01
-3.110202792281128309e-02
-3.540428607655855126e-02
2.392676739936804575e-01
-5.440917888439830152e-01
9.835037892939864079e-01
-1.392028852120719973e-01
-1.381448951243319512e-01
-3.044811651142729780e-01
-1.266798940369526227e-01
-8.011057156627843234e-01
1.663955322012829197e-01
-2.351695261375859325e-01
-2.399206828508756995e-01
2.020048176781239213e-01
3.842075451820736731e-01
-5.236632385783938914e-02
1.601391157835440893e-01
-4.886566683664070321e-01
1.000000000000000000e+00
5.454967476364188522e-02
1.000000000000000000e+00
5.124273479815724675e-02
1.000000000000000000e+00
8.206507623465858492e-02
-6.775413960580668471e-01
-3.340334905184275116e-01
-1.000000000000000000e+00
1.000000000000000000e+00
-9.246727185625307488e-01
-4.967808106253180367e-01
5.449442002239412303e-02
-4.647719786115583895e-01
-1.000000000000000000e+00
-5.317376753341691575e-01
4.362218943193832965e-01
-2.796882858678073625e-02
-3.081849022265276683e-01
9.009641216176740297e-01
9.967301802467795624e-02
1.000000000000000000e+00
8.453309235267874033e-01
-1.000000000000000000e+00
-6.880916481911768523e-01
-7.116365706641192279e-01
2.178550876215183396e-01
-6.246510541746290723e-01
-3.136190014140987636e-01
-2.474725470745062772e-01
2.837735996564233476e-01
6.163859951717325369e-01
2.305932476176827672e-01
2.130624734085667382e-01
-1.823896434482073781e-01
1.000000000000000000e+00
6.450554479358645565e-01
-5.632570345994706296e-01
7.734425051475779522e-01
-3.024724802514257016e-01
1.257832113126715612e-01
7.838017396065516396e-03
-4.632141405239418308e-01
4.653474671385022798e-01
-2.475285914720886937e-01
-1.000000000000000000e+00
-8.735003404001805416e-01
-1.450749716086833195e-02
4.382891400206682109e-01
-7.433158383466111907e-01
3.294415770390178577e-02
3.204418648059714769e-01
4.168661597070466573e-02
-3.537557990623409476e-01
9.922935969573081216e-01
-8.325898967728326272e-03
9.956605304227507114e-01
3.529524721908256502e-01
-4.719317439343482246e-01
6.353055377419757344e-01
2.600039313303226240e-01
-3.281000355649404260e-02
8.729486036634410695e-01
3.701775588565327235e-02
-3.916024841900465625e-01
3.049967096134207911e-01
-2.403390987584347327e-01
9.938875809513804116e-01
2.472202555525009060e-01
-4.836468165204284991e-02
5.731860214156142552e-01
-7.142945656410518707e-01
4.270897765487433051e-02
-2.159347163912609530e-02
-1.508748972285428071e-02
3.263768460884059475e-01
1.000000000000000000e+00
2.356303743822546759e-01
2.414301760271676534e-01
1.859775496470132961e-01
-5.893665407576484036e-03
-1.555713462112380541e-01
1.765738073432440158e-01
-9.982065300672198216e-01
-9.831204769409567223e-01
1.000000000000000000e+00
3.997854289254157423e-02
-5.582395470678890304e-01
9.948867941237047319e-01
2.114437003418535854e-02
-2.672300523387806381e-02
-2.663814570691562800e-01
-6.769221791572916924e-01
3.314795706498184225e-01
1.000000000000000000e+00
-1.525862718936984996e-01
-5.540563661038729881e-01
-6.805687977421948087e-01
-4.074794249865127949e-01
-1.398048450209512239e-01
3.264122904610846643e-01
-3.380925205694276098e-02
-9.917121682577170194e-01
7.474531310150523966e-01
-3.418573436604306348e-01
-3.556622915400337592e-01
1.891706596532867837e-02
-7.512944439014636044e-01
2.950903100887646846e-01
6.149498348585341612e-01
-8.266384162104448707e-01
-5.677374112726020217e-01
3.253248341652901776e-01
2.051758603357407840e-01
-1.483141742388349726e-01
2.042540543015280430e-01
-9.246216480707927232e-01
4.994988591704994652e-01
-1.000000000000000000e+00
-9.470966109070233507e-02
-1.028081111919046942e-01
-2.240108726636329539e-01
-3.784584042113711133e-01
1.554972692056600381e-01
8.685465874821538534e-01
-2.134542288100117202e-01
5.104553134763495370e-01
8.329639684263273613e-01
1.243340627249438363e-01
-5.195616714277974113e-01
-8.814534846276411706e-01
1.000000000000000000e+00
1.733596404424009585e-01
-1.091007811528098143e-01
-4.363549382593336357e-01
3.138289794767200602e-01
-2.445069682506885791e-02
4.183604498361344071e-01
-1.130324925785682610e-01
-3.131875222119156477e-01
1.000000000000000000e+00
4.195115210011692852e-01
9.638679463843515816e-01
-3.546457577564186558e-01
-7.386412898847108943e-01
-7.578733881762801383e-01
-8.501905857544995726e-01
-7.753657965954202647e-01
9.295512280350874956e-01
1.690784616202967161e-01
4.042357199480077490e-02
-3.808975311619300919e-01
4.010466027300771952e-01
1.000000000000000000e+00
3.294550712759304334e-01
6.397689565232374254e-02
-4.923704070096350249e-01
1.190553466302375352e-01
5.454843236722657362e-01
1.696819964359350397e-01
3.067816525832125496e-01
-1.000000000000000000e+00
4.903944793470138008e-01
1.558876432985336069e-01
3.988062785971276947e-01
-6.393529095387577854e-01
-1.998537422764707500e-02
5.791414533787645480e-01
1.000000000000000000e+00
5.833112262983276564e-01
-1.726271804470276838e-01
8.350363279240956560e-01
-2.879966552870948937e-01
8.335165982991517286e-02
8.604867777694831521e-02
-6.308032571621531304e-01
-1.000000000000000000e+00
-3.016287782276058649e-01
-5.977963814917652829e-01
-9.896832122551194599e-01
-2.762833105106588527e-01
-3.060883870252589789e-01
4.805693397305456638e-01
2.815703887278616091e-01
-1.810905833628939643e-01
3.473657866863495008e-02
-4.322117399878609434e-01
5.184082468923383313e-01
2.654227490255891553e-01
1.548768759774641623e-01
4.478045673216512479e-01
8.911302492397232822e-01
2.339877387616245696e-01
2.173813728442958171e-01
-8.712111105801066957e-01
-4.401390480190212062e-01
4.374063955005458859e-01
2.319843497748068362e-01
1.372926461382139307e-01
-2.629082044358473924e-01
-5.690231937550779273e-01
-6.975832933139209935e-01
1.000000000000000000e+00
5.370703729571495444e-01
5.186911487050057668e-01
-2.848130602700341685e-01
-5.223111907422501865e-01
-5.128728022539685155e-02
8.528033104721359781e-01
-3.276446475285116344e-01
