3.646136317908329483e-01
3.288812577165853845e-01
-2.215475569373221709e-01
7.174061105512410386e-01
-6.042529473345659152e-01
-6.408852092887573626e-01
-1.469406531676796801e-01
2.522564864182029187e-01
-1.000000000000000000e+00
2.892695767762407666e-01
-3.603355329416873531e-01
9.667483556019164370e-02
1.514456936933886444e-01
1.920782321223709066e-01
-6.866862506234069352e-01
-9.161106663013154905e-02
-8.605321724129024741e-01
-2.875284597716574186e-01
-1.000000000000000000e+00
1.000000000000000000e+00
-1.138671459521178875e-02
-3.958368223137998521e-01
4.004680713784056212e-01
5.789314287872598941e-01
1.903873068698007653e-01
-4.923421874911133173e-02
2.765296819699176734e-01
-5.506344243148556528e-01
7.427751486317116236e-02
-6.574332649014861252e-01
4.155094436811312408e-01
4.711660939335546305e-02
-4.418073286394202936e-01
-1.868854502474490697e-01
-6.387073127952378471e-01
-2.629483617772657711e-01
-8.944511966785595458e-01
4.224927110638760919e-01
-1.256371656963940486e-01
-9.582119790324662711e-02
5.990135567752503942e-02
-2.512291461784780244e-01
4.362628747918586014e-01
-2.933524959307690083e-01
3.647441181958880341e-01
-7.585755382720847928e-01
8.079106762520603391e-02
5.643222771693193751e-01
-8.847578696826817746e-01
-6.456951132327991560e-01
-1.198767045117601626e-01
-1.760939780595477955e-01
1.881531702647230020e-01
-1.820429324530647430e-01
-7.374321311582791028e-01
1.419075384439530407e-01
1.453406503479354739e-01
3.262611186116582407e-01
3.904047803610958267e-01
2.566161775371184062e-01
3.663268884500036071e-01
-2.860431410443559086e-01
8.010257955096830029e-01
-1.000000000000000000e+00
-2.228589025956164149e-01
7.839083991537552087e-01
4.145423245167450532e-01
9.278841205224777067e-01
7.455044923324760653e-01
-6.035537215175232895e-01
-1.000000000000000000e+00
-4.485447024170604591e-01
-2.430744568326991817e-01
1.814959633522878271e-02
9.752619079368959887e-02
-1.000000000000000000e+00
8.052440231131010595e-01
-1.000000000000000000e+00
-8.412423325079407266e-02
-3.238915029327012474e-01
-5.160334247881779302e-01
1.407779966617925260e-01
9.761531524514095726e-02
1.326726914253030243e-01
3.120544749696254616e-01
-3.745175578491726220e-01
-5.619976001069669769e-01
-1.000000000000000000e+00
1.093342111590198118e-02
-4.589835348838795515e-01
-2.840436328739428529e-01
-1.000000000000000000e+00
-9.410825667593865074e-01
6.351533482252771368e-01
8.085788846425564502e-01
-2.283597602305267871e-02
-2.196509437742144855e-01
1.874382510404704882e-01
-9.911203199768627847e-01
-9.461990608160528726e-01
-3.812587745830698926e-01
1.000000000000000000e+00
2.715785227337011998e-01
7.499594339194505244e-01
1.078682285096959070e-01
7.352520329567728552e-02
8.728605032825833554e-01
4.992131458551788414e-01
-1.916026490698466422e-01
-1.386253547602630531e-01
-6.325731275088416483e-01
8.891616897140866005e-01
-4.664321637728376102e-03
-3.481510479630628985e-01
5.858098131548137300e-01
4.714308488205183889e-01
-8.749176988185008996e-02
2.233319953771756294e-01
-9.168091587761439953e-02
2.877177748387043099e-01
1.045972359077491226e-01
-6.789194377157866667e-01
-3.715928883097455171e-01
-4.020460393865898374e-01
8.740400842760795985e-01
-9.116375890196480591e-02
-1.502984651964618112e-01
-8.091009168798345419e-01
-1.457208629534686439e-01
7.621910209166872230e-01
-1.000000000000000000e+00
5.003177938309228967e-01
-2.337100010621781521e-01
5.260395900305306904e-01
-6.982715004536123038e-01
-8.946457756234512185e-03
2.005582490505882637e-02
9.281554125588614701e-01
2.110013071429013010e-01
4.651175721656843898e-01
4.454409777885736665e-01
-6.268950175683321024e-01
4.552580194171289563e-01
6.988272483037898386e-01
3.748012323703640847e-02
-4.780714316442245537e-01
-2.348898166286139122e-01
-1.753307387693364694e-01
4.151142954642159655e-01
1.374567398971043297e-01
-2.835504431623602217e-01
6.652143892556307281e-02
1.250625925431462782e-01
-1.000000000000000000e+00
-2.542155804328656288e-01
-1.445129203263525730e-01
-6.753529809146244234e-03
-5.632313884858703990e-01
-1.000000000000000000e+00
1.761765304474778304e-01
-9.593533106470872873e-01
-2.686854254436088496e-01
-1.000000000000000000e+00
6.216323254669206544e-02
1.000000000000000000e+00
6.044926336361300390e-02
6.914677187224761434e-01
5.836968709705478986e-01
-6.549080199973758565e-02
1.397837270099370754e-01
-2.011392059127374843e-01
-3.684894760747248199e-01
1.590258301728811607e-01
5.189698887400012728e-01
1.489284079281932016e-01
-2.225745932443447261e-01
5.288834858869693178e-01
-8.457105145157300941e-01
3.795964236016658999e-01
2.095831949878158573e-01
5.520861965035775420e-03
3.518879318409693369e-01
7.947001512950782054e-01
-3.441369661055444507e-01
1.539220918807720495e-01
-1.524810200989917819e-01
-6.255483947312262538e-01
4.771758052498468183e-01
-6.334229444866903425e-01
6.566790017538226554e-02
-5.684864895358336945e-01
-2.106987339032942719e-01
2.638174652624627470e-01
-3.854779680216339766e-01
3.104830366252548934e-01
-1.414174675776853907e-01
4.153382070170327789e-02
-2.298503051085796015e-02
7.905965967702310859e-01
3.980282882507544806e-01
-5.055784081615499748e-01
9.889367004102951331e-01
-2.883682705790548972e-01
3.968106212190524729e-01
2.897848418921294966e-01
-1.847823845538494603e-01
2.710417832610475530e-01
-4.279931123223478240e-01
-4.782718384084050367e-01
-9.103328051010876054e-01
-5.167720530080506247e-01
-2.292906226465624420e-01
5.947141789988090732e-01
2.718089567701177378e-01
-9.728001003370738697e-01
-3.660975506198369533e-01
4.171440471783443016e-01
6.924854285190124026e-01
1.000000000000000000e+00
7.831847876481812243e-01
-1.000000000000000000e+00
-7.332578247162802043e-01
5.201304762320355102e-02
1.594821709579649638e-01
-5.718724211416070791e-01
-2.340966273535300401e-01
-3.671393578679146841e-01
1.000000000000000000e+00
3.618383659759774607e-01
-8.580124055624811508e-01
6.517380858521317766e-01
3.569615500345844072e-01
-1.265419023137021592e-01
5.374384347091802905e-01
-3.928373278918898537e-01
7.190530992144954225e-02
-1.606919131527085876e-01
3.459536482090862508e-01
9.353801152710889966e-01
-4.143462973400395821e-01
-1.218519387909978435e-01
1.000000000000000000e+00
2.324025799339508314e-01
-4.979184196895863890e-01
-2.708403164870412105e-01
-1.000000000000000000e+00
-7.945449849810863885e-01
8.416906978788150084e-01
7.263144696607177764e-01
5.575177321347790649e-01
-5.248378784797285146e-01
1.789129445033045274e-01
-5.467260784164542503e-02
1.000000000000000000e+00
7.582590319145622315e-01
9.256673110971888607e-02
-1.687959984815766146e-01
6.843798713371685993e-01
2.928907856978653634e-01
-2.886576243920978557e-01
4.300007983304125481e-01
6.162668040389968072e-01
6.892618751496054630e-01
7.034846706416523210e-01
3.105820220616097860e-01
