-6.044237685621683259e-02
4.729193346325755165e-01
-2.265965680191530662e-01
-3.295196444399572933e-02
2.808037005287762899e-01
5.607276101872684659e-01
1.309368641309579528e-01
-4.677544962888254276e-01
-1.000000000000000000e+00
2.849088914343902434e-01
4.380585876501252307e-01
6.547753083100980032e-01
-3.067006999927313071e-02
4.393342704243350383e-01
4.816285430986226301e-01
-7.885192662271470754e-01
-3.402943529717241677e-01
3.658587785123131875e-01
4.595024031844379131e-01
1.148427279937459661e-01
3.515124736217817292e-01
-2.725220224574354533e-01
-4.980697168696727739e-01
6.786471074406639215e-01
-3.415738321217720586e-01
3.082294439972039224e-01
2.910802384176424118e-01
1.356900872355500387e-01
2.329728934168051879e-01
-3.979649640479638872e-01
5.670642212170529106e-01
-3.669221969970946629e-01
5.756978018326430746e-02
3.774934254855451532e-01
-1.332766616579263153e-02
3.575634419981034706e-01
-1.036403324562671230e-01
1.257121936427869902e-01
6.258572426987288329e-02
1.954421989674473559e-01
-8.784675793715700509e-01
-4.956652200141322684e-01
-3.896975323241042011e-01
-3.089101279831011904e-01
7.823794475288455841e-01
5.938877340651772530e-01
6.103153042796393146e-01
-1.000000000000000000e+00
1.740553569254588151e-01
-1.820507486975651013e-01
4.726093238778314998e-01
-3.729444665681695970e-01
-7.944342892726932170e-01
6.003121244101969345e-02
-1.236163334450263163e-02
-1.000000000000000000e+00
2.026065651030406478e-02
9.401308203157041632e-01
-4.063494233560605018e-01
6.919782815395524311e-01
-4.722148578457533996e-01
6.472885334843490046e-01
4.181308165904836782e-01
-2.820932744329013309e-01
6.514116498540349909e-01
-1.942338385101793352e-01
-2.075631670900073833e-01
5.670642212170529106e-01
9.852607119793216350e-02
4.561250509713448142e-01
-1.000000000000000000e+00
-1.751783040777638578e-01
1.887767429952416642e-01
2.712159449346752682e-01
-1.000000000000000000e+00
-1.284707076409805360e-01
5.540537132116266639e-01
5.724768143955833999e-01
-4.024246328840414555e-01
-1.000000000000000000e+00
-2.498839421000534078e-01
1.000000000000000000e+00
1.050286990364627110e-01
-4.950130934784027215e-01
1.413634036295653706e-01
2.478908514625582926e-01
2.973569414940767097e-01
-6.512966521701317735e-01
-9.859948621387315537e-02
-1.000000000000000000e+00
-2.140740175176092108e-01
5.788240965123840898e-01
8.011356256056809677e-01
1.427479113483124673e-01
1.482529171642841814e-01
6.074700859394466246e-01
4.590874442994301030e-01
-5.401954876700173491e-01
3.507623065337070467e-03
-1.000000000000000000e+00
-1.000000000000000000e+00
8.241806160316941243e-01
1.172880467551623562e-02
-1.000000000000000000e+00
1.186168183967244022e-01
-2.392758037386448766e-01
-1.484848488582026504e-01
2.660825509503476627e-01
3.135168344993096573e-02
2.846585248715833849e-01
1.111729200027971876e-01
2.278419168341971057e-01
4.145955166448523910e-01
-7.078008548494356678e-01
4.406082124319783966e-01
1.308846885735179266e-01
-1.000000000000000000e+00
4.529288156782530078e-02
-6.705671310589054190e-01
5.040291742811359166e-01
6.937794174691147564e-02
4.429849130012872838e-01
-1.126488845985271388e-02
-5.978428217611633233e-01
1.713925694362353758e-01
-7.791350289146296015e-01
4.917895997837766209e-01
-3.443038507786446156e-01
-5.346923752761876258e-01
-1.455644591559947520e-01
1.122699072548557359e-01
-1.980757929034305809e-01
-1.057838759909800197e-01
-3.099348698621082199e-02
4.138148799676372169e-02
1.000000000000000000e+00
-8.031037692934259731e-01
-1.000000000000000000e+00
-1.807132991627986018e-01
-8.806693509031809919e-02
5.173983771407706517e-02
9.762551718638727560e-02
1.000000000000000000e+00
6.732450951976394204e-01
-8.474648801537770781e-01
1.877704138432621794e-01
-5.164369113287916591e-01
6.386446682272011177e-01
5.615300327927967849e-01
-3.499905847632016620e-01
4.636011717686350231e-01
9.835400635107239831e-01
1.514236181520929592e-01
6.166243743311302650e-01
5.609901314295083763e-01
1.789213188473536276e-01
-8.388314545078900952e-01
4.513774581176360767e-01
4.366533450928742344e-01
7.545436085071512977e-01
3.952445613229707000e-01
-5.046953461970153931e-01
-2.417944117228040535e-01
-7.423635639368810768e-01
4.056113786029069690e-01
1.000000000000000000e+00
7.415324204044588807e-01
5.670642212170529106e-01
-9.204739134669372991e-01
1.842645077942743348e-01
-4.078293754528763970e-01
6.114174437399599871e-01
-8.195596815027609283e-01
-4.788037867179348317e-01
-1.715572056703824344e-01
2.172657895155456764e-02
5.634194250790257597e-01
3.443087808517689141e-01
-7.179099448651957149e-03
5.904845530941726928e-01
1.246669647434237027e-01
-3.071073442748791793e-01
5.179800393116062301e-02
-1.238550295675812374e-01
-1.000000000000000000e+00
-1.510859333477103383e-01
8.103508397644321182e-01
4.904881082314572760e-01
4.812891205693561325e-01
1.000000000000000000e+00
-7.799988441902516723e-01
-4.746430964720333434e-01
7.647739688944399372e-02
5.363109880456507633e-03
5.528425704604946755e-01
-1.521224142029578563e-02
3.139589143966066143e-01
-5.517502498889694795e-01
-6.234269798294197473e-01
7.658581291920091294e-01
4.601999659977221713e-01
5.285214701278679872e-01
2.731104187767776081e-01
1.000000000000000000e+00
2.086839454669417449e-01
-7.826717734142435434e-02
9.591902232417355567e-02
-3.955687391115502577e-02
7.240154586884633980e-01
-1.489290864094262312e-01
-6.554190432554015677e-01
-1.266075156830034909e-01
-3.055945791392816746e-03
3.472413538490327078e-01
-6.738108764217056734e-01
7.474612753776740393e-01
-8.622572441493703277e-01
-1.620333675995193345e-02
-5.677070610950200047e-01
-1.542646652232641802e-01
-7.108481810933789946e-01
-6.661399150725900997e-02
-4.719397263267006704e-01
-7.232239742831357843e-01
-4.723301152331730313e-01
5.142414756571913603e-01
1.404208778381443035e-01
4.349549062177560099e-01
4.791752859283645583e-01
1.558776662388940415e-01
-2.260352841935467372e-01
7.089167064590777834e-01
1.424602384296362045e-01
7.953935497816750910e-01
-3.642877346171623509e-01
-1.000000000000000000e+00
-4.855661211299978630e-01
7.512246144240050105e-01
5.766728843165030982e-01
2.201317703278124482e-02
3.866805056596315793e-01
-4.025349706168674380e-01
5.984894871155828078e-01
-9.299243584523455564e-01
-7.137666865782381631e-01
4.671365707951915525e-01
1.000000000000000000e+00
-2.561243199942449256e-02
-1.708888693162850525e-01
-1.548837983136728547e-01
-5.439702944465156786e-01
1.780946487938688538e-01
-3.858249129789084186e-01
8.143178792129051047e-01
-3.225277147297852531e-01
5.208092682688102437e-01
6.481482639667614232e-02
4.228836346463634710e-01
-2.757286212448439855e-02
-2.228705380734052888e-01
-2.628727185936413635e-01
-3.154403801567614019e-01
3.265553233231480723e-01
6.849338158160314105e-01
2.041280815356075196e-01
