
0 86.333109 1.8457 13.569023 -36.0
1 86.333109 27.976724 16.896028 34.6
2 87.180067 51.662444 27.468326 62.2
3 88.83115 68.489226 27.45028 62.2
4 88.83115 67.300772 28.562835 58.0
5 88.83115 66.592285 28.585634 58.0
6 87.446457 64.14738 29.195007 44.2
7 87.553064 69.857214 26.774864 47.8
8 87.133791 68.080939 28.028068 47.8
9 87.574936 67.032378 28.420661 46.6
10 87.773109 63.769906 35.55911 52.6
11 87.771587 68.496629 27.727715 52.6
12 87.654211 72.106531 25.691452 52.6
13 88.145396 66.943315 29.046175 49.0
14 88.493109 72.013667 25.806744 56.2
15 88.602494 68.6403 27.651345 46.6
16 89.156888 70.642449 26.036924 46.6
17 89.156888 65.079923 29.393147 50.2
18 89.156888 68.196101 27.651054 63.4
19 87.654211 66.037858 28.640165 46.6