
0 74.389304 0.116836 12.319822 -20.0
1 86.362486 31.744743 22.044217 34.6
2 89.036888 50.183032 27.245686 62.2
3 87.938704 69.314629 27.25428 46.6
4 86.678024 68.987891 27.229428 47.2
5 86.393109 68.138859 27.299877 47.8
6 89.658994 66.760128 28.786387 45.4
7 87.668528 65.82084 29.04069 50.2
8 87.124687 72.243023 25.746708 50.2
9 87.844687 67.705643 28.191593 39.4
10 89.632306 62.276132 35.88992 55.0
11 87.112798 66.198254 28.626499 43.0
12 89.170961 69.924453 27.257566 54.4
13 88.703176 71.920481 25.608646 55.0
14 88.628756 71.057762 26.364561 59.2
15 89.125413 73.147942 24.551555 54.4
16 89.182265 68.567419 27.663548 54.4
17 88.703176 61.803942 30.53516 59.2
18 89.170961 71.874144 25.766642 59.8
19 88.628756 63.874365 29.194829 55.0