
0 86.333109 0.663124 16.281124 34.6
1 87.352306 30.4633 25.316489 34.6
2 87.930027 47.12082 25.845707 56.2
3 90.085413 68.07746 26.956458 68.8
4 89.798263 65.891166 28.628369 67.0
5 88.530027 73.14408 24.25259 67.0
6 89.798263 63.706525 29.381095 67.0
7 88.590027 69.110369 27.884949 68.8
8 89.798263 68.682774 27.64697 67.0
9 89.798263 65.893622 29.621563 67.0
10 89.798263 67.284778 28.804826 55.6
11 89.798263 65.100288 33.685669 68.8
12 89.798263 68.814481 26.750865 64.0
13 90.085413 68.516492 26.926675 67.0
14 89.798263 65.552155 29.451786 68.8
15 90.085413 62.501709 30.031244 67.0
16 89.798263 70.206078 26.537012 67.0
17 90.085413 70.876515 25.732013 46.6
18 89.798263 69.213086 27.19496 50.2
19 90.085413 66.319197 28.778503 67.0