
0 84.08034 4.757435 17.697167 11.2
1 86.033109 30.938023 16.607121 34.6
2 86.333109 39.141826 20.635283 53.2
3 87.457132 57.730438 26.365045 35.2
4 88.462265 66.202539 28.285319 64.6
5 88.462265 71.92579 24.937758 56.2
6 88.462265 66.281083 29.073309 71.8
7 88.389011 70.085444 26.927613 61.6
8 90.198065 70.101059 26.819757 71.8
9 88.042265 65.892241 28.79877 71.8
10 89.072881 68.400066 27.083106 43.0
11 89.072881 66.831709 28.912263 62.8
12 89.072881 68.57841 27.542129 62.8
13 88.912306 66.825481 28.612439 52.6
14 88.821486 64.134563 29.848958 59.8
15 87.020798 67.791898 28.06255 35.8
16 88.661658 65.498048 29.260301 57.4
17 86.558916 67.216625 28.571461 57.4
18 87.604687 70.000753 26.683556 44.8
19 87.133791 64.061624 34.40622 38.2