
0 73.873913 1.21656 13.20717 -10.0
1 86.18034 32.836712 20.462387 34.6
2 86.333109 46.979392 26.573336 34.6
3 88.954016 70.542561 26.684923 49.0
4 90.081486 68.373894 27.569062 58.6
5 88.623661 69.465667 27.103707 72.4
6 90.081486 68.865295 27.428842 72.4
7 88.650912 69.455605 27.143689 72.4
8 89.382667 64.10198 29.343751 49.0
9 88.623661 58.364091 36.864758 72.4
10 90.081486 66.591387 28.507714 72.4
11 88.537963 65.798588 29.131248 48.4
12 89.601486 72.7547 24.187447 47.2
13 88.564687 66.672283 28.844828 46.6
14 87.352306 64.671188 29.3757 46.6
15 87.349276 68.490461 27.737504 50.8
16 87.183606 67.064588 28.326811 53.8
17 87.352306 67.278095 28.398224 42.4
18 87.167946 69.800157 26.505543 47.8
19 86.812306 59.779358 36.029022 42.4