
0 64.938666 1.912266 13.137674 -20.0
1 86.333109 27.969061 13.920448 34.6
2 86.583657 44.210185 25.341101 39.4
3 87.048786 66.539913 28.38578 55.6
4 90.273283 66.672545 33.639339 44.8
5 91.097119 68.927046 27.325783 35.8
6 91.097119 67.53821 28.715305 78.4
7 91.097119 70.313568 26.863385 70.6
8 89.782265 65.947638 29.480386 79.6
9 91.094109 68.514742 28.319311 51.4
10 88.042486 69.229884 26.927254 51.4
11 88.642557 66.364548 28.86015 69.4
12 90.021486 65.944959 29.146268 56.8
13 88.628144 69.393659 27.410354 71.8
14 88.628144 66.242022 29.114275 65.2
15 88.628144 66.360875 29.220488 56.8
16 90.021486 63.896398 34.878454 83.8
17 91.518289 69.296902 27.499449 83.8
18 91.458289 69.774743 27.203301 83.2
19 91.458289 70.08798 26.65568 65.8