
0 46.888488 2.660997 12.555291 -41.0
1 86.333109 27.097578 13.057796 35.2
2 86.678024 48.456327 26.662924 41.8
3 87.553064 61.119688 37.142544 34.6
4 89.675351 65.110402 29.100821 46.6
5 89.072685 72.047575 24.496448 46.0
6 89.072685 68.454426 27.459543 61.0
7 86.333109 70.004761 26.331065 34.6
8 87.604687 69.933163 26.513312 47.2
9 87.604687 64.066436 29.644305 72.4
10 88.529903 64.415053 29.752402 56.8
11 88.494717 70.488181 26.135314 65.8
12 88.738666 62.772389 30.709441 44.2
13 88.042486 67.068673 35.783508 44.2
14 88.042486 70.155492 26.967562 49.0
15 88.818994 66.475018 28.569893 55.0
16 88.818994 61.669586 30.708212 64.0
17 87.604687 69.61892 26.740301 64.0
18 88.065883 66.572954 28.820495 59.8
19 87.293913 66.298928 28.806671 43.0