-1.468733560683005979e-01
-1.000000000000000000e+00
-1.020765584954609340e-01
3.321498139271362726e-01
-7.409063420273326317e-01
2.368564820063291387e-01
1.670885896139813476e-01
-3.011021365957663454e-01
6.670141262995545883e-01
-7.002658242175409109e-01
-4.676460210174950838e-01
-4.062192551901744331e-02
-3.045234033090912784e-03
5.329109639718245806e-01
-8.539786717397110372e-02
2.987755693280321756e-01
1.370917186175838465e-01
-8.360889298543406900e-01
-1.192121900530243028e-01
3.074663452612036441e-01
-6.012435601904494303e-02
-6.126489285777702437e-02
-4.458935756163497910e-01
1.670061383985121939e-02
-5.954335860670854907e-02
-4.041432347368704159e-01
-5.113790791526739987e-01
-2.956653424344218850e-01
4.321679501781692245e-01
-8.012462994646873948e-01
-1.565288071535096415e-01
4.240019562567554079e-01
3.177894414916254684e-03
-3.555943568234567476e-01
-3.186813816930247345e-01
-5.574125801994204987e-02
-1.000000000000000000e+00
5.045132573824639977e-01
1.959399935424939732e-01
-1.000000000000000000e+00
-1.926909268542274789e-01
-2.160261340593953860e-01
2.170876523725867036e-01
-2.139434744284672840e-01
-4.907317990597097057e-01
7.613025914634780067e-01
3.415488222183070410e-02
1.000000000000000000e+00
6.915845174806831697e-01
-7.348389923074621910e-01
6.064779820759036433e-02
-4.340988672060087095e-01
5.957810407601087377e-01
-3.305615399967413714e-01
5.791920205862834958e-01
-8.950684796860566839e-02
-6.859613132200578223e-01
3.709194113281855110e-01
-1.000000000000000000e+00
8.096081079216080889e-01
4.421991982166641189e-02
2.046550717082627480e-01
-6.939637343061318131e-02
8.459037098001620514e-01
3.490191051175114412e-01
-8.301045205526857984e-01
3.080347268098000968e-01
5.953353744130840397e-02
-2.966850703390854216e-01
1.000000000000000000e+00
-3.354319684547907299e-01
-1.000000000000000000e+00
3.909827655433796845e-01
4.163742728477632937e-01
4.860868468541817977e-01
-5.401817300376360320e-01
3.243174853694762438e-01
6.841374040163372694e-01
-5.463590864977488915e-01
-2.733296924106988213e-01
-2.105343369436564194e-01
7.785774013027274565e-02
-3.712587993690592003e-01
2.128663638299722188e-02
7.747873599488540597e-01
1.108311453112014455e-01
9.482093627587916129e-03
-1.182031956046464549e-01
1.214829720992137013e-01
1.762143008191746074e-01
2.484461097089575299e-01
8.188646151968386189e-01
2.511490300124974984e-01
1.530724648221964967e-01
-7.972746303046555072e-01
-7.605601252597092854e-01
7.473334448472718217e-02
9.556248806331985035e-02
2.167331518617132136e-01
4.296527179438008881e-01
-1.188125546135363614e-01
4.478809757160981952e-01
-4.098472078438655242e-01
3.429370126337298319e-01
3.586853919425992965e-01
-1.153655185442248876e-01
1.194791615843429355e-01
4.107606021384446748e-01
3.303726883011735560e-01
1.865114027799148200e-01
6.465155446098834746e-01
-5.356863137891387794e-02
-1.445580672789736343e-01
-1.902129163469490347e-01
8.422825143955623428e-01
3.377829563414125325e-01
-5.299738732514540362e-03
-4.207093094626016549e-01
3.886821733573981863e-01
4.528205559265292002e-01
-4.725050966553592802e-01
1.000000000000000000e+00
-6.281672648354093003e-01
5.188261413140425882e-01
3.504977660983265020e-01
5.978797501990401608e-01
4.436908611620409837e-01
-4.999924130253272647e-01
-4.461494397396549849e-01
3.572621212753847586e-01
-1.711330062899319437e-01
-2.789079166518171893e-01
-5.884982998347389888e-02
-9.035685396812237480e-01
-9.951606508647321825e-02
-3.206992078137572699e-01
4.934602854623457158e-01
-3.914555024075784262e-01
-9.236737343370790554e-02
-5.634780614953105449e-02
6.835147249585550311e-01
-5.275237676110980933e-01
-8.050225092241807268e-01
9.493992777706732333e-01
-1.239158757717488124e-01
-1.000000000000000000e+00
-6.748421936814050781e-01
2.009188690522373533e-01
-1.817285716777199134e-01
1.462951506020251924e-01
-8.337269456164181358e-01
-1.779010426724773608e-01
-9.464196307686671972e-01
8.164605702874009330e-01
3.408044379171881189e-01
-7.678313082836235592e-02
-9.255006046878847537e-01
-4.841398683621854215e-01
-2.485395245214846727e-01
2.568773651283213777e-01
-6.408859359692026247e-01
8.113053652308359620e-01
-4.098387517560179161e-01
2.158377217280031679e-01
-1.742560230442238844e-01
-4.243680005467498906e-01
-4.005315904235320357e-01
-2.855427431420520107e-02
-1.130260788986111875e-01
2.178830831538892676e-01
9.079503862454624263e-01
-2.017026443604198471e-01
-8.615986214441672120e-01
-2.641396937307498027e-01
7.665599722113332071e-01
1.020824528489253091e-01
1.974183894720655252e-01
1.000000000000000000e+00
-4.905446026872168908e-01
2.497222683693725021e-01
-4.177322929482131242e-01
-1.233359471020860076e-01
-2.428401891591883688e-01
7.764902527410418864e-01
-3.674094799573816572e-01
2.316888591255380492e-01
-3.361333080946089513e-01
4.749720199357889139e-01
-2.908857280656937938e-01
-5.487231156269457844e-02
2.135164722439444329e-01
6.702753525601335971e-01
1.985797406939190379e-01
6.173192361434911568e-01
-2.489481321853400098e-01
-1.812636163800415146e-01
7.977311871376152608e-01
2.469541782466340984e-01
-1.000000000000000000e+00
-7.656420015614021635e-01
-4.400956212127205003e-01
4.807388385218847038e-01
7.159598313734404362e-01
-9.042264413330409756e-01
-8.285246347323083072e-03
-3.026190494350541882e-01
6.854631425648765042e-01
-4.745276611472645789e-01
-2.531674969704013067e-01
-6.426738213001048639e-01
-1.000000000000000000e+00
-1.270331806952658682e-01
3.921253307015474254e-01
-5.867223732267602410e-01
-7.476254723412104619e-01
-1.000000000000000000e+00
-2.710156957138576406e-02
-5.519444861365407906e-02
3.589646308582523648e-01
-1.000000000000000000e+00
-6.255641796510913455e-02
-1.205593314317882081e-03
3.397294797789204290e-01
5.010274489372000817e-01
-3.709737915213634496e-01
6.704210460583339692e-01
1.000000000000000000e+00
-1.000000000000000000e+00
1.490888073470020281e-01
8.916617640875031114e-02
-4.025991029737622240e-01
8.891772166825202550e-01
5.156919932589940636e-01
1.000000000000000000e+00
1.000000000000000000e+00
4.377835827049397777e-01
-5.007746506602088754e-01
6.912695499360678175e-01
3.092501379348680524e-01
-2.650793740302465062e-01
-3.714754393490895534e-01
-4.917047927189833745e-01
-2.476866656000607514e-01
5.732866813076880064e-01
3.452914683547787800e-02
-4.506660763940318337e-01
-3.658508861726504913e-01
-3.500222276218880602e-01
5.755219148045495059e-01
1.000000000000000000e+00
1.000000000000000000e+00
-3.549870677685625919e-01
-5.938057538265042457e-01
-8.388660660017803750e-01
-1.000000000000000000e+00
1.322797033377016984e-02
2.273599570999453590e-01
3.290307527612852945e-01
3.910683320663493889e-02
3.087742283813089128e-01
-2.495476994463770581e-01
-1.222931846413201212e-01
-5.891026869983972958e-01
4.400380977566734075e-01
5.974888529243083113e-01
