2.980252509922996507e-01
-5.857904805284745997e-01
-6.270586376450850707e-01
-7.193276107110072592e-01
2.056209556699185176e-02
6.688431918338405557e-01
-3.193422115054251331e-01
1.070396545626661582e-02
-2.883137691674779735e-01
-1.000000000000000000e+00
3.176822090735703652e-01
2.809983774796230294e-01
-7.329406292659138566e-01
-2.113566906874218276e-01
5.983929211771187306e-01
-2.003915021590319326e-02
-4.086062812632801355e-01
-4.045064013635820688e-01
2.751641010247310448e-01
-9.290290160141712050e-01
-1.000000000000000000e+00
-7.833415832441309457e-01
6.424788399488097212e-01
2.881297958629255307e-01
5.071602061943033535e-01
8.969760817488969806e-01
-1.751704453671001360e-01
2.099427534682381594e-02
-7.374040859763859174e-03
9.154192031055126133e-01
-8.985502943462162495e-01
-8.699405103278837204e-02
-9.639066356925651835e-01
-5.126040085971318022e-02
2.171027057119382098e-01
3.694901162240429304e-01
1.000000000000000000e+00
1.563013114030461365e-02
-3.000770216085810876e-02
-1.983712549648473933e-01
-2.909385454680455951e-01
-6.952249438220411415e-01
-4.478996667551282673e-01
1.013040715596923436e-01
6.450487729901135947e-02
-1.380894846256570663e-01
-2.281261446272304094e-01
8.871284390368450179e-01
3.052945311945530205e-01
1.070764505208781914e-01
9.618726540193657248e-01
-5.600451838090779733e-01
-1.060816072449091360e-02
-6.823176345322135017e-02
8.007936951066094156e-02
8.444558109703911297e-01
-2.514931730817211442e-01
2.350602701307022979e-01
1.195894291316933478e-01
-3.214999233468915363e-01
-8.960830419172458039e-02
1.000000000000000000e+00
5.313101867874874262e-01
5.840045951981712724e-01
-8.420022343657207475e-01
-2.003306136138750526e-01
5.106269665717749762e-01
6.684232414759321006e-02
-9.366349925506710639e-01
9.066510891687448170e-01
-8.784324600750096357e-01
-9.117129723204545066e-02
-2.038387137141894623e-01
7.276561508971476910e-03
8.070422075958290087e-01
-1.000000000000000000e+00
3.250104768711194470e-01
1.139310664288482322e-01
2.408364613085494654e-01
-6.287197089253273585e-01
-5.139995066349595243e-01
-1.646799297840506049e-01
1.000000000000000000e+00
-5.955818237365468892e-01
-7.571435235144552411e-02
9.793514081466034860e-01
6.942113542507345469e-01
-7.784082909366213388e-01
-9.527903980898946301e-01
-5.573261437360814592e-03
-9.075032323811689228e-01
5.784390708827652494e-01
1.000000000000000000e+00
-7.072104383981125952e-01
1.494864902633757098e-01
6.759434847109406785e-01
-1.656859649066673990e-01
7.385752296820761176e-01
6.146741687969992096e-01
9.130915463035836899e-01
3.990280909151405764e-02
9.271901181854933505e-01
4.931792311239845406e-01
1.807425529885291482e-01
-9.542851911359795380e-01
2.749708358141058628e-01
9.422573165752757829e-01
-2.198231455150457259e-01
-7.199780680442380287e-02
1.152059100167552447e-01
5.486075189076330960e-02
9.417691596624899741e-01
1.000000000000000000e+00
4.057279105942693809e-01
-9.392652351513848252e-01
-2.759779995385696627e-01
4.800394950288590090e-01
-1.394671174543702374e-01
6.052882769070282443e-01
1.138571640984885752e-01
-1.237498641265148552e-01
7.590301343633160808e-03
2.918383055857841635e-01
-2.366579599287908786e-01
-1.969824025817451252e-01
-7.974428106692387219e-01
-1.261763274771841026e-01
-1.000000000000000000e+00
3.260035121928988033e-01
1.659174239831682218e-01
-4.785072376363394553e-01
-3.367654123265588773e-01
1.000000000000000000e+00
1.000000000000000000e+00
1.889672571671387469e-01
-2.122039028494805135e-01
-4.779319585894453715e-01
4.564639794986996568e-01
-9.047847057417366390e-01
-6.384682545522180064e-01
-5.234451099121676387e-01
1.391848669928395510e-01
1.304323544635728194e-01
9.591621891409278511e-02
-2.786770187211586869e-01
4.870929773680877095e-01
6.879405440784829295e-01
1.737042432986516394e-01
4.781791133397584881e-01
2.669056162741348381e-01
3.692558968388136575e-01
-1.099516010049861880e-01
5.112417655887759871e-01
-9.841233123362924662e-01
1.052301252149834693e-01
-4.998058698202426653e-01
-6.604362322932799678e-01
3.299258829569922113e-01
1.858212914563502072e-01
-1.965510542192673848e-01
2.622136830477688196e-01
-4.052205414035314410e-03
2.464759246831925155e-01
9.017691448598922355e-01
2.379278442768675284e-01
-1.252712424657344559e-01
-2.374684203337925834e-02
9.786046145933675611e-01
1.651806909524771161e-01
-7.425519810791977871e-02
1.914202974779050104e-01
1.000000000000000000e+00
-4.989049220737656887e-02
5.726523114180647189e-01
-9.508971987707959261e-02
2.754239408678535450e-01
-8.900652313372667823e-01
-3.839529971295070898e-01
3.708901556832666091e-01
-9.160300618787546867e-01
9.704982510850077571e-01
-3.271524209069158196e-01
4.372915088038175496e-02
-4.873640186520303286e-02
4.580106889809473780e-01
8.021462700623016584e-02
4.126350964857295467e-01
1.039137028314083833e-01
1.535421767561415962e-01
4.609385732222367332e-02
-5.084937020641054628e-02
1.887582787189131528e-01
-1.449890962245595216e-01
2.227748239001617891e-01
-3.354759869430297414e-02
3.032804231328312672e-01
-9.034699687745999519e-01
7.554714137429168197e-01
8.216480323762946902e-01
-1.058269670616732994e-01
-9.533670572882637639e-01
3.546292918007729056e-01
-6.580442465770568183e-02
3.852212252403092729e-01
-5.537665142379311067e-01
-1.053635725427988848e-02
8.632968372995639683e-01
-1.000000000000000000e+00
-2.863992218182634941e-01
-9.461117304617124857e-01
-4.898111785246699323e-01
-3.365962851675710632e-01
1.000000000000000000e+00
9.823674988189491364e-01
2.095389355875015291e-01
-1.684074385315639799e-01
6.821931626929154113e-01
-9.238545393871256950e-01
9.176686675605588706e-01
-1.000000000000000000e+00
5.491869772054385618e-03
-1.450215641553892765e-01
-6.262035920969822866e-01
-3.155812978278729752e-01
9.167157542746511290e-01
1.381141156661698337e-02
-1.000000000000000000e+00
9.002561142932851146e-01
1.674726143491627184e-01
-2.496337208657536944e-01
-5.881320062296044315e-02
-9.602596819488060653e-01
-4.706562014352536627e-01
-6.361776778952452638e-01
2.487677863072160767e-01
4.558032471822539566e-01
6.212038774914114825e-01
6.765953555282260001e-02
-4.036798807139429512e-01
-2.757140370569920451e-01
-9.682903219436828079e-01
6.506047781246484529e-01
-2.214856022837884408e-01
2.546087613871792499e-01
-1.196252418328486722e-01
4.542534981819555395e-01
-4.951519902128000139e-02
5.159460471350054561e-02
7.535224108963749501e-01
-6.925738078928787012e-01
-4.782184114491610516e-01
-2.395314363873325691e-01
2.367325606701582152e-01
-9.123137115854026424e-01
-4.131038871734818430e-01
1.249270100679336637e-01
-9.930189397254884920e-01
5.344175882154821311e-01
-2.435192402816600543e-01
5.722571117692188958e-01
5.518630556602429627e-01
7.391567327403744114e-01
1.281688803236002150e-01
-1.876707816472378276e-01
-8.698761044812229892e-01
