-1.574720642518337432e-01
-1.741950555116358879e-01
-7.473124780254799537e-01
1.070405852830775273e-01
4.460517394510645772e-01
-2.300832266766066336e-01
1.693156062280939400e-01
8.927640281932869293e-01
9.198675070891532135e-01
-1.766607387946713681e-01
-4.299587415488596576e-01
6.705867568686845193e-01
5.300930365074599804e-01
3.451429093800105763e-01
1.000000000000000000e+00
8.750089497294486485e-01
-9.154004471395107978e-02
-7.398730898682461810e-01
-1.969136270736521754e-01
6.565976049010575633e-01
-4.672474851155865583e-01
3.560730315717610117e-01
-6.676487246061418857e-02
8.450874876370895183e-01
-8.861569285911954363e-01
-6.153812208884583690e-01
-2.075130633019438564e-01
-2.525809336957390849e-01
-1.621400616751360602e-01
-2.039677538006025026e-01
7.204118707799596066e-01
-2.664299139148570278e-02
-4.163479015412219764e-01
5.896187957028852650e-02
-5.184785257577531059e-01
-2.105529137668361583e-01
4.286630497302965082e-01
1.000000000000000000e+00
4.106647621017915362e-01
1.000000000000000000e+00
-1.284917998719738511e-02
-3.114439038457661457e-01
-6.927231081592428730e-01
2.955430307437588167e-01
3.732028893324355612e-01
-8.870397560100778955e-02
1.830429734898721683e-01
5.209012116047659902e-01
-2.641161673644215613e-01
8.782129484380525597e-02
5.618781856945458397e-01
2.502353497191165954e-01
-1.523789399826251667e-01
-1.000000000000000000e+00
-1.000000000000000000e+00
2.590607501435713278e-01
1.506199047458645079e-01
8.383899361140525475e-01
-3.718471440757781937e-02
-4.600202735337760584e-01
-3.583217574136148276e-01
9.833816490800237897e-01
2.725791325011893695e-01
-2.593088087490281746e-01
-6.061675186508022062e-01
-4.931244888563232620e-01
9.816973833571152053e-02
-9.455666964504411132e-01
-5.285938229470087402e-01
6.899862754609997761e-02
2.767504291056185894e-01
-1.707729656765992199e-01
-4.443448255272596237e-01
2.763831110449261885e-01
6.344220170063731568e-02
1.021948460616030618e-01
3.602357090073369239e-01
-1.000000000000000000e+00
3.688392527411445965e-01
-4.859449486312781841e-01
-4.244963465852841789e-01
9.241186658934456011e-01
4.403282331847634401e-01
-9.201060462797169270e-01
6.038071770930170112e-01
4.671036075258883646e-01
3.308920385518713259e-01
-1.895438900857794873e-01
2.776652255362073718e-01
-2.429203091168583017e-01
5.914003142560926296e-01
-1.884247407659948026e-01
5.754286514728119695e-01
-9.441252057070754766e-01
-8.830411628020104486e-02
4.523397479625153594e-01
-1.000000000000000000e+00
-6.291508162957675232e-01
-3.748067192758886002e-01
-3.069976129731243064e-02
2.757970151061403530e-01
-3.967902861338809539e-02
-8.238125101862467936e-01
-2.069752695900100026e-01
-6.600543180454475634e-01
-4.431473429620457205e-01
8.546332596264494263e-02
3.416880550913058423e-01
4.441169946677251956e-01
-6.152479804164434629e-01
2.125615567179867105e-01
6.311807363065607968e-02
-3.194967248818904038e-01
-1.647365763446224929e-02
9.102408533681798364e-01
7.494744521729108655e-01
9.242736975021960399e-03
-2.143390939278468632e-01
1.928626793612144841e-01
-2.926275559916177715e-01
8.476778647862858174e-01
4.184044200192811314e-01
9.102112364623861362e-02
-7.640104798265678898e-01
1.983361424692717256e-01
4.886748318127190904e-01
5.693900436522670860e-01
-7.519717380422492881e-02
-4.331191841202004095e-02
6.178013941242144202e-01
6.789061449008600979e-01
1.000000000000000000e+00
5.450788359240346104e-01
8.929045159081387961e-01
-2.409158365600145846e-01
-1.601297255154979227e-02
5.580093107279724546e-02
-9.241673474180531755e-01
6.388753635162235101e-02
3.505344963413719039e-01
1.000000000000000000e+00
-9.018252301510364388e-01
3.557994095290493153e-01
-8.722962664909438002e-02
5.481653620756073986e-01
7.320086720959731452e-02
1.190289124821583902e-02
1.017205763733859403e-01
2.388710130499511197e-01
1.374155997844879462e-01
8.311098107483332054e-02
-8.599132659480409613e-01
2.892835775687826461e-01
-5.230599569479748023e-01
-7.267980103378611778e-01
-5.738794409957619358e-01
-1.333828721964422370e-01
-9.359162981836850470e-01
-8.649147882390766373e-01
-1.079051256096922595e-01
3.586941867882321722e-01
3.952999090498736101e-01
8.243138137993358261e-02
-2.618516331864415014e-01
-1.000000000000000000e+00
-1.570331298553789834e-01
1.776631334697286180e-01
-9.212848239031418140e-01
-9.144321902769929622e-01
9.006362912832807099e-01
-1.378174749314790837e-02
-2.840278126143706006e-01
1.000000000000000000e+00
-1.724998687566924871e-01
-1.400070773327996843e-01
3.973634016802793933e-01
-8.048424087443217800e-02
-3.098919628018691474e-01
-2.068168940667229616e-01
3.039627882197827313e-01
-2.394994906786901967e-01
4.740989321451929972e-02
1.603717838844174182e-01
-2.230831545428965113e-01
-3.779620414190663913e-02
-1.000000000000000000e+00
1.944942440381038362e-01
2.595567370960870091e-01
-6.831557341591103505e-01
4.709613256781249313e-01
-5.095087953551095117e-01
-5.080848469984582394e-01
-9.062064790168708472e-02
2.320331405686849868e-01
1.595621013418127843e-01
6.466485660183840523e-01
6.317655503965384778e-01
-1.299525937662869279e-01
2.255211479766433269e-01
4.944645403553915020e-01
9.071427968558995469e-02
2.641800462255944337e-01
5.727169514613502689e-03
-6.287725396660809318e-01
-2.803749549380448181e-01
7.417114066974841990e-02
2.603422225289806630e-02
-2.239106251974081196e-01
9.191185940878967564e-01
-7.061774648567095136e-01
-1.000000000000000000e+00
-5.565125054623351053e-01
-4.448812355075081881e-01
6.218941909704226445e-01
-1.051149740820133127e-01
-1.471701170710734349e-02
-8.326652619776855335e-01
3.878604168338708469e-01
3.651660688653614040e-01
-7.878071247328516380e-01
-4.450930015405056839e-01
1.520819965480512403e-01
3.121114740742853555e-01
-5.376111572291655261e-01
-9.253950071448125980e-01
-5.861665673730369619e-01
-9.566098333070461868e-01
3.549198115555859401e-01
-2.201481183740172931e-01
-4.869213010889824056e-01
-3.975289342889999911e-01
-1.000000000000000000e+00
-1.000000000000000000e+00
-1.000000000000000000e+00
-9.499579537481734892e-01
-4.125546502779228186e-01
-2.591672468824052222e-02
-4.786974701714368785e-01
5.549201013934721427e-01
-5.804205057900877485e-01
-3.939293884271742874e-01
-4.673572871089914371e-01
7.196353188155266145e-02
2.258668500632753651e-01
-2.363058355245865050e-01
-3.258681144167969168e-01
-1.815886305559304137e-01
-9.086837656152982334e-02
4.348882943387364364e-01
-8.801098583452920954e-01
-6.198388972749561965e-02
1.985485426142660770e-01
-6.140119604273343024e-01
-2.966511035479258984e-01
3.582946884912766028e-01
-1.454473246767680472e-04
1.000000000000000000e+00
-1.833249184440595703e-01
-2.624102043855854327e-01
6.125451162190128501e-02
-1.162898078611380726e-01
-7.572431876431155728e-02
7.458486168156772678e-01
1.000000000000000000e+00
-1.075427781342047084e-01
