
0 57.176954 -1.933585 9.49876 -10.0
1 66.200907 18.599879 14.076703 -10.0
2 74.90643 26.992866 18.0674 -14.0
3 66.094638 28.220794 17.899264 -10.0
4 66.29289 27.254652 16.119622 -20.0
5 57.601837 28.782192 16.89822 -20.0
6 66.168118 26.576171 20.845081 -30.0
7 75.747727 30.274326 17.88082 -12.0
8 75.16227 32.424494 18.333897 -10.0
9 75.091917 29.64233 18.05492 -20.0
10 75.16227 30.755304 18.374886 0.0
11 75.091917 30.207174 17.582014 0.0
12 57.721885 27.942356 16.317096 -10.0
13 57.601837 27.397512 16.421979 0.0
14 75.16227 28.235207 17.308878 -30.0
15 75.16227 30.450241 18.225137 -20.0
16 75.16227 23.670293 18.850872 -10.0
17 57.732142 27.450775 16.957761 -30.0
18 57.950144 29.256916 17.644676 -20.0
19 66.225448 28.365951 16.611157 -20.0