3.807297979248948083e-01
-2.085738201966276795e-01
-9.063001260730886299e-01
-5.539600117202472251e-01
4.755839565569115468e-01
-8.561256464124339383e-01
-8.109726536440643452e-01
-6.307243874448231757e-01
-1.204748894196266962e-02
9.162578590937973111e-01
1.009295627078035489e-02
9.582777121099184114e-02
-6.314553587982737470e-01
-4.508498211293016783e-02
-6.529348586838842200e-03
-9.238030572897684145e-01
-6.342401003208754107e-01
-8.407837999971561338e-01
-1.806927292952972830e-02
-3.716274964249268176e-01
-1.000000000000000000e+00
-1.000000000000000000e+00
-5.449926015507230437e-01
-1.769300155906253225e-01
1.000000000000000000e+00
-6.044191157874354570e-01
7.293340822461626960e-01
-3.844955968576972416e-01
7.120170591493663048e-01
-7.035867840979337373e-01
5.597723002887662336e-01
-6.158944561694938979e-01
2.337438638028147692e-02
4.785172144362127566e-01
6.978337078098780788e-01
-2.165067196015827700e-01
-4.845889625627400332e-01
-9.530965781147647808e-01
-3.607790007097302354e-01
3.069617967228908673e-01
-1.000000000000000000e+00
1.000000000000000000e+00
8.240513387634291753e-01
-4.071563023834675055e-01
-6.281946313725632614e-01
7.593014454183195650e-01
2.663342875688378686e-01
2.677752490101960592e-01
7.215910981962493365e-01
8.894491213750808090e-01
5.472996381858445947e-01
1.849887697436170264e-01
-3.875301931878371575e-01
1.796554787007446363e-01
-4.667804908645392659e-01
3.213506989926696589e-01
4.606497261589135306e-01
-8.432258798795995158e-01
8.758257067629604542e-01
4.678208510422314226e-01
-3.887802689290104086e-02
-1.000000000000000000e+00
7.492817272777015924e-01
-1.338465710186467483e-01
3.354418926350279384e-01
-4.848773902034669847e-01
4.058314146881038531e-01
6.852067667285965946e-02
1.396684214748999953e-02
7.836430070338630260e-01
7.762362084251128724e-02
-1.000000000000000000e+00
1.009833074295360400e-01
1.000000000000000000e+00
2.306900791072472590e-01
7.392908248654170844e-01
2.609307406455997902e-01
1.577124560551071975e-01
-3.402704648471602811e-01
-8.669901344052168835e-01
-6.419986260718731907e-01
3.975462216064198917e-01
-1.000000000000000000e+00
1.000000000000000000e+00
-6.183635431837597451e-01
-5.010443397669313986e-02
-1.000000000000000000e+00
-5.045050797277334138e-03
5.351104333410673375e-01
-7.043323581387681553e-01
8.914431490047245443e-01
-8.047960373225527819e-01
9.470843591796375138e-01
9.976128617615054317e-01
6.280826869870452800e-01
-3.199287272991270248e-01
-2.231959293886196655e-02
-2.778659108816373680e-01
-6.477552829480904828e-01
9.004267752332989483e-01
-1.379491388690312625e-02
4.028375570124750199e-03
4.828556809368917402e-01
5.576277389706003618e-01
-1.198077292723612325e-01
-8.134634280140633500e-01
2.346567039989468917e-01
-1.000000000000000000e+00
1.000000000000000000e+00
-1.300072445468083149e-01
-4.847643565084351902e-01
-5.353982065315237016e-01
-2.099118228739046965e-01
3.283997432185744580e-01
1.000000000000000000e+00
7.924911269071395203e-01
-6.415160798554064847e-02
6.828508705489788611e-01
5.298911852129483124e-01
4.325629289651742870e-01
-3.105763142556722811e-01
4.586910527428445655e-02
2.203046235710634515e-02
1.171762515974746621e-01
-3.201718797437464459e-01
-4.565508448863139224e-01
4.591130046184154212e-01
-8.454679219327507766e-01
-2.966973925740560292e-01
3.224018948274695040e-01
4.925934645020103586e-01
-3.884915397370325985e-01
2.742621327678231857e-01
6.540069971075004318e-01
2.302488303844114348e-01
-2.910779193570571244e-01
1.000000000000000000e+00
7.081359564036215914e-03
4.812647457463549716e-01
-9.322099716396614610e-01
-2.126915353300353195e-01
-3.827628625482485947e-01
-8.932255477086918916e-01
-6.631399177153313174e-01
4.661967691274842562e-01
1.000000000000000000e+00
-9.589401181311144051e-02
-3.411892071846174268e-01
-1.000000000000000000e+00
-4.572558486124474186e-02
-2.661600963204254211e-01
-2.094313607483965223e-01
5.849434734450789097e-01
8.913434748611265279e-01
-4.308276467064669490e-01
-4.571404117087904950e-01
3.538934303406350845e-01
5.644318806177146125e-02
-8.662074758111806272e-01
-7.462789990300615350e-02
8.524246070712523382e-01
9.149077994005634373e-01
-6.715541019598973982e-01
-2.236599233840367296e-01
5.484167632982617224e-02
9.844228688672128635e-01
1.890797698436452456e-01
7.472672391272565662e-01
7.007812244761070231e-01
3.074570578162577617e-01
7.370213478919962480e-01
1.082928426065697669e-02
1.371098009699138198e-01
5.107537760433132901e-01
5.709943413061121520e-01
-1.071086038849213551e-01
-5.162303180708739392e-01
9.576372933192922599e-02
1.252765677935445132e-01
-5.261513059270900294e-01
-7.153380050800535184e-01
-8.112848375950308943e-01
-9.651072827007816102e-01
-2.972106618333101857e-01
4.516481859819726496e-01
-1.832831897219173722e-01
-3.198282768980356128e-01
3.809946954566602040e-01
5.455906792333939936e-01
-7.477044682525479935e-01
-6.662878883810271491e-01
-8.991996135478094176e-01
-7.516216387659365727e-01
6.434940070397308087e-01
4.091978045769734673e-01
1.635004599043246021e-01
2.076521281933639551e-01
-7.698605914011751317e-01
-2.518904160972703088e-01
8.587741689040159221e-01
1.000000000000000000e+00
6.569985193596059592e-01
7.335323119060670471e-01
1.994515615254477403e-01
-1.000000000000000000e+00
-1.567965076318494355e-01
1.141721475285055187e-01
9.978392618261830438e-02
-1.000000000000000000e+00
-2.271003493875031476e-01
1.621292941631160001e-01
-6.066898563864840943e-01
4.727445258577266940e-01
-1.342514865576847904e-01
1.000000000000000000e+00
-5.772810721314163285e-01
-9.865291455728756320e-01
7.924919194864040728e-01
8.268591580206423597e-01
5.261735754262296672e-01
-5.979242407827168870e-01
-2.892791732995838791e-02
6.957717337087566678e-01
-7.919119544678596134e-02
6.190371659148955485e-01
-1.000000000000000000e+00
-5.430804923887541102e-01
2.879894490279036878e-01
-2.451295376911665214e-01
8.760737105055703688e-01
-2.105654409328858861e-02
-6.671023231947789123e-01
-5.607638074063546751e-01
6.816188872588548886e-01
-8.759842654912450843e-01
-7.011590250684678338e-01
6.535927470743713164e-01
5.189443157923467886e-02
9.322682933241025482e-01
9.396142647189715813e-01
3.269500427423847611e-01
-1.000000000000000000e+00
-4.942043583965267661e-01
1.600816527951897938e-01
-6.401150516348819153e-01
3.318973908483549562e-01
-9.441702498063619942e-01
-7.964666111279526950e-01
7.732437120436099764e-01
-4.139173933836169383e-01
-1.585782693789677955e-01
4.347703703817270560e-01
4.695683683150594367e-01
7.718047207878621085e-01
5.568763326517873757e-01
-6.994925659432454923e-01
5.206175424174430688e-02
-9.624000675351039591e-02
-7.375817295737985280e-02
8.253560071757995997e-01
4.003457481319604994e-01
-1.020837225466396034e-02
4.976747914502931414e-01
9.908621612100823595e-02
9.554018155260378675e-01
