-4.728536648165721501e-01
-9.314376275622944235e-01
4.590107431355236467e-02
2.592879280422535904e-01
-8.562423870680968552e-02
-3.268854439137591772e-02
-4.581175297435947646e-01
-1.000000000000000000e+00
-2.726063083821024802e-01
-1.000000000000000000e+00
-8.850224807510691516e-01
-9.524208249646454183e-01
-9.077304472096385801e-01
5.342898829284483675e-01
-8.937767418283348864e-01
-1.000000000000000000e+00
9.705241474243351263e-01
-9.646334390674767834e-01
4.550682655873279359e-01
4.877630264136151306e-01
3.283437704631999576e-01
-7.303667709702382771e-02
-9.682045264950537300e-01
2.425999872078767883e-01
-4.073824919611004347e-01
-1.000000000000000000e+00
-2.312033016693715651e-03
-8.731336030149868810e-01
3.542330495495186748e-01
-8.236057321648031226e-02
1.000000000000000000e+00
-4.250868885537427144e-01
-3.983869584984484069e-01
-4.434175433449161208e-01
-9.901335055926715478e-01
2.773250052180432634e-01
-3.547503382411176798e-02
-8.877326524848696554e-01
-9.631903646987547418e-01
1.000000000000000000e+00
-2.199297665505515753e-01
1.680824930079796720e-01
1.524194232166452556e-01
9.281144680184514467e-03
1.000000000000000000e+00
9.505273329092051027e-01
3.713581092534020134e-01
5.738301625304912390e-01
5.888428345130732877e-01
-9.646293088578491437e-01
1.839090927758188498e-02
2.379319571187813454e-01
-1.585730273466100515e-01
9.770456104987992330e-01
-8.914171641443369154e-01
2.144518617142458228e-01
-7.640973951124251373e-01
9.659718189901967955e-01
1.000000000000000000e+00
-1.218785561595115557e-01
-5.860410512961945484e-01
1.966406588258028387e-01
-4.967341989580512651e-01
-8.110930395307727192e-01
-1.388948718825581685e-01
2.587058431211660126e-01
-1.560083326233825118e-01
-1.000000000000000000e+00
5.606016380145859568e-01
3.659000907080900422e-01
9.234096908563352857e-01
-2.833058251673980510e-01
5.143316205019249354e-01
-9.574607360061504480e-01
1.414998974195453077e-02
1.000000000000000000e+00
-3.102531991908473730e-01
-4.519208970792254476e-01
5.498160507586795642e-01
2.744950482386661061e-01
-8.771234182467692042e-01
-8.880008514409931664e-02
4.102320757602422874e-01
3.830733007804500434e-01
1.000000000000000000e+00
8.490740777844539844e-01
-1.000000000000000000e+00
-9.636864860812197620e-01
2.984976972482211721e-01
4.020656292662900255e-01
6.784346226898414489e-01
1.000000000000000000e+00
-1.000000000000000000e+00
-5.050525538378959345e-01
9.842013600769964343e-01
-4.002449072153138054e-01
2.907114379832359541e-01
-6.167110523555537072e-02
1.000000000000000000e+00
4.865596061560976682e-01
-6.323624483555887466e-01
-3.578047211183230658e-01
-4.900177614771423218e-01
-3.518418655876560108e-01
6.006985918189537976e-01
-4.596369354154114517e-02
-1.000000000000000000e+00
6.034962206082053471e-02
-5.154298837053105098e-01
1.000000000000000000e+00
9.534932978224818223e-01
1.505484428004028874e-01
-8.435972302402038325e-01
-4.370836744688553210e-01
2.590892718740560041e-01
3.915473376640869058e-02
2.627572648359459140e-01
-3.265958265938559979e-01
2.067795930552359662e-01
9.632326800054772376e-01
1.497222801383400193e-01
6.288944365164605976e-02
-4.312930539876774771e-01
4.193786449405232514e-02
7.279901771868746430e-01
-5.043731736849866865e-01
1.450758546513082267e-02
-4.552436749339511812e-01
1.256043903659784799e-01
5.543729011782210225e-01
1.000000000000000000e+00
1.106744624348547784e-01
-6.334337807111147800e-01
-5.389228003561685743e-02
-5.259489830626240536e-01
3.982853877779676255e-01
3.721355100495483126e-01
-9.661669333093669820e-01
-9.607570928389443932e-01
5.315941006497382215e-01
-8.684387826670570965e-01
-9.746147146661827687e-01
2.412434732691788042e-01
1.722577873878930188e-01
1.230734045270066440e-01
9.082255248610335840e-01
-3.977258914959538177e-02
-1.036949496999520215e-02
1.000000000000000000e+00
1.000000000000000000e+00
3.436865966422725238e-01
9.777936537724826183e-01
-9.432121221633077424e-01
-1.277173740881367148e-01
-4.688455486229554103e-01
-3.195171018488346393e-01
-2.283798311643661372e-01
6.657839958593222418e-01
-4.365647642403879258e-01
-2.222018402813577542e-01
-2.803235711043600698e-01
9.660946545362837368e-01
2.126381502123443901e-01
8.590375035908963675e-01
2.623873640540922217e-02
-8.738007535446438157e-01
1.000000000000000000e+00
9.705213620856485424e-01
1.000000000000000000e+00
9.083465248190536467e-01
6.625080663868200270e-01
-1.000000000000000000e+00
-9.684094493344472809e-01
2.655135824527942723e-01
-7.026292620897055530e-01
-2.359942553919232300e-02
1.000000000000000000e+00
6.186761076881510668e-01
1.000000000000000000e+00
-1.795845625161290315e-01
4.205986800348336385e-01
1.000000000000000000e+00
-9.700596502218338246e-01
-8.516702639135832476e-01
1.827296989077787093e-01
-8.699771850902000558e-01
9.155959282295765833e-01
9.570904580792493066e-01
-1.000000000000000000e+00
-8.238307712899394231e-01
1.262865571515887908e-01
9.740216453767589488e-01
8.766679230907502562e-01
8.054486411626223807e-01
3.205188501002048662e-01
-4.786492589348669280e-01
6.467055370876056974e-01
9.592862543500155770e-01
-8.701260103878513674e-02
-1.465567642254239911e-01
-4.963486863102491431e-01
-6.204175112505283529e-02
-7.617462488449956437e-01
-4.928488074695303034e-02
2.183344901827145301e-01
-5.028226076501479680e-01
-4.995412675290114568e-01
-9.305966381679569022e-01
1.585855420856298603e-01
-3.985319361145552297e-01
-1.520394447326134935e-01
-3.218232698981861040e-01
7.191309103097593969e-01
3.765029857941912805e-01
-9.558113171033175703e-01
-6.374148780375605838e-01
3.789501201035017086e-01
-9.440479222310390606e-01
2.036844312619062181e-01
7.883870131510810619e-01
-1.000000000000000000e+00
-9.637596684149930537e-01
-2.383522664101078437e-01
9.436810471960747071e-01
5.590477222040647343e-01
-3.299542296769522598e-01
-6.301592274989414877e-02
9.196949849696285373e-01
9.498134237069014718e-01
1.000000000000000000e+00
1.767847731081819140e-01
6.744844556765547949e-01
-9.691584259581361716e-01
4.179123195770237387e-01
9.719735026511356901e-01
6.027704783640720487e-01
-5.971356248123721455e-01
9.560769827440166457e-01
1.715532574574330504e-01
8.535964939426025078e-01
6.002971297710223419e-01
6.356090866329462408e-01
9.637149681096062181e-01
1.000000000000000000e+00
-1.000000000000000000e+00
-1.804088607382247356e-01
-2.987932150756678618e-01
1.054941041185532696e-01
-6.480047967991349189e-01
-1.000000000000000000e+00
-6.066349966802322413e-01
-2.698453279801635851e-01
-7.067923646262270765e-01
6.762518945276742022e-01
8.787396109769776142e-01
-3.699949162323832863e-01
-3.545255220355577469e-02
3.407594829492832655e-02
3.638664327713536650e-01
-1.529447662220263793e-02
-7.200539476773840097e-02
-1.000000000000000000e+00
-6.784051578564167517e-01
-1.007757743698051156e-01
-9.392871736616197342e-01
