-2.547435107477952210e-01
-2.052524065021616995e-01
-1.693300041376919474e-01
-8.953697903165238614e-01
-5.186794918071861993e-01
1.845235816523748129e-01
8.560909300781432973e-02
4.720996579484550981e-01
-2.213921673505883370e-01
4.428360993602900031e-01
-1.166036684055782591e-01
7.053691218056887813e-01
1.810687480078076450e-01
-6.145295826860923682e-01
3.156451866443257814e-01
-1.000000000000000000e+00
1.000000000000000000e+00
7.696507143990664046e-01
2.305419464299624799e-01
-1.030246513783700385e-01
-6.922507160833075712e-01
1.653361864840607875e-01
-6.748393405983016402e-01
-1.860185612205119132e-01
2.372720369946784424e-01
1.665993143143470745e-01
4.142125416335987742e-01
-1.440390655125871611e-01
-6.457476047471433223e-01
-2.831644951962999923e-01
4.050869654854214463e-01
-2.194368470715566954e-01
8.394262060495688571e-01
7.667153267566101382e-02
-4.140214005723119595e-01
1.000000000000000000e+00
-5.784674877454833997e-01
-5.956442589018815514e-01
-3.400120424857355217e-01
1.212422529573292523e-01
-5.065227387656301428e-01
1.729718369751092055e-01
1.000000000000000000e+00
3.002513379108990299e-01
4.402381077487623751e-01
-2.697259341563323920e-01
3.435770475517296862e-02
8.995061390116281252e-01
-2.435845927464802552e-01
3.952488351633206554e-01
2.931352540909759608e-01
-2.587471064897219897e-01
2.408203314694967734e-02
-9.954560946867697657e-01
1.513692186684285623e-01
-7.002949754029887952e-01
2.417827970591132081e-01
3.605527076894390337e-01
-3.290165143119292979e-01
-8.133481717330820482e-02
-1.000000000000000000e+00
-1.250969233424337468e-01
4.190808744668706454e-01
-1.257172996300134626e-01
1.443254452165206037e-01
1.367240200930141258e-01
1.051724572678466307e-01
-2.654734461589160488e-01
-4.076446754925593940e-01
1.088985369140767212e-01
1.592341005243907981e-01
-2.932978939708164590e-01
2.729042097777645282e-02
-2.121132261062050883e-01
-5.083590257507357435e-02
7.675493070505208237e-01
1.545211915357533050e-01
-2.689095515450634633e-02
5.215240348951030169e-01
-4.601451781879174474e-01
1.060754612412602438e-01
1.128503451317500600e-01
3.159319794048378455e-02
6.108426827505337720e-01
4.773227642222681588e-01
-2.673073956514282479e-03
-9.047715709612450530e-01
2.474824605397380473e-01
7.286111289761555421e-01
-1.994249764425568838e-01
-6.555496314881743558e-01
-7.222333826014741831e-01
3.007784282547385502e-01
5.225980549692541555e-01
-2.899483899986781132e-01
-2.512967731743008803e-01
6.737661613776694258e-01
1.000000000000000000e+00
-8.311211658078671016e-01
-7.021210521121155901e-02
-1.396734184976546889e-01
-3.846284286104432182e-01
2.973303539993821243e-01
3.837350142541832154e-01
3.528763338276161288e-01
2.235250391793573710e-02
2.157178774280457956e-01
1.490070316545910045e-01
-5.710728810829815982e-01
-1.106339034635185348e-01
1.024353833778841039e-01
4.998142025174792114e-01
3.376828027029508683e-01
-5.010555633794199631e-02
2.986194390546695887e-01
1.000000000000000000e+00
-2.706905280659780977e-01
8.670888903055831709e-02
4.079778705608950173e-01
-3.377541693176400739e-01
-3.443037453367057132e-01
-2.037646073937059432e-01
-4.629657556800694795e-01
-2.332805253070871498e-02
1.451262490352726864e-02
-7.821104637938210979e-01
-8.024487709255433143e-02
5.177198843229458003e-01
1.072568643094758412e-01
-5.399885497557129765e-01
-2.124288196175175836e-01
1.735617453824276901e-01
-6.133391076242285245e-02
-3.365298713490565419e-01
2.492021383633511999e-01
-6.279997165450102239e-03
1.396613302233063181e-01
-1.314120713098969606e-01
-5.138680013594174034e-02
-1.258380627877702385e-01
1.000000000000000000e+00
5.100855995362024720e-01
7.072217073974013113e-01
7.596538525709904954e-01
5.331744932452904262e-01
1.880058094228889420e-01
3.919607438292287416e-01
-1.667442804190494288e-01
4.969106094660187267e-01
6.605613412865880552e-01
-1.735371011183802215e-01
7.033481190101504854e-01
-8.233962147079693095e-02
-2.706206640725122847e-01
-2.593504264289403505e-01
-2.077113178360215362e-02
-5.254748750426272430e-01
1.000000000000000000e+00
-1.686482873585837816e-01
1.512267991888666951e-01
1.335411050946593292e-01
-2.485839582582612950e-01
-2.788552766821115747e-01
4.872457288762234162e-01
2.097076822065712109e-01
6.368447330632798220e-01
-5.461043935621442968e-02
-1.000000000000000000e+00
5.177960384105406710e-01
6.249176367107484031e-01
-7.954832414804580143e-01
6.162434940727508081e-01
-2.390138872797934466e-01
-1.460595140326905600e-02
4.829269189365176240e-01
3.963419727414141391e-02
7.655512420518761907e-02
3.894582344530519435e-01
3.441440433828177881e-01
-5.128785967811322344e-01
1.297178162032938953e-01
-1.638858195251227667e-01
-1.501522348114087968e-01
-7.449354026899308590e-01
9.507205173725541414e-02
-7.660985028222615512e-01
-1.000000000000000000e+00
3.626771325426432491e-02
1.038814855896008360e-01
-2.799939332844850887e-02
-7.447241571846639763e-02
-1.000000000000000000e+00
-1.000000000000000000e+00
3.067004530766972437e-01
3.236998811684730915e-01
-6.869528017497753547e-01
6.146320545341178720e-02
-3.886789297989666214e-01
2.799682808684542668e-01
-4.575956569542579677e-01
5.475531069725952937e-01
2.098095788747150747e-01
5.111851436294691069e-03
1.087127114898029379e-01
1.000000000000000000e+00
-1.785959598558784223e-01
3.509175111920140866e-01
1.014443819217544090e-02
2.245549117327679534e-01
2.650204224536450992e-01
2.815075575325377555e-01
-5.339293796297307493e-01
4.346368166108401376e-01
4.330576156889903161e-01
-7.788052830058941889e-02
2.328865297038788529e-01
-1.000000000000000000e+00
1.621153369682703516e-01
1.252425107224135470e-01
4.234345280613454054e-01
-4.797592208645995449e-02
1.121098570546669587e-01
7.800737482067813255e-01
5.461757797436281869e-01
5.557033126894861397e-01
-5.261708696710961641e-01
-4.575120173177337213e-01
8.617299577231822827e-01
-4.381646869137122424e-01
9.019978530177907849e-01
-1.000000000000000000e+00
-1.000000000000000000e+00
-6.015869928885142492e-01
-5.211031764346958362e-01
3.898238141734008400e-01
3.542611942927688107e-01
-1.920122290210493632e-02
-1.000000000000000000e+00
-4.222144921450465826e-01
-9.913129654888170883e-01
-1.565760911705455505e-01
2.771843151909393899e-01
-1.762654837927040141e-01
-3.630580867968891123e-01
-5.966842446121102261e-01
-2.175074992134931606e-01
-3.172849677868349594e-01
4.036186122090690276e-01
6.696913063131518240e-02
3.939961805546507434e-01
-2.930155439578526200e-01
2.523357238375217304e-01
1.472059309777541403e-01
6.145432999710964683e-01
-5.602629518221972915e-02
1.000000000000000000e+00
-2.093193797622934227e-01
-5.523192052755425685e-01
-2.365271248980472529e-01
7.447304138245712801e-01
-6.044362732295778251e-01
-9.533586231605693795e-02
-4.908585933724206318e-02
4.334038816336483468e-01
8.481303260733770166e-01
