
0 75.206986 3.815444 19.4103 -10.0
1 75.206986 41.040438 20.158424 -10.0
2 90.571054 47.987019 21.863125 18.0
3 88.933532 53.780663 20.738196 48.0
4 88.933532 60.157379 18.69338 48.0
5 88.933532 56.441096 20.853803 40.0
6 88.933532 58.925321 20.985732 48.0
7 88.933532 58.066523 21.498777 32.0
8 90.297367 65.297477 19.427057 44.0
9 90.844163 59.153147 21.451128 48.0
10 88.933532 65.285798 20.696447 62.0
11 89.897367 62.689545 20.946666 58.0
12 90.368118 67.118924 20.348114 62.0
13 90.647427 62.539582 21.970484 68.0
14 90.779599 66.887592 21.448958 58.0
15 87.624051 63.702569 21.27318 64.0
16 88.933532 65.151529 22.989522 58.0
17 90.297367 67.392123 22.132756 80.0
18 88.933532 65.770044 21.562376 56.0
19 90.779599 68.630776 20.763504 64.0