6.190864875185339011e-01
1.000000000000000000e+00
4.037164540127050061e-02
1.000000000000000000e+00
1.737992335562492108e-01
-8.000954272258041788e-01
6.015243915601971025e-01
5.574288283197776916e-01
-3.016724842527456762e-01
4.311933219157951802e-01
-8.710971036728175632e-01
4.486267740974647644e-01
9.732733706053214862e-02
6.688987819716860073e-02
-8.816618742459911839e-01
3.179520622192922308e-01
5.548470191382414152e-01
3.523860575868678069e-01
3.231999215921066426e-01
7.826360372631689932e-01
1.097643286136073953e-01
3.934810855156222198e-01
-1.000000000000000000e+00
-1.134443138509796389e-01
-2.093801249279175491e-01
6.263169953596039452e-01
6.552043238871423370e-01
6.266886195878590415e-02
-1.378801938140039318e-01
5.434168082697419244e-01
1.000000000000000000e+00
2.213336633079659999e-01
2.521426981434976011e-01
-1.415889721778024191e-01
-2.622213340012329308e-01
-5.585588818246568499e-01
4.714555860690555766e-01
-4.081792329779543871e-01
-4.728745634860586078e-01
-1.103218426038260341e-01
5.598187622237520422e-01
3.601701764297007280e-01
1.284797277960303408e-01
3.278574656445520374e-01
1.545321144093664278e-02
6.581074667418999047e-01
-3.604890627396070690e-01
-5.096796526308980946e-01
4.573789015329602359e-01
-1.233980212750410421e-01
4.384112038409985201e-01
-3.641333843771800693e-01
7.848866398498871577e-02
-5.390933866472292779e-01
2.152029031004440707e-01
6.459133888694510439e-01
2.467126748988380247e-01
-1.960273779372616598e-01
5.025302564897634605e-01
-1.010852998604447467e-01
8.107097924798777333e-01
-6.032447530198282726e-01
-1.000000000000000000e+00
1.806410823787791275e-01
-1.000000000000000000e+00
1.000000000000000000e+00
-4.995962430886924377e-01
1.462364811545756316e-01
4.116779313700223430e-01
5.261205528119795582e-01
4.945567233032659993e-01
-1.575911338714021115e-01
-1.168265549999242120e-01
-1.433056872760138101e-01
3.892570582338275020e-01
6.175975298618028297e-01
4.560112783926419389e-01
4.901120747721795512e-01
1.222710867169591042e-01
-2.727403799139577201e-01
-5.927213215666745638e-01
-2.139355293506668698e-01
1.993472073845987402e-01
4.280733818476263330e-01
-2.461891009130272590e-01
-4.269583724906359512e-01
-7.303327098669998296e-01
-2.127563808087850061e-01
2.543098628952450424e-01
-4.383684678814911972e-01
-1.105518878755638312e-01
-1.778835737509157910e-01
1.329557082197582729e-01
3.781797279105956200e-01
6.607939651984065868e-03
-8.997792153790952208e-01
2.256817914181731277e-01
-2.987391879996157962e-01
8.071344129348214658e-01
1.000000000000000000e+00
-1.697770504521783352e-01
2.790994119949219421e-01
-4.462644068609851744e-01
-2.507902811799309073e-01
3.284492852969330690e-01
3.990456754909236237e-01
1.140362967988128168e-02
-1.037859924522613331e-01
-3.986962600134717483e-01
1.232925484604847632e-01
3.330573036428472466e-01
-3.320713530682898318e-01
3.055213681650203461e-01
-2.734286658802313474e-01
5.560379697648952790e-01
-6.428700451114468528e-01
3.020266131610802596e-01
-6.880428450814342067e-01
-5.775841304083668692e-01
-5.770231372829695005e-01
-1.480084045143308935e-01
2.663205278293120926e-02
-3.364936525663941302e-01
2.162659004092062076e-01
6.030368640640280109e-01
1.187358073640656653e-01
-3.536357893653199053e-02
4.919882824348581485e-02
5.174509063402634723e-01
6.464639336327933083e-01
4.779778850194760231e-01
-3.469529710841721126e-01
-5.805870810230078227e-01
2.460269295492484298e-02
-5.811380641598594687e-01
2.547088060957161115e-01
-2.391254124280666471e-01
-1.000000000000000000e+00
-3.258217003547548840e-01
3.669902459425877228e-01
3.259235814750104376e-01
6.363976733344032244e-01
-1.676086944169000170e-01
6.081423977174469364e-01
-7.132174278668019785e-01
1.886263966154398675e-01
3.880762100970371886e-01
1.244853986123815870e-01
-4.244656143003561199e-01
-3.948014563496816676e-01
-2.041646511582619339e-01
6.787538041780123432e-01
7.025119351846326188e-01
6.560242946594003755e-01
-6.036454007507179309e-01
4.750653726823461653e-01
-4.987422900969156192e-01
-1.904685122291830957e-01
8.043052869576110542e-01
-2.309292443598113531e-01
3.482913328787341500e-01
-1.258926692416578730e-02
-4.512991066530400164e-02
6.648999840151983420e-01
4.749509846351820386e-01
-2.008883345073382287e-01
4.834384205254897010e-02
8.343151395800285641e-02
5.161708985779287495e-01
2.173749330195285934e-01
1.998001344262670953e-01
2.967589080969499360e-01
6.660940095811336281e-01
4.436146105463344147e-02
-4.249532976143648999e-01
-1.000000000000000000e+00
8.389651356341543131e-01
-8.861142250494652428e-01
-2.393294572575627444e-01
7.148713254779943682e-01
2.854784986698156724e-01
-2.296632621807483954e-01
4.026890024893231002e-01
-1.000000000000000000e+00
-6.492348090906534530e-01
-4.924337514932711768e-01
-6.544647436144022112e-01
1.308974153353026082e-01
6.754945535760351616e-01
-2.469021211717686848e-01
1.370573104364775086e-02
4.447645251208226513e-01
-6.827659330153971196e-01
9.478539195016766339e-02
6.583123086626678777e-01
-5.592711196544536412e-01
-1.149623914239341627e-01
1.742773642719280813e-01
-2.145239307108069704e-01
3.459791734883929104e-01
1.833967039187321957e-01
1.000000000000000000e+00
-7.422117179802775189e-01
5.118643501168581578e-01
-3.088838332143100107e-01
-3.157951667177160138e-01
-9.963828315417258552e-02
4.726649723154016103e-01
-5.756326386395413941e-01
3.372078364712245008e-02
2.879007041878762774e-01
1.927286787588256278e-01
1.000000000000000000e+00
-3.674379795994272002e-01
-2.254304689796418071e-01
4.416840513220310349e-02
6.225937749806086385e-01
2.729318774633879841e-01
-3.824422611653785498e-02
2.101805180404194007e-01
1.605857662914852990e-01
-3.159503372827004997e-02
-9.768598432157027389e-02
-1.469614337952812877e-01
-2.730460714769890052e-01
2.621905143503786006e-01
-6.504060430935776349e-02
-2.050974389877417009e-02
-1.352386848660979690e-01
6.420461847488844187e-01
-4.064032264947117223e-01
7.354455413038525347e-01
3.416820073258124979e-01
-1.309160936034388101e-01
7.251605848733211346e-02
9.346984514513538567e-03
6.193057513572488570e-01
-6.225841359584690649e-01
3.010400408502012515e-01
7.736663536031551658e-01
3.659334003896436704e-01
-2.479015366422779310e-02
1.630586324473114468e-01
7.549977940717711444e-01
2.768978386713443207e-01
4.602182818988756474e-01
-4.652721078512223052e-01
-1.000000000000000000e+00
1.331248944858007544e-01
-4.374374741511929399e-01
5.729065194415752238e-01
-1.000000000000000000e+00
-5.836561270226099662e-02
1.308025259781568639e-02
-2.529273383447622203e-01
-1.000000000000000000e+00
-2.009502067388072022e-01
2.785987883316732860e-01
7.785395248610665897e-02
4.552776690285104122e-02
-3.352461471283966210e-01
3.953439164419067509e-01
-4.926298454145344174e-01
2.048968936499087068e-01
-2.667018124160543957e-01
