
0 48.747727 -2.547019 8.588029 -40.0
1 57.073074 4.505924 12.361039 -10.0
2 75.302907 15.617648 18.271971 10.6
3 57.829516 23.123228 15.987498 -10.0
4 75.716796 33.515085 17.529585 31.6
5 89.218336 37.255054 20.261529 43.6
6 89.218336 40.120178 20.717182 20.2
7 86.19194 42.236815 18.841878 44.8
8 88.352828 42.985487 22.733266 44.8
9 89.137666 47.653335 22.790233 37.6
10 86.698336 51.341412 18.069675 36.4
11 87.212892 51.911126 19.392422 37.6
12 87.525064 45.655022 27.593047 27.4
13 88.178539 54.672848 19.590942 37.0
14 88.963266 60.64063 21.561286 29.8
15 88.051733 55.156549 19.91108 41.2
16 88.598539 55.822093 21.633494 41.2
17 88.598539 56.698676 19.1306 32.8
18 88.598539 54.136559 19.728146 41.2
19 88.498336 61.249031 18.796097 49.0