1.176880714615023693e-01
-2.631802180193483220e-01
4.008577068293215362e-01
-1.989529288199298196e-01
-2.866917697395033882e-01
-3.626212675940026497e-01
-9.894378446957508011e-01
4.294809367097474073e-05
-4.497385942642090906e-01
7.347174299585472745e-01
5.843652624833725051e-01
3.474713389630610938e-01
-5.109174268993049717e-02
-4.902328202299427451e-01
4.156562048967088474e-01
-2.509853841594490986e-01
1.000000000000000000e+00
-4.655873248819429322e-01
8.900197037627679553e-01
9.153241921150359062e-01
-6.282868273031573247e-01
8.694446825710394622e-01
-1.000000000000000000e+00
3.341918844996742688e-02
-2.041166132379044484e-01
2.570193885129128386e-01
-5.532102874339479559e-01
1.293990364325352249e-01
-6.904291701463608488e-01
-3.586857490350964794e-01
4.683297183783209361e-01
-3.215154265659848631e-01
3.305152693806818753e-01
-6.372066870368551239e-01
-1.000000000000000000e+00
5.871836396304179750e-01
-1.000000000000000000e+00
7.712007162718985676e-01
-1.928454361711013920e-01
-3.329805990602603960e-01
5.702010856462598198e-01
-3.327382286654184118e-01
-9.580103506347550923e-02
-1.000000000000000000e+00
7.206997105036899720e-02
-6.304935790757990599e-01
-1.015876517805749391e-01
1.721399984866136545e-01
-5.849481076408682423e-01
-6.588026862193077648e-02
9.689966827686558037e-02
2.878571182177949370e-02
3.399757918399941570e-01
-1.217976980419090416e-01
5.363235813430182741e-01
2.133654628297868006e-01
1.000000000000000000e+00
-5.958795929625547716e-01
-5.097805608409420319e-01
1.000000000000000000e+00
4.787007980139955654e-01
3.435616534768572150e-02
3.640698433882560980e-02
-1.417670193693434111e-01
2.543069957621778565e-01
-7.261709769232436995e-02
-1.682231981802655707e-01
4.066709550726793632e-01
-1.964972389101271588e-01
5.976776982143365835e-01
9.723981925873416143e-01
-4.234331644474755851e-01
-1.000000000000000000e+00
8.053965028303518014e-01
-3.826768998076774952e-01
3.337957824217744340e-01
3.304287416701161550e-01
-7.161220930963526632e-01
1.967402266285255552e-01
-6.768744896776387465e-01
-5.640972911058199646e-01
5.085016026381025678e-02
1.670832147817305768e-01
2.963448077415581361e-01
-3.652180558411198263e-01
1.508555413092411701e-01
-3.304316994192626478e-01
5.659116099607663930e-01
8.324245557561239794e-02
-4.502643273256062284e-01
-1.816116330278058980e-02
-4.222775648153335726e-01
-2.618919435914393579e-02
6.999400160419007033e-01
-6.344474341525793704e-02
-2.519829079199054078e-01
-6.502945120934188195e-01
4.122862054002490728e-01
-6.136674686754761687e-01
2.657743922755524957e-01
-9.995885881312741028e-02
1.873199057537687506e-01
-2.307544001493690711e-01
-8.635924493001371216e-01
-3.855481015342298035e-01
-8.505425600180073209e-01
-5.795902139794721908e-01
6.857158644793851510e-01
-5.170023709965021474e-01
-5.007046575500171404e-01
1.033712793946925113e-01
-7.229831161214373969e-01
2.330377372398495517e-01
-7.292816236394576990e-01
-4.283214300701196908e-01
1.080608991770772298e-01
1.000000000000000000e+00
6.683479819924628695e-02
3.205677233478929078e-02
1.944798004172059447e-01
-2.150638410203938866e-01
2.680606121753535964e-01
-1.545263861374658043e-01
6.070875085185565290e-01
2.542415699176222565e-01
3.760148254462693518e-01
3.357091396166145270e-01
-8.896154340054267529e-01
6.395846365065372963e-01
5.914465443330567673e-01
-8.084755372779235394e-01
-4.750999302426772708e-01
-2.463177800401398221e-01
-3.407881395131946434e-01
5.068789812706082643e-01
-3.391536891960803546e-01
3.318349013212910092e-01
-1.379381537573416971e-01
2.282253586343528928e-01
-2.587184248790890262e-01
6.338572965944609672e-02
2.236035965124248681e-02
1.233542084594129312e-01
3.660074773288564121e-01
-2.279025204444853903e-01
1.173108836148785972e-01
-1.548919297950449581e-01
-5.473798900361759312e-01
4.495530079229732578e-01
3.663856726957311905e-01
3.299872378687409569e-01
1.210141403517784320e-01
3.821665569577842314e-01
5.166435238725306522e-01
5.270092001695494410e-01
7.664325995667029545e-01
3.328675499367822477e-01
-4.666720708124403316e-01
-9.593909211782594149e-01
-4.779364178078893133e-03
6.391496760439093761e-01
5.994238380864904681e-01
-1.000000000000000000e+00
7.645285377095767387e-01
-4.126173937965984528e-01
-3.384753173773377699e-01
1.781773118889365126e-01
2.065003853891827779e-01
-6.642275751163494446e-01
-6.583347029163673092e-01
2.667519404302293173e-01
2.138374089365015496e-01
-8.648714555742198495e-02
-3.254542332222621903e-01
5.858984381991918511e-01
-7.368021659283214841e-01
6.914001562042585425e-01
-4.820174465731835167e-01
4.911294956880516427e-01
2.237567108360826174e-01
1.703562595606165631e-01
3.483080544775982168e-01
-1.000000000000000000e+00
-6.095673934812515515e-01
-9.860832248866009675e-02
1.224652940089195619e-01
-3.714204407468962299e-01
9.689673957555572370e-02
4.672320890305251551e-01
2.829640655702442831e-01
6.358121991635061754e-01
3.723722839258427619e-01
-6.071502520292515470e-01
5.695106363542332684e-01
3.431510087495311945e-01
1.705379265229670094e-01
-1.292308516001514918e-01
5.411901198352773168e-01
6.126251697534219609e-01
8.751451602522788420e-01
9.508287756611748520e-01
1.755341642104507049e-01
-4.058033750999834322e-02
-2.948379876153832679e-01
1.000000000000000000e+00
1.134058504598920020e-01
8.878111946552352807e-02
-9.946859573185556913e-02
1.000000000000000000e+00
-2.278934142287253883e-01
-6.356847923546297130e-01
-2.281336175028023106e-01
3.723775365859298692e-01
-1.885116140401109364e-01
-6.167087872224683021e-03
3.789593917944085177e-01
1.000000000000000000e+00
-6.426731940191782178e-01
-2.656516858750966881e-01
7.447116356523262315e-01
-7.764111089623793038e-01
8.187330473738808623e-01
4.311131977318525821e-01
5.538656047139989269e-03
4.449583243689468892e-01
9.405710589311451209e-01
7.722629915861768390e-01
-1.504447645732261418e-01
-8.287912250660027791e-01
6.846722882270169785e-01
7.659948702309622437e-01
-4.752305727590604434e-01
-7.919376603273078907e-02
2.632208560436083422e-02
7.997695826451514667e-02
-2.563745012755088704e-01
-3.561222823668173110e-01
-2.627337569179016841e-01
5.483815308772224117e-01
4.249678927158260233e-01
1.859277299977807885e-01
3.229827129463598845e-01
8.137890965878352700e-01
5.323843434076024339e-01
1.986587398705868812e-01
3.190678048490451224e-01
6.041032683768668976e-01
-5.156790901993022480e-01
4.357469669618139196e-01
5.269004472732770061e-01
-1.000000000000000000e+00
-4.854195569251271158e-02
1.971968716696409496e-01
9.339888166079706178e-01
9.253999006823636631e-01
-2.843531046203087720e-02
6.512708515999794667e-02
-1.000000000000000000e+00
1.144235959784838524e-01
7.276980294181394360e-01
4.729848127660968293e-01
3.563866836204721000e-02
-1.000000000000000000e+00
6.407655155607729913e-01
-1.121489140552381636e-01
