-5.525806601638363347e-01
3.182044023272399547e-01
-1.410830766460279551e-01
-5.161171000117211749e-01
1.000000000000000000e+00
4.256537092400139444e-02
-4.225472427778409479e-02
-3.391454306150247233e-01
1.849160666997911595e-01
-6.572193105524056778e-01
-5.270120976821979220e-01
-8.806525525337767224e-01
-8.792937707641887424e-02
1.451873117109309386e-01
4.624588260262308959e-01
-4.637894387407530683e-01
-4.467966913391119288e-01
-3.427707302776192289e-01
-6.708192184375777467e-01
-2.632733628111647017e-01
2.567134313323481409e-01
-2.182890326975734652e-01
-4.668855023752224720e-01
-1.000000000000000000e+00
-6.218816864292153745e-02
9.557892453324102755e-01
-2.278914048904426559e-01
7.378115453249730615e-01
8.073162546106942283e-01
-3.571169601492922285e-01
7.197443763927184879e-01
-6.471577955776977031e-01
-2.038553100447615118e-01
-6.128856576028596237e-02
-2.655196126518349353e-01
-5.407090360002304585e-01
1.874465944825195463e-01
-7.112589013081669354e-01
-5.782339330008426925e-01
4.629944224361692839e-02
5.989557354272645462e-01
-5.507988263874653845e-02
-3.074524416819350847e-01
3.950380236956922975e-01
-2.599234823508082548e-01
-6.792160680173271736e-02
3.535837123393792414e-01
-6.659744412808434877e-01
2.572180086861158843e-01
2.695952953756950432e-01
-4.864620232402338540e-01
-6.409056358671730846e-01
-7.472222193799471501e-02
5.499182969162422219e-02
1.000000000000000000e+00
-1.836443344582758264e-03
2.685885058179565132e-01
3.438015571415952709e-01
3.249917768347172498e-01
7.322572691201299777e-02
-1.000000000000000000e+00
1.000000000000000000e+00
9.380896698275031920e-01
1.268871560956837397e-01
7.931809562681635395e-01
7.141153336805345919e-01
7.456558705230407202e-01
2.575277850969996396e-01
5.296009402458004001e-01
1.970460862647929745e-01
-7.483173739678902203e-01
5.088453608952727691e-01
5.529776149584663542e-02
-6.948086272201049463e-01
5.965362504470744787e-02
1.000000000000000000e+00
-3.813656031510193056e-01
2.585323021029879431e-01
1.000000000000000000e+00
-4.380230475602935880e-01
5.624000648571634287e-01
1.962793407490256992e-01
6.097429537285294909e-01
-1.000000000000000000e+00
1.122975621114537109e-01
5.280336333309755270e-01
-1.610289816200770330e-01
-1.000000000000000000e+00
-3.914066928041901733e-02
6.132113872041038416e-01
5.284345392148053211e-01
-4.688933581763682357e-01
1.000000000000000000e+00
3.515000202796512707e-01
5.964166118317637544e-01
3.088396406711366726e-01
-6.893245599715235317e-01
3.781074690175459940e-01
-1.000000000000000000e+00
8.374778220996679234e-01
-2.936725930155317799e-01
-2.841960784557803765e-01
3.247046698114282315e-02
-1.448750474980521341e-01
-1.958329102624898344e-01
6.172793349256768813e-01
-9.514883070869223358e-02
-7.860012181073277038e-01
2.545466977432061517e-01
-2.625812251029955857e-01
-5.945072560963441388e-01
-3.612647209939129911e-01
1.393314301831198310e-01
-2.986296434353538087e-01
-2.256855267685869970e-02
2.270795277909432586e-01
-3.578771474172967038e-01
6.691400072184565673e-01
-1.216709730758979424e-01
6.691622621435091567e-01
-3.673426325636915957e-01
1.949003108934797557e-01
-1.157476957847756449e-01
-1.826466101505018758e-01
-1.000000000000000000e+00
-3.874133989538768308e-01
-1.533078731173933007e-01
1.000000000000000000e+00
-7.317099443761758693e-01
-5.032187424811173093e-01
2.176582143766256361e-01
-6.546929912690898634e-01
-2.486302471456796059e-01
-6.695816267320262583e-01
-6.796056464163515720e-01
4.200478089435517037e-01
-5.778633127380360390e-01
-3.699283145309982257e-01
-1.000000000000000000e+00
-4.497333156675834553e-01
5.792389056071782782e-01
-1.000000000000000000e+00
-2.688222941250126841e-01
-2.340999458771969022e-01
-5.112649647292003552e-01
1.790171798714815521e-01
1.648857595818275235e-01
3.374834244873086142e-01
5.686661365369727328e-01
6.297322256240370786e-01
8.280575146163906552e-01
2.516010693514153518e-01
-6.291766063329315983e-01
6.106735037756648721e-01
-4.390318592597125535e-01
1.323176021913154699e-01
2.748274579804343976e-01
-6.890581011450602755e-01
-1.669206349193405603e-01
-1.677337322001877795e-01
4.526850896522776058e-01
7.721207475419322730e-02
9.270332903707323435e-02
1.414314793246442825e-01
1.863056359800986383e-01
1.745893505272365642e-01
-3.502615481750013804e-01
6.646566145332596376e-01
3.668794097190072323e-01
5.119762775353540185e-01
-6.010306514426860813e-02
-2.248478921735000691e-01
-1.431710053030936236e-01
1.579953147520880147e-02
-9.378248315426718218e-04
2.590464721217568544e-01
-5.518573441037615684e-02
-6.256715412872720927e-01
1.000000000000000000e+00
-5.840921080348743244e-01
6.171869241264615891e-01
1.732904508466042159e-01
2.410181197678953890e-01
3.964794490142691252e-01
-4.404198298109848753e-01
4.953854176545409160e-01
2.989903410570190490e-01
-6.081117806348941279e-01
2.532616744056611080e-01
2.800762112429058259e-01
-6.151576655859972848e-02
2.464159702316779943e-01
-5.483156376845979563e-02
2.758681350582516401e-01
8.742625305959100812e-02
-6.937721091519888361e-02
3.666472912218061153e-01
4.801504030108585952e-01
9.160748104079853293e-01
-2.114104951571974811e-01
-4.735635123261197621e-01
6.196510454808593082e-02
2.777135795757644243e-01
1.000000000000000000e+00
1.291259634143181179e-01
-1.000000000000000000e+00
1.000000000000000000e+00
6.545780031090440154e-01
-1.000000000000000000e+00
-1.777401180670264147e-01
5.063771137099527531e-01
1.799652523289216322e-03
3.529169119546829991e-01
2.199989976358643629e-01
6.553612502818878527e-01
-7.220196956763773599e-01
-1.390487125336154761e-01
1.000000000000000000e+00
-6.079022792058946800e-02
5.398556657893285315e-01
3.911617365407581981e-01
3.091105008301536228e-01
-3.286311406802530088e-01
7.710475337700858356e-01
1.000000000000000000e+00
8.427370865449701487e-01
8.946501880823720665e-02
-1.463105898423610884e-01
-2.032482270883170516e-01
1.269806597036940432e-01
-3.933902736180129867e-01
7.713341002271639768e-01
5.079667717222240420e-01
1.000000000000000000e+00
6.953224172131020620e-01
2.948453221099760491e-01
8.780615761795609875e-02
-5.283626677849765363e-01
-1.954159509252742233e-01
-1.038575020167320159e-02
-8.110715025323746996e-01
-3.408100939351728087e-01
6.590935796699737281e-01
5.777806268028484737e-01
1.571864715262748513e-01
-4.113571746797836104e-01
-9.165394445711281257e-01
-2.296676699836522687e-02
4.223332760837321675e-01
-4.433403557749008295e-01
-3.908873964606585094e-01
-4.127403292919212818e-02
-4.232255329847844361e-01
-1.849679964227162188e-01
-2.597222587698903018e-01
-9.622433500648936988e-01
7.917692386102295199e-01
8.496074341689571763e-02
4.715425625988471925e-01
-4.301400384753640838e-01
9.005310127024614975e-01
-1.430317783492177780e-02
-7.219896419897773310e-01
-6.853515872403370679e-01
1.576155248227720240e-01
