-3.386314423079138658e-01
-2.438949284288176866e-01
6.848701565336032804e-01
-2.391341044617644185e-01
-3.644808208933708049e-01
-3.640875946960062115e-01
4.471799153312692732e-01
-6.000850910387209858e-01
-1.971667207890608342e-01
5.545288855046481835e-02
-2.975809580675413055e-02
-6.747898780620401604e-01
7.202503390262132710e-02
5.858925040146456542e-01
1.425977032214130469e-01
-1.000000000000000000e+00
7.813778259822778960e-01
1.391282321334463834e-02
7.177539747433461237e-01
3.072578737934144044e-01
-3.409057276543623893e-01
4.524253741973757736e-01
8.009350985176522109e-02
7.451640508557161313e-01
-1.420587857816229538e-01
2.689107131098483205e-01
4.371606718087397425e-01
-9.068038145301088315e-01
3.098580242892426950e-01
-1.000000000000000000e+00
-3.202141031776301050e-01
3.702693771833429071e-01
-6.369807044484828706e-01
-6.720876040536853946e-01
-3.514262254870195723e-01
4.203051258319124295e-01
-4.087214181750266073e-01
3.147071712663219167e-01
3.129270123625403355e-01
-1.333656522145248158e-01
3.623942244223511411e-01
-8.894677307157775048e-02
4.662516714464401968e-01
5.212394312074205560e-01
-1.000000000000000000e+00
6.545057630587237663e-01
-3.234308170046126252e-01
-1.000000000000000000e+00
4.085020711392368664e-01
5.466624233045729309e-01
-8.005260806635670079e-01
4.871433381846891342e-01
-5.972920015200341437e-01
-3.244681501697226356e-01
6.102952624030754114e-01
1.000000000000000000e+00
-2.570117797907539581e-01
-3.283513639100737458e-01
4.180727407633002407e-02
7.088922754420612371e-01
1.655285149336496731e-01
1.722607982001564397e-02
9.726101083060705033e-02
-3.350755001046560322e-01
6.594450810220080506e-01
1.022530765999441205e-01
-2.576404000065924960e-01
-5.645213772200480262e-02
-3.721857016614055214e-01
-1.172456381124702685e-01
1.364978370390916573e-02
3.785739216299792154e-01
9.154769157444838656e-01
-4.020251525003810111e-01
4.109628902079586199e-01
7.562540151556558232e-01
5.243127765752015890e-01
-8.127646101341533535e-01
1.000000000000000000e+00
5.397474558429339597e-02
3.375633266701492108e-01
5.408702097076324433e-01
-2.438233745641312789e-01
2.715585976474723662e-01
-3.026887742239837142e-01
-4.559354004768715884e-01
-1.000000000000000000e+00
5.654388778721087805e-01
-7.453931449001400811e-01
1.000000000000000000e+00
-7.037340023291218660e-01
-3.982668552554019525e-01
1.207039615895254547e-01
-2.650614292723669219e-01
-2.920308547829274515e-01
2.677775399513578347e-01
-1.250430006794611693e-02
-3.886874903000903103e-01
2.280683381439496671e-02
-2.222176991576894078e-01
5.340167805606340495e-02
5.954729316435893038e-02
-6.683623993018207310e-01
-5.965378343629670899e-02
2.308696405668629603e-01
1.116523338291983275e-01
3.121556165472301192e-01
-5.177245763094348030e-01
-1.542393609309355429e-01
-3.465681058067316411e-01
-5.842643762953324549e-01
-1.110525440939487546e-01
-1.138017371138636685e-01
1.759290813962525735e-01
5.438303482549197154e-01
1.649974466330938472e-01
8.238179499653900395e-01
-1.302781416316086127e-01
7.273421123647107189e-02
-1.425340837408839434e-01
-2.134228610910447188e-01
-8.131462890773435426e-01
-3.435151593691354033e-01
-5.705169845113751137e-01
5.521558398989655503e-01
-6.244623716312398820e-02
-1.674719245761756570e-01
6.371363783781912593e-01
5.655815847644371508e-02
-2.927747141486172766e-01
6.408111248883008315e-02
-2.702249989129535401e-01
-5.710263667046556746e-01
-3.949516046291939864e-01
2.876585970537071102e-02
-2.048329447451110175e-01
4.444375842211211736e-01
-1.267457745858029394e-01
6.029510761289820220e-01
-2.593509951615602643e-03
-5.482044976424116367e-02
1.765717327203480680e-01
-7.068634292716796663e-02
2.252960708965584535e-01
1.000000000000000000e+00
5.271262892257356780e-01
-4.857564616800408297e-01
6.069769880782083238e-02
-5.710005802411768361e-01
1.813317154176960488e-01
-4.456499884919887244e-01
-6.511386135400007991e-01
2.478404863461634022e-01
-7.605519905640436562e-01
-1.768771665909594226e-01
-2.457154442876099132e-01
-4.312381110815831642e-01
6.233424214186168433e-01
-2.285099495903533395e-01
-7.608029162371450216e-01
-7.780530396612725941e-01
-5.357202282907989055e-01
-1.751477522785712115e-01
5.032152839864314497e-01
1.128111049780357866e-01
-8.629402575961109267e-01
2.465079206044683557e-01
1.000000000000000000e+00
1.955761780719002807e-01
-5.183427774233385632e-01
-2.231972863837322074e-01
1.341533283428292256e-01
-3.746319729105557217e-01
1.162108192343150048e-01
-1.517174026917993412e-01
5.220317853423626087e-01
5.961224569024869968e-01
-3.656969802928757285e-01
-1.061678379571497910e-01
-1.355824844527060979e-01
-7.434080623491374773e-01
-1.578517365667690964e-01
5.800458948711548907e-02
3.998121951567955579e-01
4.765667158979358664e-02
4.423979618444243700e-01
4.494253535041762282e-01
1.000000000000000000e+00
-6.139726170771923064e-01
5.744814715841241037e-01
-7.996636424796574327e-03
-2.172046614633274808e-01
3.132854932835166251e-01
1.000000000000000000e+00
-1.000000000000000000e+00
-5.671541583537449416e-01
4.774911857061872600e-01
-7.870590214774030313e-01
-8.990618874589213494e-01
-4.689905985384890674e-01
1.090748026713987684e-04
-1.446980187191085343e-01
1.026385447269426987e-01
-3.276755006520347679e-01
-6.160064296706836695e-02
1.000000000000000000e+00
-1.028914238907844558e-01
9.311031139994770112e-02
1.000000000000000000e+00
5.120339985519863912e-01
-3.244908813692488625e-01
-4.312177127342374794e-01
1.824549036761563547e-01
3.996419017170712018e-01
-6.815080262812123202e-01
-5.149509491161827768e-01
-6.364283872730280844e-02
-7.747823302695733272e-02
-3.904675054025383840e-01
-4.927627648634550495e-01
-9.138704440255746020e-02
1.847117216994267064e-01
2.358864005638424965e-01
6.166110074706888655e-01
-4.272445855597282738e-01
1.106339889098573864e-01
3.472527514473848775e-01
2.372079219721560939e-01
8.029193964930713898e-03
-1.000000000000000000e+00
-6.488055188795487371e-01
-2.765032059538876652e-01
6.959771295383578860e-01
8.527190428201192329e-01
-6.376379652918441332e-01
-3.634615558333751939e-01
6.037177093377052994e-01
-5.703926685911909350e-02
1.146468548719394853e-01
3.497222751904007776e-01
-6.963833786219724153e-01
3.996649800125512408e-01
-2.933923975523760469e-02
-1.974209084615333454e-01
4.467469709501004083e-01
-2.870670470628030602e-01
1.970767003089503033e-01
4.110184028514673460e-01
6.480585548594761103e-02
8.387958996326089212e-01
5.687708549730452479e-01
-9.042674474685188368e-01
-2.182442408672865819e-01
7.323149921888704172e-01
6.577152498097127431e-01
-1.740102434271464105e-01
-7.685647503928165758e-01
-2.618257883283298670e-01
-1.842841833888601150e-02
1.533479571660335272e-01
1.414041347480761990e-01
-6.530574441563203880e-01
9.293485010531713497e-01
1.000000000000000000e+00
-7.280221444929477204e-02
