2.751931065641839425e-01
-4.684025801932992783e-01
-1.438738774498363182e-01
-7.072143498036172204e-02
-2.160040507777186702e-01
5.374772725845929910e-01
2.312508425146135860e-01
5.282980070480605694e-02
5.800241894331638060e-01
2.558523348899250371e-01
-6.854843261515089492e-02
1.000000000000000000e+00
7.206738918381196957e-01
5.143500639757777604e-01
-1.000000000000000000e+00
-8.000351046085528717e-01
-1.000000000000000000e+00
1.465408206683300185e-01
-1.000000000000000000e+00
-4.391451933910965888e-01
2.477759331471478602e-02
3.886036516023361753e-01
-3.435301876097808516e-02
-1.136562994498552075e-02
3.173065974395383182e-01
4.647936761659372529e-01
2.400269379619505983e-01
-7.454583587061400785e-01
1.800519948171609985e-01
5.878914228149827448e-01
4.144017583998156340e-01
-5.218622478039087742e-01
2.266847077234635244e-01
-3.629680255404442724e-01
1.871175943417492937e-01
-6.002231279195584523e-01
-1.104481196864776915e-01
3.435804304194250980e-01
-8.721840774050060308e-01
1.640119667780911561e-01
2.187027860906334553e-01
-6.190715049748097831e-01
-2.145708782007328119e-01
-7.365713357516284754e-01
1.975067499110017555e-01
5.910039615092745890e-01
-1.275069478234621689e-01
1.000000000000000000e+00
5.234048874686382247e-01
2.345730268558197593e-02
-1.357119378410082677e-01
-4.826311564106979812e-01
-7.064043092439378224e-01
3.191429881103891586e-01
3.730274261805929803e-01
-3.119626731300054745e-01
3.887681152749524749e-01
-2.153331405482327987e-01
-1.000000000000000000e+00
5.570863295433581275e-02
-5.104567991218247336e-01
-8.465628901810098861e-02
-1.000000000000000000e+00
-4.029876655878342762e-01
-4.839323083360254005e-03
-7.226427296135846667e-01
-6.482687844557692980e-01
2.541814226505204610e-01
4.775417676566361402e-01
-1.950903844917289687e-01
7.178580448052457319e-01
2.868374615172373243e-01
-5.083873256569346744e-01
-1.000000000000000000e+00
8.603416765090687868e-03
2.012481924796882538e-01
-1.000000000000000000e+00
-2.561737814057952756e-01
-2.256398943978817906e-01
1.658557578176578784e-01
-3.157163970189293956e-01
5.600085690344412948e-01
1.453163755391778111e-01
3.666544865956193333e-01
1.799840964132502427e-02
-2.072306346208490357e-01
1.000000000000000000e+00
-9.463818590160692767e-02
4.412883798314575223e-01
6.498486617716494607e-01
2.317462643962800994e-01
1.462797821189942282e-01
-4.988319943498761844e-02
-4.662718096597258388e-02
6.125063000504554767e-01
2.397857788047162986e-01
-4.307455975403650106e-01
-3.402957589745886358e-02
-2.669878008295806238e-01
2.865375970517841098e-01
-8.031928287310556580e-02
1.000000000000000000e+00
1.000000000000000000e+00
-4.344983700196330956e-01
-6.362365276403978420e-01
-1.080546774145104139e-01
5.339332686523383664e-01
-4.854974975995396402e-02
7.035331431396620872e-01
2.492482980792522229e-02
1.639981122720224338e-01
4.095620663292503516e-01
4.830068062075130314e-02
-2.559027942588058546e-01
4.060673430180180565e-01
-4.220151471096122986e-02
-2.682082449745646358e-01
-2.791468466462276865e-01
-2.175733390592350103e-01
4.715163797768213705e-01
-4.907181909586525448e-01
2.852017064257915124e-01
-1.000000000000000000e+00
-4.041360240500344592e-01
3.367262486675552946e-01
-1.464977931979158376e-02
8.214547994703522149e-02
1.845058779717377306e-01
-3.756194799836259923e-01
-9.973199350847150590e-02
-1.011707951675014094e-01
-2.014277446088267864e-01
1.294434466413715845e-01
-2.018221629770848846e-01
5.510859234410392382e-02
-2.151520609913719628e-01
8.009062623215948418e-03
-3.219189093179146699e-01
-1.966456652220758827e-01
3.296822614641163329e-01
-5.495298393022882699e-01
2.444993923982881068e-01
2.805924838613720884e-01
-2.930875798657821552e-01
-2.802749273276679554e-01
4.094484358184825590e-01
1.509704084431388593e-01
-8.700507344863652737e-01
-2.981354066479194875e-01
-1.150193544393608713e-01
4.538725070257275673e-01
3.680990038465183078e-02
-1.434175530154682410e-01
-1.000000000000000000e+00
-4.504522597450539290e-01
1.000000000000000000e+00
-7.355842171240304372e-01
-7.758906479711619175e-02
2.218250731166690470e-01
-3.015843322346399846e-01
-5.713326907227984641e-01
-1.000000000000000000e+00
-1.912124319977729081e-01
-1.000000000000000000e+00
4.275497232101554967e-01
-2.226764765581471517e-01
-5.324949547977115838e-01
1.727742261804898760e-01
-5.179303290645707047e-01
-1.493795906495321568e-01
2.279858208267073472e-01
-9.396927883900784151e-01
5.599466606463341378e-01
-3.539369791125948073e-01
3.887512911164671126e-01
-1.349122935031906168e-01
9.294322030992629990e-02
-9.440626248688196998e-02
-9.489124990012576255e-02
1.257693923331044406e-01
-6.745654819396453838e-01
-9.584831308447314124e-02
-2.306380787916194330e-01
-4.955115795523756805e-01
-1.021057477831841531e-01
4.654838265039333844e-01
2.120855491630449507e-01
-5.611030488334280142e-02
-4.290017463768677208e-01
2.882145855950286606e-01
8.935785079110585283e-01
6.257743626062878262e-01
3.953358058291114863e-01
-6.838402657768639648e-01
2.412884046959607731e-01
3.979971307353714627e-01
2.139846481105383558e-01
6.314183920457430710e-02
-9.043958183564339282e-02
7.123550197331917078e-01
7.854766930139256420e-02
-4.511999651893109364e-01
4.619160250004799573e-01
9.181218869095053581e-02
-1.731142113177262520e-01
-1.000000000000000000e+00
-2.975831099913843758e-01
-4.803590283468475164e-01
2.768936287688769649e-01
-9.766881709680075296e-02
-3.763519209957121858e-01
-3.369436459117584048e-01
5.717197352902814167e-01
5.889795393726147132e-01
1.000000000000000000e+00
-1.000000000000000000e+00
3.712050241676881357e-02
3.716268327900392188e-01
6.912421498811946452e-02
-4.797998648058243720e-01
-5.097056517914226870e-01
-4.848045299441821054e-01
3.570936978291926467e-01
8.949606973351740269e-01
-9.742453785307814140e-01
2.639591046813501984e-01
-4.624948808492516106e-01
-4.441390001785135988e-01
4.620592680677471642e-01
2.750696731497370706e-01
-7.512300516211574131e-01
3.558133681738868681e-01
1.573369582631910513e-01
-5.155430112935941445e-01
1.879688096394407926e-02
-7.373326584624068092e-02
-1.620767011030884719e-01
3.546512833882224935e-01
1.824640625364077340e-01
-2.744978562087150298e-01
-1.797636607662574937e-01
3.816716837713322874e-02
6.006869177932248061e-01
-5.120317118293150616e-01
-3.123063379048793831e-01
-1.299668056813692574e-01
-1.474422950976590763e-01
1.152293631046773237e-01
4.196520168697255859e-01
2.459829917167041524e-01
4.360423030965246416e-02
-6.024372808709329563e-01
-2.747388875893297389e-02
-8.800766071792590628e-01
1.000000000000000000e+00
-6.445109919813772625e-02
1.805895167274462199e-01
-3.970844125947488590e-01
1.390934056090597504e-01
2.290354607161393385e-01
-5.933813579540718752e-01
3.317614437045456333e-01
2.664345251812795801e-01
6.741048100699211787e-01
-6.634110805417808843e-01
