-8.272709497724448635e-01
-6.049629869980734931e-01
-4.528036362344496357e-01
-9.696542756970863985e-01
-9.352034663525036207e-01
7.830784731419719591e-02
-1.000000000000000000e+00
1.321934115531521736e-01
-3.626861801492110571e-01
-4.382936788190261446e-02
-2.198881646444428295e-02
4.095567193659320759e-01
5.688383364893326855e-01
1.843104451547279143e-01
2.244244795865123210e-01
-4.738166081711447930e-02
-1.000000000000000000e+00
-1.310899055231301569e-01
7.208400030733640440e-01
-7.535063716740303397e-01
-2.214834500476720036e-01
4.786534420061147044e-01
-7.218058362392728959e-03
1.905672283769679343e-01
4.025545415412919853e-02
3.280846508944633699e-01
-3.978868360816485983e-01
-8.301112427575507713e-01
-6.359918276347922839e-03
1.357653378051831561e-01
-1.000000000000000000e+00
-2.258520264017972734e-01
2.105124955267928533e-01
-7.280860831694259128e-01
8.959902044836955126e-02
8.891902036408620980e-01
1.125302658623927865e-01
4.186662022837795982e-01
-8.576677310762788053e-01
2.476024868365776788e-02
6.179479637057538888e-02
-1.043145032397055083e-01
3.241867982620573740e-01
-4.750328116990322203e-01
2.652329112350982898e-01
-7.783839164856009019e-01
4.313608018912096220e-02
4.476522473418326764e-01
-1.301805566386587398e-01
4.448457972993131726e-01
1.000000000000000000e+00
-1.757304773386447472e-01
4.842239138047402247e-01
3.269423314535016556e-01
2.970728793924271027e-01
-9.293465957809148026e-02
1.851239904755226998e-02
-5.235240857056215891e-01
9.599065248093789637e-02
-6.090375872953724956e-01
-5.579925647167333080e-01
-1.000000000000000000e+00
5.045510621237285775e-01
-7.694033129113357627e-02
-1.897979192687831301e-02
-7.685019564516024637e-01
-1.735286630344187384e-02
6.017704311969107600e-01
3.733891666332113113e-01
1.571840828227735465e-01
7.233322502068730842e-01
4.518742734272192529e-01
-3.353512952612407449e-01
-4.986624495235467691e-01
1.598030202372410224e-01
1.433577417523027586e-01
-9.062167993751795159e-01
-3.747670538914488758e-01
-1.063143649125082232e-02
3.124820057919266425e-01
-7.089679679873011064e-01
9.637092124834908402e-01
9.600547030204776844e-01
-2.216540366355022190e-02
1.000000000000000000e+00
-4.465915634854739635e-01
1.247669329571684665e-01
7.820996203780995748e-02
2.254081195165577034e-01
6.195327909320166304e-01
-2.985790990630320940e-01
-7.300486801488920152e-01
4.254550386361312109e-01
4.826186767293046964e-01
1.000000000000000000e+00
9.303505665188659401e-01
-4.931318740060318673e-01
-4.018729162135222799e-01
-1.648156038693685266e-01
4.669915526015069318e-01
-1.463531505564419355e-02
2.733974011403132731e-02
-1.000000000000000000e+00
1.676943201651057980e-01
-4.374482419224476892e-01
-7.003466148550981929e-01
4.541895437162258853e-01
2.836673941932127407e-01
6.990937439902353834e-01
3.755374167086996673e-01
-5.012791231024334992e-01
8.063693900026229766e-01
4.495980942063481645e-01
-1.334095028148696294e-02
8.419258213731070084e-01
-4.794416545344578062e-01
2.820208847800708130e-01
3.869765950947837707e-01
-8.609026064189263527e-01
-8.628617773979788685e-01
2.972789475997254793e-02
-5.383385766241388648e-01
1.108917040407216281e-01
2.247280084370428463e-02
2.050611014633863249e-01
4.663520820773836562e-01
-1.783730961224692657e-01
1.931778962909741215e-01
5.114529826589567230e-03
5.614481898245068936e-02
4.233080181942272535e-01
-5.295459196627821941e-01
7.854533071622892271e-01
-3.903173620313652448e-01
4.942046812986247151e-01
-3.088751195392678284e-01
1.000000000000000000e+00
-2.401801814132697305e-03
-2.445876899435548979e-01
-4.361467279866902413e-01
-2.635142248796434328e-01
2.131070114017733219e-01
4.417089024486732796e-01
-2.634098359449377758e-01
-1.027173903019303891e-01
4.994525608343988732e-01
3.030898425577592259e-01
-5.655231406328702359e-01
-2.855413473168033622e-01
-2.800063615268453820e-01
9.277380309786328327e-01
2.122461921422032216e-02
8.969723702792550268e-01
1.981044128012408589e-01
7.114981519978569313e-01
6.937471708057692255e-02
-2.160851558949320184e-01
4.393117905272678203e-01
-6.598479983113070269e-01
-8.693922429136635710e-01
-5.111003896552013259e-01
-1.000000000000000000e+00
3.160228888106318690e-02
3.793733360300511892e-01
-1.290854102161911321e-01
1.161691742401828042e-01
-1.161867796701907263e-01
2.247437718007303242e-01
-7.411591623545936702e-01
-9.621057850047304294e-02
-3.288408335613028921e-01
1.000000000000000000e+00
1.000000000000000000e+00
-6.075567792343174178e-02
3.364112369087197685e-01
1.932873970194284169e-02
-7.518061009871157552e-02
-7.975568169056541645e-01
6.125477859795973590e-01
4.538458107699099853e-01
-1.000000000000000000e+00
-5.508574259687581964e-01
2.294037695583826808e-02
4.941528421416467587e-02
1.294493868184246610e-01
-3.950955026058401987e-01
8.888807343583435827e-01
-1.078966711891623242e-01
6.562009734747936696e-02
-8.813627045628620316e-01
2.950675469270035989e-01
6.324506958529746425e-02
3.562417325241370447e-01
-5.092589231001882766e-01
1.000000000000000000e+00
-4.994417717427246384e-01
3.635169486222335489e-01
-3.497478726409428140e-01
1.742765174354335422e-01
2.854914966557168809e-01
5.540976885695823029e-01
-1.000000000000000000e+00
6.639433511977439473e-01
2.354451499358073407e-01
5.085013867379516439e-01
-6.760515793133106688e-02
-6.778414321484849125e-02
3.053797150692706963e-01
1.230930643689140680e-01
7.809948060073900189e-01
-1.759332579590799361e-01
-7.979889694230680730e-01
3.821268868446505151e-01
6.784167627836081849e-01
4.483181346690142122e-01
-2.657619360240394690e-01
-8.823424696303570069e-01
9.545408144377466320e-01
4.160162477525174984e-01
-3.325446184475822631e-01
-9.734760292371822388e-01
1.701575003736398028e-01
8.998921551486218640e-01
3.510874340213170769e-02
-4.408757611665809484e-01
-4.112222260881593927e-01
-1.000000000000000000e+00
-2.418781565864841221e-01
3.971573656322133217e-01
8.912066480950592284e-01
-7.465408322467008695e-01
-1.244241777883484390e-01
1.000000000000000000e+00
3.877064342796449070e-01
1.046881268934685139e-01
-3.081360009860337756e-01
-4.217473828769692235e-01
5.694625500248226002e-01
6.196550707078432030e-01
-8.646919000948141143e-01
-7.465678557866864962e-01
1.706475242924297420e-01
1.000000000000000000e+00
-1.760192543784222519e-01
-2.260748917018306353e-02
-5.319070237753441566e-01
-6.302901762547954423e-01
5.719670991653084124e-01
6.943033744459490286e-01
3.577713834992448105e-01
-5.147637322714936070e-02
-1.681573305564108001e-01
9.716430121344217241e-01
-1.000000000000000000e+00
-7.416424466111403158e-01
-2.776891649200508572e-01
-7.433040687022732795e-01
-3.551785412443969059e-01
5.237659506318754349e-02
1.796382935797029845e-01
-3.421939880216824381e-01
-7.876883392022396291e-02
6.771945519674457126e-01
7.911895224263277848e-01
-6.387685596903265317e-01
