5.374021144820164686e-01
3.050178929054370713e-01
-1.502056811072592923e-01
-1.816676847281311347e-01
-1.841102562320157954e-01
-5.384050242995193081e-01
-9.016624734187488333e-01
1.218612794078659523e-01
3.213266856984571263e-01
-2.756977582311675445e-01
5.621396735334477368e-01
-9.418539143686482928e-02
5.006298915590424725e-01
4.498727473550666600e-01
3.779988217189418354e-01
1.726292772800309128e-01
1.000000000000000000e+00
-5.703313171374757573e-01
1.000000000000000000e+00
3.739897591744692495e-02
-3.635076935413884547e-01
1.000000000000000000e+00
-3.816605312720844911e-01
-2.903403356526317314e-01
6.914580800421066265e-02
6.472620843044137873e-01
5.466566069218039559e-01
-6.726040649804614358e-01
-3.906035134237439421e-01
-6.841774717211133172e-01
-3.319644398249367301e-01
6.428910752426761355e-02
-3.751443828451732077e-01
-1.952200773581626581e-01
3.119194169700504338e-01
2.109064813925722870e-01
2.114544673079752635e-01
2.522932951202638829e-01
4.617742759720627754e-01
-1.598630757560369764e-01
3.007338342212426130e-02
-6.524126774613158153e-01
-4.914154528642786235e-01
-3.215102717632423168e-01
-2.276374040604856597e-01
-3.478300194025114589e-01
-1.782840642678700238e-01
-9.294363100280279566e-01
4.335835258390708380e-01
9.964325102862030548e-01
1.000000000000000000e+00
1.000000000000000000e+00
-7.071019049075863983e-01
-6.718640630598873148e-03
1.414699980979993166e-01
3.151121715019541414e-01
-9.857803059069356055e-02
3.404183221018874939e-01
3.646612001671450387e-01
-7.144819412765898159e-01
-2.967198900752030521e-01
3.994677398461123907e-01
4.498664525246327539e-01
2.799080736179719309e-01
1.000000000000000000e+00
-3.621706090020230251e-01
4.470740389689461525e-01
-5.661656591101196234e-01
4.721368180098353684e-01
3.142958755633278312e-01
3.222840240840726955e-02
-8.333665636642201280e-01
-4.374348634107326494e-02
-9.702006292598663872e-02
-1.020896927483034289e-01
1.000000000000000000e+00
-3.388141165422018375e-01
9.855450527541992356e-02
-6.344436369554233845e-01
-1.000000000000000000e+00
-7.817231373155184571e-01
1.714342964925681112e-01
4.213907417470245664e-01
-7.083728015197379158e-01
-7.625671700870276237e-02
8.865688690428992214e-01
-6.502788581301993664e-01
-4.707990863971859286e-01
4.388397265508151013e-02
-1.000000000000000000e+00
3.557879992686775461e-01
-7.284457649315607686e-01
-2.680581764156705349e-01
-1.708657999106569791e-01
5.736866195555967440e-03
9.390121161214096124e-02
-4.365063372654587326e-02
-3.705692108574701882e-01
-2.650990114529376274e-01
-7.133722724189444087e-01
-1.125982246708269463e-01
-9.690301299808679047e-02
3.083257120344211621e-01
-8.069855298708574765e-01
8.964541941496659283e-02
3.771138412234424919e-01
-1.000000000000000000e+00
-2.771558549258456572e-01
-4.057307270608881411e-02
-4.067987381746441256e-01
-1.147925458145904465e-01
-4.806934777063806563e-01
-3.892200191504120443e-01
-2.488834282087282884e-02
-8.633621974622591733e-01
-2.659143500679589378e-01
7.184307354685497415e-01
-2.236034726412937101e-01
1.730430364401727705e-02
-3.153498803291148178e-01
-3.457777741468320148e-02
2.211041862688529758e-01
-3.829398841694073852e-01
-5.839276425839629026e-01
-2.292149630301569818e-01
-5.411093559523175722e-01
1.920935481691876667e-01
5.667551260572214478e-01
1.870478330080562190e-01
2.415762023029595917e-01
-1.833607648905370979e-01
-1.844550878429062624e-01
1.000000000000000000e+00
3.532628561260082733e-01
-4.743012966627230265e-01
3.643081942975123777e-01
1.589366141896128570e-01
-1.481054683043050435e-01
1.862130765017131484e-01
1.000000000000000000e+00
-7.294373631062373020e-02
-3.187735634048688427e-01
3.206836653344373733e-01
2.433018322873785888e-01
-9.700974627750372226e-02
-1.246295815072478164e-01
8.880544933096922167e-01
-4.274032052998966158e-01
6.582726754478357423e-01
6.450562197189327329e-02
2.810643466328758833e-01
1.043959931111363149e-01
-1.998269345693345356e-01
4.166042485805497575e-02
-2.827010225934108167e-02
-8.044324201243846506e-02
3.626054696098326979e-02
-2.480069078695508744e-01
-3.780678237887402648e-01
5.404191041024547504e-03
-1.302488790753065229e-01
5.243405065609259008e-01
-5.351542832570369557e-01
-1.578556033242391465e-01
6.861364541701641118e-01
1.000000000000000000e+00
3.763846352045499555e-02
5.097418411380005843e-04
-2.288237342089703141e-01
-1.318219252029798616e-01
3.092040979860874450e-01
-6.847928691948168556e-02
5.066213262983008947e-02
-1.000000000000000000e+00
4.855439526107870746e-02
-4.117536229800818903e-01
1.000000000000000000e+00
1.365961317269808739e-01
-3.347022867117308564e-01
-1.821679096906505535e-01
1.000000000000000000e+00
-1.000000000000000000e+00
-3.459709840747374754e-01
4.156505434513808606e-01
4.372776216813788475e-01
9.959802399072627266e-02
1.000000000000000000e+00
-1.354139332671611407e-01
-1.350603487211904929e-01
3.922990698692716549e-01
-5.949978646613551803e-01
5.230927143414009217e-01
-1.945031352711314998e-01
-2.945920974401603498e-01
-5.946278116271078718e-01
-1.000000000000000000e+00
9.382463318513539763e-01
1.667486633104396099e-01
1.000000000000000000e+00
4.028190706241110974e-01
-1.000000000000000000e+00
9.143465508498843652e-02
3.300397114831801759e-01
-3.365066035988807935e-01
-1.162158243219986731e-01
4.839752069241740617e-01
2.414128529342086660e-01
-1.959533661996102905e-01
-8.948426148834603966e-01
-3.758497590016752765e-01
2.223095046594912860e-01
-1.641966586530027861e-01
1.267646797329457509e-01
7.769808125340235128e-01
4.967704168225094419e-01
1.000000000000000000e+00
1.311484303236495341e-01
2.162659349758930816e-01
2.169268037174102159e-01
-5.978696198361334035e-01
-1.925743845367674789e-01
8.211230819507524537e-01
3.557500235683075385e-02
8.934882435985830318e-02
6.265316377468130304e-02
-3.661210054114388823e-01
-1.115643838807039295e-01
4.797011786597462635e-01
3.044369561344931752e-01
3.676153680550885428e-01
3.668727371399190806e-01
4.015306787414794631e-01
2.736987185448483961e-01
3.183426140382751290e-01
8.630459921289621028e-03
2.798526518020792442e-01
9.482276703909536808e-01
-3.255205417273028534e-02
5.148700778836416969e-01
6.589391215617418363e-02
-3.118198587676705436e-01
2.755804635040843276e-01
6.556956209186468043e-02
5.711418181035944341e-01
4.483087905853999078e-01
-1.000000000000000000e+00
1.378399852319773800e-01
5.992655632163845086e-02
4.243207461051623497e-02
-3.625800321095448697e-01
1.000000000000000000e+00
-3.962435033453061139e-01
3.859173945626016011e-01
1.000000000000000000e+00
7.819667520080124667e-01
2.300418819914085145e-02
5.645392629287265818e-02
-6.934497161092813278e-02
-2.335780836549186668e-03
-3.116498470528656917e-01
-1.958795090760926949e-01
4.591457684347213797e-01
2.613760427503478700e-01
2.723457645497210367e-01
4.814455883771238953e-02
