-2.557925431737670952e-01
1.498463278858607750e-01
3.963325679536670587e-01
-4.904342980967341115e-01
-2.225956432018322551e-01
4.596808044548312266e-01
3.408114261802538403e-01
4.700940288614259277e-01
-1.883795096850668094e-01
2.178257665702711676e-01
3.618819186035521218e-01
-5.002067248274008060e-01
1.980390485471325568e-01
3.195965706995366196e-01
-4.818615998396565403e-01
4.423750620713093884e-01
-4.757742544673687624e-01
1.092506017047887856e-01
-1.764363582370084560e-01
-3.499484663781815552e-02
-1.369366392808483990e-01
-3.077140947199298870e-01
-6.851703779507680725e-01
-1.321996082055149069e-01
-2.050797278402416990e-01
-4.130465267031438459e-03
-3.814516501124921855e-02
-4.507936824206409954e-01
-4.426282614710277397e-01
1.000000000000000000e+00
-1.637972299569094847e-01
-5.722043424371623388e-01
-5.204918871247762313e-01
-7.075361008926679407e-01
2.105754716522543757e-01
1.439411597776333873e-01
2.134726881410035637e-01
4.076616071507350725e-01
-1.000000000000000000e+00
1.360129941600899950e-01
2.505223735016394726e-01
-5.510552544889135707e-03
-4.203375561999811438e-01
-5.380562242092329361e-02
-4.854633607705255982e-01
3.918435578836333422e-01
-2.035819416854180719e-01
-4.983776004268196669e-01
1.786018772806932109e-01
4.009646673236936798e-01
-9.632956111712223102e-01
1.000000000000000000e+00
1.817600644785495323e-01
5.759958442194970107e-01
-5.800518149113351729e-01
-1.369842533292345982e-02
5.267875154482738465e-01
8.511446215901448120e-01
-2.549112222746205414e-01
2.164369810515267833e-01
-7.665372844793366669e-01
-4.801459807908960986e-01
1.708399144818009141e-01
3.783679834763024052e-01
9.492516121599839929e-01
-4.568826821855067610e-01
5.471587000751254593e-01
2.513965678904865886e-01
-6.316055602945419567e-01
-2.123841696842737881e-01
1.000000000000000000e+00
4.799383065297434525e-01
-2.020880662280321038e-01
-1.365005507290717179e-01
1.000000000000000000e+00
-1.885384874945834899e-01
2.697423575893709291e-02
4.414165987038125571e-01
1.000000000000000000e+00
-1.207368007855553205e-01
-7.817739005920837370e-02
1.049285586179683483e-01
3.669485420810170706e-01
1.000000000000000000e+00
-2.555748994717066402e-01
-5.367107264722699167e-01
6.465965444377201887e-01
1.125210759625809021e-01
-1.151102322274591555e-01
-3.743872347984656956e-01
-3.886177142916810157e-01
-1.698299670016075180e-01
-1.104287379119632817e-01
-7.200727456312149277e-01
-1.000000000000000000e+00
-6.710481328914374988e-01
-2.508204158781516813e-01
4.075239193055542053e-01
-3.529042679562251483e-01
-3.713591425177391048e-01
-4.534107239024594005e-01
-5.704127237000703454e-01
-5.532444073048458089e-01
1.213618380976942690e-01
-1.252282987230515787e-02
-6.067366325993693854e-01
-3.272106411190535691e-01
3.267605766932698413e-02
1.777726109271427768e-01
1.048336827308163494e-01
-3.770817357860312136e-01
-2.049935995628408003e-01
-2.348557063187630134e-01
-9.039717677806259621e-02
1.204664218614395765e-01
-5.648574938553152514e-02
2.352442272824360470e-01
3.190152143812977625e-01
-1.532283191074479967e-01
4.292046605308356688e-01
7.071244300245942138e-02
1.000000000000000000e+00
2.244802433745400339e-01
-3.852589003881028984e-01
-6.294799107072618360e-02
-2.691983036286406394e-03
3.971568920623637644e-01
-8.720442649440511840e-01
2.216873722496252030e-01
5.148443281847316921e-01
-5.548939909206178633e-01
7.670909237490067811e-01
-1.000000000000000000e+00
-4.679570750083511532e-02
-4.090283139098580545e-01
-5.395845476726102152e-02
-2.728461086608900410e-01
-5.358391890879459218e-01
2.722381139970098674e-01
7.963248890352647713e-01
-8.049354063761349209e-02
-2.210544678001906127e-01
1.597409248990656061e-01
2.406511242131116959e-02
8.998707470958741683e-02
-1.538039441882849412e-01
2.580678015974016137e-01
-2.443823349980363824e-01
8.611173668429611405e-02
1.000000000000000000e+00
1.826787721103907691e-01
-1.347359748041606908e-01
-1.491498314595220143e-01
5.896453219583244754e-02
3.887495436654918035e-01
-1.143644308659056419e-01
-1.365058702488402553e-01
-5.253894632014280974e-01
1.000000000000000000e+00
1.061088397599308231e-01
2.447596478010863330e-01
5.963054335680765261e-01
-4.381979754595950460e-01
3.802956278043359006e-01
2.785074720175139684e-01
8.449395259917232837e-01
-4.864958157998477417e-01
1.225150126205837159e-01
5.414881720421067524e-01
6.818459443928026609e-01
-2.545984105104155404e-01
-2.106349201497809132e-02
-1.781152491558851692e-01
5.663372462069435898e-01
-1.000000000000000000e+00
6.830924495287721276e-02
5.725153740751359743e-01
3.537022198436789999e-01
-1.634300835992274492e-01
5.634692340784310804e-01
-2.732858198700488517e-01
8.113936715910531616e-02
-2.984333543111101772e-01
-1.707374147333776127e-02
2.926286021326453546e-01
-9.263055229449506101e-01
-5.793557950697820758e-01
-2.858723567803113097e-01
6.806191485418684461e-01
-2.167270932888010482e-01
-7.045078656944649131e-02
-4.382820350953617883e-01
9.174593597755845154e-02
-1.822679639824629494e-01
-3.163381261181627546e-01
-4.988440321862088744e-01
2.470906957057187325e-01
2.117194429981030246e-01
3.000181935277969336e-02
-4.604864375612828797e-01
-6.079514924441605794e-01
1.410412212743827332e-01
-9.277852193347441156e-01
-8.711506038145864217e-01
5.402463597265279027e-01
3.365494882748478189e-01
-5.558346903944134665e-01
-2.569037493744902867e-01
2.794764148061793518e-01
1.924156810064691636e-01
-5.014723701554358870e-01
5.471713886898633694e-01
4.409604840965917760e-01
1.147333444850991979e-01
3.921999915153263627e-01
5.605391518545135288e-01
2.883493622786343913e-01
-4.059883145844245256e-01
7.660301665011675087e-01
5.757675686379626345e-01
3.008105592357031566e-01
-4.107716361447955045e-01
-1.959311060863657972e-01
-7.533366757549910808e-01
-5.840541040969725595e-01
2.728094684576576334e-01
3.901794722750688837e-01
4.425338037940854674e-01
4.256686348828311317e-01
-1.000000000000000000e+00
-4.373878968305167092e-02
-5.011905954482214209e-01
1.577612592604271391e-01
5.045202627007407958e-01
7.969550308368806846e-01
3.170975161471900061e-01
6.073741763356452772e-01
-5.503741200197287409e-01
-9.387519434803731633e-02
-7.856490665088915470e-01
1.000000000000000000e+00
-5.052003621304512748e-01
5.061649573803675972e-01
-1.000000000000000000e+00
1.731572930068138172e-01
7.564195592548332847e-01
5.091443806078466833e-02
2.169748475640276841e-01
6.653079295741901600e-01
-6.798640931094543371e-02
-2.959276220213852282e-01
4.376042286780311708e-01
3.423279977988321621e-01
4.721212585809438367e-01
2.002889320805623374e-01
3.240748481956864935e-01
1.206414210629913608e-02
-7.464188529531183836e-01
-1.965735568952612367e-01
-4.760565788725560910e-01
-8.251165445657497877e-01
1.796361935073556571e-01
1.759449597670418031e-01
-2.085914616767567398e-01
1.727933330720797800e-01
