3.934627930273043028e-01
-5.067446147153247260e-01
7.308029118344284703e-01
-4.809195479227209580e-01
-6.779331428150706662e-01
-6.548366931822680037e-01
-2.435699654616473309e-01
6.589964541160604483e-01
3.968107829827134947e-01
5.610698604215498264e-01
-6.737830533077602269e-01
-3.873183439090844282e-01
-9.137368985482650918e-02
6.871712204842573835e-01
-3.636620812482754816e-01
-1.000000000000000000e+00
-6.918890026811295169e-01
-5.489322335345597770e-02
-5.057485528225641458e-01
-1.845271743552414079e-01
1.236404504325056830e-01
-2.212216721803202668e-01
4.238005138470176125e-01
-3.693124183310586561e-01
3.753719109264655462e-01
1.000000000000000000e+00
-7.165938540127103629e-01
5.615346476321014801e-01
-3.291125028177726564e-01
-1.000000000000000000e+00
-4.965338839921785291e-02
2.897034805813926139e-01
-8.173689521810615366e-01
4.917163745567569300e-01
3.795744460902351625e-01
2.887867993302352110e-01
-3.418886336817100746e-01
9.179013639707171990e-01
-3.933001614715528338e-01
1.460680403091931812e-01
-1.002043960439123332e-01
6.343698730252502749e-01
-6.891587266453332861e-01
5.689128483449152895e-01
8.782027676267534222e-01
1.806361280457909890e-01
8.554040548937882349e-01
-2.568598327672466652e-01
-2.347809118357148672e-01
2.297880892674196707e-01
-1.000000000000000000e+00
-2.269545417658161979e-01
-1.774189384009393355e-01
1.000000000000000000e+00
1.937288813737277071e-01
-1.000000000000000000e+00
-8.548594646464160451e-01
-9.167677017428544906e-01
6.510504419436704548e-01
-7.022149966970054891e-01
8.481277876333521704e-01
3.470896098111295180e-02
-1.261211981265513149e-01
-3.676152736797909659e-01
-7.494391450405646360e-02
5.632162767638440037e-01
-2.569783751107376224e-01
-1.000000000000000000e+00
2.331501056491588619e-01
-3.498207436779925406e-01
-4.667788827220821224e-01
-4.541845022646295860e-02
9.412187055724891005e-01
-7.518299134648886994e-02
9.599857176034942707e-01
-4.778151464544033722e-01
-7.328819406439075479e-01
-5.271569280069180463e-01
5.647272717275355486e-02
-1.000000000000000000e+00
-4.974867228962343568e-01
-8.500695399631026383e-01
-2.563420192868200442e-01
6.408124368445513586e-01
5.366888231514609364e-01
1.409223359736710424e-01
4.926126509695995526e-01
4.011817156903856318e-01
-1.551145377418849114e-01
6.948177301562790120e-01
-2.491129899178609886e-01
-5.820054229350547087e-02
6.475488017620560921e-01
-4.365351824136788905e-01
-4.118393118855328550e-01
2.416903948826981119e-01
-8.822447701810267606e-01
1.000000000000000000e+00
-7.510219187581781419e-01
-1.618962825455276255e-01
2.015029730736900282e-01
1.021205288057354249e-01
-4.798732048711690235e-01
-5.691372511989880589e-01
-2.833191149599293968e-01
-4.739710106276422141e-02
-6.664205789695262228e-01
-3.060449718199177022e-03
1.416948224718592164e-02
-2.855342928319379858e-01
8.353641503074743513e-01
3.037066877739556525e-01
-1.000000000000000000e+00
-6.654461992978527585e-01
-6.002849668374805603e-01
-6.204874432692468744e-01
-2.793315710293240439e-01
-6.354802988853369694e-01
1.949878169626931279e-02
-4.086065845653105710e-02
-8.106583449493044435e-01
-7.466297849041105827e-01
8.513553310159760468e-01
-5.613919506822164784e-01
4.230695667065821897e-01
-3.444029393067231659e-01
-8.917408893407581250e-01
2.555924362315628584e-02
8.923393344625789592e-01
-9.131932463122821586e-01
1.399295787473096853e-01
3.611019591425868591e-01
2.348997446119758803e-01
6.165932464864404966e-02
1.405078325352965007e-01
-5.736692572956382241e-01
7.058316187099220040e-02
5.019717194622596024e-01
8.671221380807900836e-01
-3.978304809677465914e-01
-4.367117232007480809e-01
-4.478939904857249799e-01
-3.905579024071779148e-01
-4.111056579721411031e-01
5.011749337385085212e-01
2.221110389610836400e-02
-3.221016983274331280e-01
4.761125709967066744e-01
8.381017427287361654e-01
7.587564273220285260e-01
-8.126157763134671530e-01
1.089493743107072671e-01
1.000000000000000000e+00
9.306138365646765553e-02
-6.670979599950276340e-01
-1.000000000000000000e+00
4.373431086395639933e-01
-8.741349129491613468e-01
-2.622630712178264378e-01
-3.209375510980712609e-01
3.247880492025504995e-01
1.737759841666658978e-01
2.948454811752624360e-01
7.835878006871901391e-01
5.679318654400086763e-02
9.995452889634511839e-01
3.267192268169242797e-01
-2.811551032977838149e-01
4.318795536890640552e-01
-5.010239606341305718e-01
-5.956578792037430237e-01
-1.380512970407251627e-01
-5.431555277701324291e-01
1.610405379992668751e-01
4.915404311686014105e-02
1.000000000000000000e+00
8.207297503754147350e-01
-1.498115579839779943e-01
1.000000000000000000e+00
1.000000000000000000e+00
-4.437348613836056832e-01
3.873468270102309874e-01
1.771894334801741300e-01
-6.499174061215645670e-01
6.827101583820378572e-01
-9.054203687786063215e-01
-9.815734767423793805e-01
-4.563814634610565135e-01
-1.471412743067765372e-01
-7.395501774997637057e-01
-4.858770180254179394e-01
2.143896365542704019e-01
-4.107663859812333840e-01
-8.168102205553943174e-01
-2.712250358399130312e-01
-3.490388227396759024e-01
-1.000000000000000000e+00
-1.729919614794723226e-01
-1.000000000000000000e+00
-1.222241329245183639e-01
1.169653636073623576e-01
-7.687967441864519413e-01
-2.507022065850234016e-01
-6.140080857257488312e-01
-4.155255818677975471e-02
-6.446122569558729865e-01
1.575535755053970866e-01
8.184986702154753990e-01
2.469993050955820446e-01
-5.882063175606350169e-01
3.730937100534552631e-01
1.000000000000000000e+00
7.197742709409690187e-01
6.795462223325543505e-01
4.412655823086517604e-01
8.321980001848560127e-01
4.272213306187434556e-01
8.697009744940682463e-01
5.150361063374102599e-01
9.391765346206357723e-01
1.721185490883475333e-01
-7.731051828115645952e-01
-3.674733959711194015e-02
-6.809472831535148263e-01
3.557668890921243943e-01
1.889865105226933850e-01
1.000000000000000000e+00
2.137167603856112152e-01
3.088927891397051373e-01
-1.000000000000000000e+00
9.046889556203651095e-01
4.691336754360192485e-01
2.248427481049606325e-01
1.727185558086099249e-01
1.000000000000000000e+00
-4.324963420717984897e-01
1.936451965215080506e-01
8.615548534728276753e-01
3.644941687963675347e-01
5.386892988951694772e-01
-3.107578186979824131e-01
6.103618253757790990e-01
1.000000000000000000e+00
-3.260105349169817313e-02
-5.693224404008656592e-01
1.097348805402846850e-01
1.000000000000000000e+00
-1.171611703792606596e-01
-8.061359798445913438e-02
4.983111267635482733e-01
-3.624371188602426574e-02
-2.511820876147322634e-01
7.888086916209025024e-01
-2.458327529760201136e-01
8.271481081435998473e-01
-8.324125727712193834e-01
-2.490387878575872072e-01
2.229214851912650064e-01
6.506226702762474279e-01
2.348467249232081000e-01
3.506283857820123862e-01
-2.991905583955867254e-01
7.753740210236656494e-02
-2.307684743001146010e-01
-1.372820895400189145e-01
