4.213607028256262654e-01
8.945282942615981892e-01
-9.882052706303010026e-02
-3.983064794218200144e-01
-3.584759744513116853e-01
-3.105865337180750974e-01
-2.919369703850983599e-01
-1.942181743659745496e-01
-1.130943217902571490e-01
2.586551794671834159e-01
-5.717594925158694247e-02
-3.937930186562700885e-01
2.969417554768831180e-01
-5.861483384413368469e-01
-1.000000000000000000e+00
-1.894554588457022515e-01
3.739650754969778834e-01
8.478046369977283447e-01
-3.047014515639163146e-01
-4.381697575286585544e-01
3.876326033482688782e-01
1.000000000000000000e+00
-2.018929370861491657e-01
-3.357703835938035120e-01
4.284735564743171743e-01
9.860045938478362304e-01
-3.731923730680011819e-01
3.602642501718334445e-01
-1.023918240587013279e-01
4.306133349326334847e-01
-2.200192872218958429e-01
8.360475387567475325e-01
2.440399528849986066e-01
-1.574738066095642264e-01
-6.753864579292562231e-02
-5.480006456322084052e-01
-1.157468419736016330e-01
2.317187659440728131e-01
8.874701389928922879e-01
6.848503747287815191e-02
3.017399258864723599e-01
2.225460189850742010e-01
4.492489601040569047e-01
-3.083255716461593132e-01
-2.192429185273888637e-01
2.858244895182517897e-01
-3.753323957963478064e-02
4.046592239171553085e-01
7.234385247167102184e-03
-2.788729002751774710e-01
6.175469430610189825e-01
2.076672174441239194e-01
-1.648015353270710359e-01
6.259385450845145193e-02
-3.690962868227454230e-02
2.319202425760080177e-01
-1.080057912220334371e-01
-2.525708892867266631e-01
-4.771351688261677437e-01
-7.184228681462671018e-01
2.976237596110681283e-01
5.743450606952786863e-01
-1.816381240408185271e-03
1.295401114105544926e-01
-1.330709290182812143e-01
3.449001532137212500e-01
-6.985837611499179367e-01
-6.201875528150542216e-01
3.771740314599836275e-01
-2.380027965501932685e-01
4.274819759920169271e-01
2.703521921295772845e-01
7.898148077460391825e-01
-9.215525634205640193e-01
-1.192124101434245409e-01
2.636058726310201994e-01
-1.342479468510870411e-01
-1.911148270123722015e-01
-1.610549022054033053e-01
4.966284660274791207e-01
-6.031608230783055274e-02
9.798816512207424168e-03
-8.215166843974903710e-01
3.613933177007821462e-01
-6.354107919815673577e-01
-2.423724240467835245e-01
-1.307322360266203187e-01
1.000000000000000000e+00
-1.418564756379457614e-02
-7.806678476124455646e-01
-4.001785915203714405e-01
8.427560700395828747e-03
-3.659742992816061857e-01
6.693990432583022399e-01
-3.210902254640259357e-01
-1.124365020242411445e-01
2.364875798861040823e-01
5.841061909412281761e-02
5.811468341335868093e-01
1.381568857470584222e-01
3.261697686255626838e-02
-1.752900199343333798e-01
-3.142373943796277214e-01
1.495296079812344359e-01
-5.046511895695273697e-01
1.000000000000000000e+00
-3.195782189116051081e-02
2.031579070998341119e-01
8.380303884229721445e-02
-5.069108302392113519e-01
-7.842557286349282064e-01
-9.134328514551343092e-03
-7.944553941427436872e-01
9.676215469285828763e-02
-8.109519491050853901e-01
1.973996799954080839e-02
2.513970600225016727e-01
-3.352788517408943070e-02
5.477586133775465271e-02
2.223902693892736426e-01
-1.000000000000000000e+00
-1.000000000000000000e+00
-4.413900501375296326e-01
4.210707112177037859e-01
-2.586316866509347223e-01
-1.540795054982608825e-01
-4.742444111447914612e-02
7.191925966615053678e-01
2.392805194432671700e-01
5.343288802405500304e-01
6.396875947550538510e-02
7.343314546983865931e-02
-1.772622790981663587e-01
1.588416311749111520e-01
-1.418258468420302287e-01
-4.499264865733934027e-01
2.543986612998282992e-01
-2.123379644761344553e-01
7.024294463144410416e-01
-3.206859725721274978e-01
-3.617590293678165647e-01
-3.043074280463875514e-01
-1.554142308475411904e-01
-5.909878608620453555e-01
8.650862394235964148e-02
5.487375706070067860e-01
-4.526594124628909865e-01
6.750429366495616645e-02
2.718927667295134576e-01
8.804874816057904896e-01
-1.202932768647094197e-03
-1.934357639233859616e-01
-6.909767089345588698e-01
5.684273009719785497e-02
3.977126522671404762e-01
-5.602180696179022146e-01
-8.712939271792258245e-03
-1.512155812616280265e-02
2.721267102929197934e-01
2.981791167057472047e-01
-7.865983358166944717e-02
2.286115468914816096e-01
4.578151463806507948e-01
-1.452697534816969893e-01
2.104441130885618405e-01
-1.842736289024124452e-02
1.000000000000000000e+00
-8.506982441277166629e-01
-1.358117118870386664e-01
-1.324747382024017706e-03
9.460094261839413488e-03
-2.129943587436751995e-01
4.121070338740545069e-01
5.539800433049724138e-01
1.627375431208569201e-01
-1.000000000000000000e+00
5.202625829982715500e-01
-2.066947393014565981e-01
3.728964977500224265e-01
-1.893695494594530571e-01
-3.830705120127304575e-01
-1.877688329265230494e-01
-1.597382825332205325e-02
1.211842753631858782e-01
-8.444519890203417978e-01
-8.252758405855915580e-01
-4.215533525624738376e-01
6.034161331299446596e-02
1.819367213765047120e-01
-1.000000000000000000e+00
3.196455822084584009e-01
1.887652319101184584e-01
-1.000000000000000000e+00
1.094893220590774791e-01
-8.591918809328821793e-02
1.289044438286202909e-01
-2.447176308313209203e-01
1.463774351150607389e-01
1.461644930823822741e-01
-2.562023689130019655e-01
4.466655388037857888e-01
4.478078441773565843e-01
-4.743035118885345902e-01
-1.000000000000000000e+00
4.542165552298270681e-01
-5.669023794114242953e-01
-5.200735360523202067e-01
-5.805265449091037144e-01
-1.000000000000000000e+00
3.011730246346590034e-01
2.254549701494461822e-01
6.258748294915845722e-01
3.034198553083968242e-01
8.490057254639087336e-01
-1.152918810584938752e-02
-5.530535192101121433e-01
-3.066359638775842944e-01
4.513647955728475880e-01
-9.316990827732893332e-02
-4.536708458674111322e-01
-1.128054078393869730e-01
2.248094173553039365e-01
-5.537151257892770628e-01
4.657250886117960120e-01
2.782075894097507107e-01
6.408350482541514959e-01
4.355546728279540147e-01
2.866682375167922125e-01
-3.072492333669499809e-01
-7.208612213687443093e-02
1.862960273215099605e-01
6.351931392322235359e-03
-1.000000000000000000e+00
5.347735185396086388e-01
-2.665378612896363575e-01
1.361647486457205347e-01
4.729337936289628730e-01
-4.574335718817800628e-02
1.000000000000000000e+00
1.470120757839089576e-01
2.466275943284748640e-01
1.252528164333661098e-01
-2.675538477425426498e-02
3.481880688798516532e-01
-1.000000000000000000e+00
5.536277196138178480e-01
2.151158825449717704e-01
4.342281411720187445e-01
5.368941573391607935e-01
-2.218840483426661458e-01
-5.177894833994707291e-01
1.195343186127190843e-01
6.487942318911288364e-02
-1.051460864966612674e-01
7.239936405838631739e-01
1.611329741994719789e-01
8.643969591134409436e-02
2.608038453061696238e-01
1.986424085432590136e-01
1.657138972239247665e-01
-3.930373703127460483e-01
9.910453176669774267e-02
2.772577236716394777e-01
2.342557404491776851e-01
1.000000000000000000e+00
