1.079632251092948469e-01
-2.228094007212255145e-01
-5.995043568668778633e-01
-7.763708972951807730e-02
-2.164784145286098305e-01
-4.056062221999858775e-01
6.816113735308462762e-02
4.690054976655597674e-01
-8.202505894350409221e-02
1.000000000000000000e+00
-3.687972859363300993e-01
-4.609194323484742672e-01
3.739065163725896479e-01
-9.255088348062026626e-02
-8.939400723444691499e-01
9.325173089160143647e-02
-4.566214670525811647e-02
6.920526868771341711e-01
4.122010323541972637e-02
-1.000000000000000000e+00
8.712899435148495630e-01
1.407701397762672058e-01
2.760695465184407338e-01
-1.000000000000000000e+00
1.000000000000000000e+00
-1.976447105338701438e-01
1.204705231195626336e-01
-5.894858154627142799e-01
-6.606620780540987115e-01
-2.711891243404133123e-01
-1.000000000000000000e+00
-4.773547037708393281e-01
3.615991151060934938e-02
5.050560880415748410e-02
-3.112699327477548850e-01
2.082243311120174911e-01
-2.154360969364627343e-01
-1.289802570409862292e-01
4.164903128060510884e-01
-6.560724775986354063e-01
2.918491268854324638e-01
-7.231337282809630063e-02
2.536896321198147675e-01
1.000000000000000000e+00
1.222397974720489111e-02
-5.032240711302531366e-01
-6.229263977937868901e-01
2.251935990131195553e-01
-1.861151617592468333e-01
1.229286062578985317e-01
-1.075619820667023108e-02
8.026556556079935678e-01
-2.509872404157674763e-01
8.686831675093667493e-02
-1.428256173504536819e-01
-8.683853744446101697e-02
1.200717786023961231e-01
2.791912626751891779e-01
8.781489695825034358e-01
-7.368124405473517324e-01
6.649694794173558465e-01
-8.448746280511246209e-02
7.121240633520992125e-02
-5.171354555560446764e-01
-3.926693836915013947e-01
-4.119451471041183366e-01
2.005840375749562976e-01
3.140825761025440865e-01
-1.719743210722709525e-01
5.816004910674860140e-01
1.570458073717984626e-01
1.000000000000000000e+00
-4.425515927054634036e-01
4.145596317016540799e-02
-7.895078999333442482e-01
-4.753512173628134940e-01
2.664315342601732972e-01
-1.000000000000000000e+00
1.083457358485331867e-01
5.544504525082845081e-01
-9.723873196324729629e-02
7.227036359014445965e-01
-3.750300570008208156e-01
-7.388578486095781495e-02
-4.579212019706633413e-02
1.915759186767052591e-01
-1.000000000000000000e+00
4.043438755295328813e-01
3.362870105926708542e-01
-2.697487489589329157e-01
4.998774524353476467e-01
-3.956672878200400145e-01
9.460192483507642858e-02
-9.806043469333570739e-01
4.899011561954357830e-01
2.575553265096309219e-01
-1.000000000000000000e+00
1.874631372643373595e-01
1.936749222680016480e-01
-8.127887858934753629e-01
2.298543005607467382e-01
-2.184188918352068798e-01
-4.090677287799010520e-01
-6.025503127029729900e-01
3.147519792376484160e-01
5.380257398169520089e-01
4.979420940427804754e-02
-3.150066230032106535e-02
-1.369084000975045734e-01
6.725997682711641890e-01
4.685980562022721840e-01
1.000000000000000000e+00
-6.318749624795745312e-01
-7.093010092870211114e-02
-2.551955602104590826e-01
-1.142727414998001151e-01
6.734982633305979238e-01
1.000000000000000000e+00
-9.373961327857927017e-01
1.228502079129537850e-01
-3.250170685454549790e-01
1.067404389418942917e-01
-2.753043943655228420e-01
-2.654164464967463388e-01
2.428088284052462020e-01
-3.789611325469037229e-01
9.380204929829362159e-01
-3.111909009467055398e-01
-7.299625107960014958e-01
-6.673110575591947868e-02
1.229379398406290069e-01
-5.577923497161063615e-01
1.000000000000000000e+00
-2.367366078173678001e-01
-3.507568864880430404e-01
3.131750762656598241e-01
1.157431838969435467e-01
-7.785163684793517946e-01
-4.136009009674456172e-01
-2.012993628609569818e-01
-2.481716078070361070e-02
-5.385889071223978752e-02
-2.580175176224381861e-01
-2.255240761023708795e-01
-1.000000000000000000e+00
-1.589581545289715514e-01
-6.436809000518179946e-01
1.000000000000000000e+00
-5.678664723253058072e-02
9.450625545779347547e-01
4.293884733852460500e-01
1.488361179335367934e-01
-1.882494812450315469e-01
1.000000000000000000e+00
1.000000000000000000e+00
-3.938266239791837209e-01
5.078302783744224058e-01
-6.401140531911957421e-01
-8.116067918902487854e-02
3.562012641282837067e-02
-1.000000000000000000e+00
4.117545351374080065e-01
-6.412675274438942030e-02
-1.000000000000000000e+00
-4.693264240245727248e-02
-9.030409890066196099e-02
2.353389556954539885e-01
-8.974351061471425028e-01
2.831027955050500755e-01
1.758171534807694003e-01
6.989326340943509130e-01
4.011317005083449572e-01
-4.413521974933489744e-01
3.293864049661525684e-01
3.380533252206880390e-01
-1.148484029404237411e-01
1.758215526360555891e-01
7.538430297392617607e-02
-3.107207506210035719e-01
-1.144811615635967228e-01
-2.717493421769596740e-01
3.162019141121699128e-01
-1.000000000000000000e+00
-8.596561985408236739e-02
1.965356379979230628e-01
-1.730843324051241083e-01
2.827655721569151126e-01
-8.314200971619022384e-01
2.367691087583530529e-01
3.165782352149429935e-01
-6.131960020716534926e-02
1.710422613421125337e-01
1.017811983356660122e-01
-6.633571892272662751e-01
3.937474836375457476e-01
5.888520142800471868e-01
3.177692186093128424e-02
4.222659332642785812e-01
-3.800617389733926266e-01
-3.283139148436152177e-01
5.564306194609552891e-01
3.792994651403570061e-01
-6.221606901006414281e-02
-3.905273982714812520e-01
2.738186247894561776e-01
6.638845037600665799e-01
9.246875835678210198e-02
-3.016618099545933518e-01
1.822333665802196301e-01
1.640523763446901928e-01
1.000000000000000000e+00
-2.596472521428224711e-01
4.501918094211788679e-01
1.000000000000000000e+00
1.175994532511745599e-01
-1.000000000000000000e+00
3.007848193994992481e-01
3.361980601492682297e-01
3.784118255858834878e-01
3.484794923959106949e-01
5.059257909877433734e-01
2.429958130422696927e-01
3.553830756893237158e-02
3.777718592221176452e-01
-5.155060169400470516e-01
9.353360724458105457e-02
-8.375698307450223368e-01
1.000000000000000000e+00
2.094017756172673606e-01
1.097890799149124214e-01
5.919204670706564864e-01
2.664827011825268710e-01
-6.373690374545589732e-01
7.314514553746160885e-01
-1.781193688273368936e-01
-2.496880892874776825e-01
4.801264276555476940e-01
3.035387942897937452e-01
-1.000000000000000000e+00
-6.633571892272662751e-01
-6.192715074959271870e-01
1.000000000000000000e+00
2.697483660408299677e-01
5.552785692832205022e-01
1.000000000000000000e+00
-8.267851259738676628e-01
1.000000000000000000e+00
5.956686119936198676e-01
1.494257196862271708e-01
-3.446435832189275184e-01
5.383758626388925883e-01
-3.290415774234770052e-01
3.930379608785144474e-01
8.631381538250990637e-01
5.243382974422119425e-01
9.819352558301651657e-01
-3.345770567060233347e-01
-6.077525235960749006e-01
5.666964505324968426e-01
2.156276743174389554e-01
-5.296552522533155560e-01
1.208907931315117146e-01
8.790721305663516949e-01
-5.805326429705444380e-02
3.345584795957929347e-01
