7.875559731013176412e-01
3.691176930178012849e-01
-9.139365564622867200e-02
-4.273853314377232954e-02
-1.225843791266465754e-01
-1.765535555100523069e-01
2.116011130225203263e-01
4.163229970589610307e-01
3.986999016280738939e-01
6.424381433789952967e-01
-7.452850660926799709e-01
1.552238201689719599e-01
6.069894487516845905e-01
4.729007082632024628e-01
6.521860573070792366e-01
5.246911760191516061e-01
8.492931571237355426e-01
-5.933106809479939958e-01
6.010796355715015693e-01
2.988369154517902526e-01
7.524424193951956275e-02
2.194019849460255578e-01
-8.823371325288545952e-01
2.552952831526882904e-01
-2.855480832662190549e-01
-6.030193738289378880e-01
-3.433955328456770317e-01
-5.300779544886184969e-01
2.675809748346639205e-01
4.026259683643953480e-01
1.953766717713853740e-01
8.038768473879072118e-01
3.589313786794190997e-01
1.000000000000000000e+00
-4.109829142438287675e-01
4.182777394464270992e-01
3.843167135603694357e-02
1.550118801117187917e-01
5.388581936049466337e-02
-3.635621173788677329e-01
8.746104599469916030e-01
1.748140267266926617e-01
1.082877269150807620e-01
2.663459219418685131e-01
-5.913959505796346772e-01
2.152963891271026109e-01
-5.013231084328403364e-01
4.290862795653000994e-01
2.155084689265386322e-01
-9.518240624908602676e-02
-2.687802007247089842e-01
-1.720516193058904686e-01
2.046647505828245728e-01
-6.915904215906883978e-01
6.011127840072844064e-02
-1.038080461025452372e-01
1.091498521890534867e-01
-4.817213935324429208e-01
-8.496162245534816249e-01
2.642333529412175808e-01
2.382901806926698840e-02
-2.517778802827022600e-01
-4.528096982264203652e-01
7.821021982604919875e-01
-3.417441607789330482e-01
-5.537724238015345746e-01
7.329703181711646476e-01
-7.236758900097659541e-01
-4.451817042977885275e-01
5.523565729308289873e-02
3.621561379393516966e-01
6.332809464113065001e-01
-9.759058149174892893e-02
-1.000853299584518602e-01
8.581577495773266839e-02
3.106693570402394577e-01
2.231109166445341130e-01
2.086749478767958854e-02
-4.218545265057970228e-01
-4.465708586890449472e-01
-7.312007837493740559e-02
2.777684669569209230e-01
-8.934440070308968807e-01
2.898390665648006848e-01
-3.477811174562766006e-01
-2.605803691949840073e-02
-3.422137661374662354e-01
3.066234490204692853e-01
-5.382430097641190958e-01
-1.037896535117621560e-01
-2.249730580837973615e-01
-4.570235250931617976e-01
2.742005211819141808e-01
-2.609707395965498722e-01
-3.298138035940931800e-01
5.513530705021688627e-01
-5.970385756267027055e-01
4.487005685460568882e-01
-3.333431641597861539e-01
-8.551642111246599010e-01
8.994151886555121767e-01
1.703525559526811173e-02
-3.565527105548701448e-01
4.471998200922425726e-01
-5.094270987323977762e-01
1.000000000000000000e+00
1.237105940314952579e-01
-7.515592770619581309e-01
-4.051986488783321794e-01
-3.929153463743235708e-01
4.188590170026521564e-01
5.434906806664548951e-01
-4.689104322855069951e-01
-7.724730314468997161e-01
-3.682366444704538999e-01
-5.802827364441558444e-01
-2.279017037297411952e-01
-1.529350719201231779e-01
-3.837407297980616749e-01
-1.000000000000000000e+00
-1.849832142442511540e-01
1.736071099653504202e-01
1.484279688998527136e-02
-6.353205556680746602e-01
-2.318147286852261235e-01
5.297564974133617266e-01
-8.501013205599482203e-02
1.000000000000000000e+00
9.720172207487667859e-02
-7.033112234235577853e-01
1.387174729174593113e-01
2.532608203760373655e-01
-3.881693041427163871e-01
6.495068772792538248e-01
-6.413074729981672606e-01
-6.558765466850515757e-01
-2.828540767702736325e-01
-7.754432066855438954e-01
-1.576738132593493158e-01
3.561398718104782368e-01
-5.581133122516599432e-01
4.774377500832114318e-01
4.959378420193317205e-01
6.324636642290324406e-01
-1.037415654701496909e-01
-1.222932797180208142e-01
5.121863169001931171e-01
-9.037334750862806299e-02
5.651842092915386750e-01
-5.129907032026734814e-01
6.449506913969460520e-01
3.899385352226568680e-01
-3.823687356021257533e-01
5.742310912767325526e-01
1.000000000000000000e+00
-1.259734150188179247e-01
4.744392215505243704e-01
-2.312246049347925769e-01
4.555852781605066459e-01
-6.582917528126185358e-01
-5.092479418581628003e-01
2.641942999754322979e-02
2.174790502862337938e-01
-2.514580695801171828e-02
6.962541564242544223e-02
8.501500359371274573e-01
-2.077092020008197704e-02
-1.423507951855790266e-01
7.299761918867008204e-01
-2.724978376617603892e-02
6.968060685738890481e-01
4.279045557198033478e-01
1.551720503202867474e-01
1.986779931982890490e-02
-5.358488467637810837e-01
-6.863677659869125147e-01
-5.675256752206176980e-01
-2.390623014897890197e-01
3.970638605719586378e-01
-3.889150970270205399e-02
3.673900977733531859e-01
-9.863270469520521999e-01
-2.110811292092220348e-01
7.322356053275135279e-01
2.462555331210024290e-01
6.665193410212085778e-01
5.891275128457730270e-01
-2.332273765724156567e-01
6.500904802739659871e-01
-4.931913215100553471e-01
1.425074492475075227e-01
-6.042293719710120081e-01
-3.558990522848508586e-01
2.284152884399386352e-01
6.009157425978345346e-01
-2.551565910327107112e-01
1.234243163315989211e-01
1.264788255849954857e-01
-6.095996519533293245e-01
-6.335282028289203338e-02
2.960088832331400632e-02
-4.984180401226942503e-01
-5.610921164549406148e-01
-3.490974595280439408e-01
-9.719804506355244067e-01
-1.190723356697372115e-01
4.413183751700257562e-01
3.720600179332381741e-01
5.675574546761971151e-01
-5.383175150365188122e-01
-2.075221914372608056e-01
7.207715629369071397e-01
7.458852912473383778e-01
7.716537995419838758e-01
2.301194008495049126e-01
-7.779916095953430533e-03
-8.224674576310520013e-02
-4.442081673193477021e-01
4.966075082117535899e-01
5.371945824815813619e-01
-3.322564776070454640e-01
-1.638160069601240498e-01
4.906704676835404455e-01
3.867628307670921139e-01
-9.608313900701108690e-01
9.604922267906534916e-02
-3.610701448390862822e-01
1.031899413165927593e-01
-3.108934541645473892e-01
1.356824983412578955e-01
-6.585533421643335883e-01
-1.145480014148700376e-01
7.877484549803295821e-02
9.759459248223213423e-01
5.331711659582947377e-02
5.342683958930183330e-01
-4.207350675923317018e-01
8.662160223168726692e-01
-3.333246367115546560e-01
-2.332644343676966436e-01
6.521030211264502441e-01
7.834075955589130114e-02
2.607816856510948300e-01
-4.409507672072148776e-01
-4.111051344444290878e-01
4.268770841121609649e-01
3.753742919369750242e-01
-1.447080040107171783e-01
2.579357675595294053e-01
7.090255321335514616e-02
6.176806609578651130e-01
8.872694511022113373e-01
1.896351541399534379e-01
2.404692017631812617e-03
5.411030551450635162e-01
-1.149589868760165362e-01
1.000000000000000000e+00
4.050602999222993605e-01
6.363365481895355558e-01
4.856500148688781549e-01
3.261620228988292292e-01
5.725081924955123247e-01
-2.691400993202154313e-01
7.125989528289299324e-01
1.000000000000000000e+00
