-4.251026002334621356e-01
-4.453713029336617835e-01
5.142119018180160150e-01
2.276747652667643340e-01
9.758695486739121794e-02
-5.649547561414897112e-02
4.263592458009639041e-01
8.072793670031817859e-02
-6.227400859810705569e-02
-3.517158733055860687e-01
9.199939443464473232e-01
3.368498014867266632e-01
9.261778301009354619e-01
5.305258624047437532e-01
1.524888739046213471e-01
5.697579599542722251e-02
-1.231560719890465450e-01
-1.214145645367681048e-01
5.260843655961796594e-01
-5.031375102547439582e-01
-5.161251095165531044e-01
-2.549234035115185426e-01
1.446839978564534723e-01
-6.181763745048169945e-01
-9.089418871853081061e-01
-9.375519677626004134e-01
6.419152401811025754e-01
5.929168844441220498e-01
2.961425176851218977e-01
-3.625379889868739491e-01
4.839527950308339550e-03
9.016890121928492485e-01
-4.251067923008041705e-01
7.206607063906830257e-01
8.861778837627273808e-02
5.291281849149489513e-01
3.160725796441735680e-01
5.917446066106906155e-01
-3.205645822370882803e-01
5.443977339133150573e-02
-1.319547940874214176e-01
8.952199119056466481e-01
-2.612120288262223533e-01
1.000000000000000000e+00
-6.092558624988223537e-01
-4.283738708813333851e-01
3.557153259430803072e-01
3.271296534119709776e-01
-4.543925171366977045e-01
-5.856635731099705255e-01
-6.693584509459293841e-01
-5.196367486293408666e-02
-2.732811440816067527e-01
5.703006204536210655e-01
1.873525870343086819e-01
2.501982504798293538e-01
3.636207391751347107e-01
-4.118454144221019297e-01
5.051599371443127318e-02
1.184614633295565621e-02
4.668725718061123575e-01
-9.030417992454412013e-02
3.457956225208289047e-01
9.512102579532656366e-01
-3.850013067285588120e-01
-8.888240565973084539e-01
-3.900691350303173710e-01
5.438146049619598799e-01
7.385520783507620868e-02
2.646992184685793559e-01
1.000000000000000000e+00
7.363094454586813775e-01
2.979920886947616809e-01
-2.201721156225693310e-01
-4.058252685455794317e-01
-1.003268146278109285e-01
4.576007194499785435e-01
3.660117850244739568e-01
1.817958172315301824e-01
4.676630735819593543e-01
-8.018196303439406591e-02
4.480018859798185482e-01
2.698905063997044662e-01
-5.891677633925855861e-01
1.050697689873709428e-01
-5.694321410035572961e-02
-7.730728029382298860e-01
-9.566505971270454767e-01
-4.891091198007767038e-01
8.944211039910067162e-01
2.271520528401139716e-01
5.244571849681175513e-01
-7.377887590003059937e-03
-2.284320763581037805e-01
-1.515796562659304236e-01
-9.026669269406498164e-02
-9.040001534241687287e-01
-5.021652433251742043e-01
4.533238486149374080e-01
-1.464154746311412680e-01
-7.074830868851655907e-01
6.388627719194077681e-01
1.425692148128502312e-01
-6.072354883837959016e-02
-4.772146617669755231e-01
-4.405306937329550032e-01
1.000000000000000000e+00
-3.229063388925116906e-01
1.540309904769923688e-01
6.620112916504178324e-01
3.251976947129442963e-01
3.362540450058195129e-01
2.877860763888124840e-01
-4.482517220154360604e-01
-9.861086606973770152e-01
2.644888592059119192e-01
-5.595296678229465526e-01
1.222411817281059687e-01
-1.000000000000000000e+00
-8.927365248939768128e-01
3.807173036785422848e-01
1.434482767394210656e-01
9.155035288904561641e-01
-3.811496864635526838e-01
-3.681045067538359916e-01
-1.765925734368831157e-01
-5.947669184872846904e-01
9.609758341495089340e-01
-5.021711214404048773e-01
-3.974666413564775791e-01
7.158867858137297757e-01
7.809209360005215927e-01
-7.959624454515987768e-01
9.060614494997938362e-01
4.416305097717438399e-01
3.828011248336881667e-01
-1.693238656819472387e-01
9.388503043933883740e-02
4.248389060500883385e-01
-2.386923173012597543e-01
8.793724091968943002e-01
-4.527569974854929180e-01
-4.319364794680236042e-02
8.508950058133630812e-01
7.534237104138603591e-01
-2.474636610747036614e-01
-9.945476028340181074e-01
1.769922297024759672e-01
1.612957043012934188e-01
4.611535065579400183e-01
5.090837638957421696e-01
5.558978823611152587e-01
-2.271912698406873266e-01
4.200192212492380728e-01
6.222983123593788246e-01
-3.399352483649541457e-01
7.474938091832377118e-01
9.906809385126413847e-01
-3.449128342586750828e-01
4.631475772734802709e-01
-4.278182660073752142e-01
5.956658102949696776e-01
2.992692355938955662e-02
-1.000000000000000000e+00
9.436254661945647770e-01
2.889524317252231689e-01
-3.996890990126302778e-01
3.799751348396049888e-01
9.929412841786780519e-02
7.674438751891345945e-01
3.845182215493451183e-01
-2.801305359485377622e-01
8.797049551510915943e-02
-1.965628060588427983e-01
-1.000000000000000000e+00
3.592757556779270223e-01
-1.661831379019597377e-01
-8.161742544477609274e-01
2.401648680706815545e-02
-8.741695368168134195e-02
4.975720482776416209e-01
-8.828312091356478319e-01
-7.001383893451335050e-01
-5.502687288592038595e-01
-1.909561393128964835e-01
1.000000000000000000e+00
-2.756623659543930849e-01
1.039614916837180852e-01
4.010306650177330456e-01
1.557210857451604147e-01
5.382413595746584484e-02
1.327670098246575558e-01
-1.406871396813200170e-01
4.417770648014680002e-01
-6.612697320907376386e-02
-3.505142165714141833e-01
2.782095805102611785e-01
-3.154859723633079982e-02
2.980652621458120266e-01
4.867186031618220832e-01
-7.886129916445206584e-03
7.556469817088279362e-02
-7.940123210763480044e-01
1.721495417036529932e-02
-2.887122631043084198e-01
-2.648170238097782500e-02
-3.386118860233452432e-01
2.696282172287973178e-01
-3.346255976349766792e-01
7.191986156695014953e-01
-1.715822274498624844e-01
4.176265489354967775e-01
-6.405843340461350177e-01
1.000000000000000000e+00
-8.891177025584714455e-01
-2.883486199592100174e-01
6.352061311643549812e-01
-8.039840539126136276e-02
-1.867152935070066910e-02
1.239389842763473915e-01
1.972830716732087986e-01
-5.452737638479371839e-03
4.398753966179110853e-01
4.379409973036517689e-01
1.388011735815770087e-01
9.635864190366000281e-01
5.434327218672208026e-01
-1.873649938481075916e-01
-6.893385166317800294e-02
-7.502338343414546862e-02
-6.284644071494206452e-01
8.784667598939497335e-01
9.393203617360530722e-02
-6.136797074527375884e-01
4.278791246926533787e-01
8.733486059935942070e-01
4.868538144180660776e-01
2.233058242041112695e-01
-5.110185886338090011e-01
8.140494631824573002e-01
3.929856390041125969e-01
5.901460394341320193e-01
5.150417430554640186e-01
-9.115762914119104332e-01
2.979262657249140758e-02
9.677022329240787535e-01
-6.089525658621529336e-02
6.529328357342379929e-01
7.069875332678603463e-01
3.689200964433669849e-01
-6.058728809447896935e-02
8.041207595705468503e-01
3.138931411436656771e-01
5.679380330116988451e-02
3.815099776268763287e-01
-3.945489888878965234e-01
-5.584822788447715847e-02
6.224619715591609426e-01
1.000000000000000000e+00
-3.100017607798147834e-01
-6.086705013636732886e-01
3.347046023288797190e-01
4.263282427066976132e-01
5.299014879278414192e-01
8.567765805166509541e-01
