-2.913363999867061294e-01
2.906473627684751926e-01
5.125272016954002252e-01
-2.230224530118629089e-01
-1.010985087838807139e-01
-4.925026302718353843e-01
8.867735728603973189e-02
-5.730675548441637179e-01
2.170783177753697890e-01
-5.745478150297136377e-01
-2.650871241955372604e-01
-3.293472917233651320e-01
2.265116028079088295e-01
6.362390973001389449e-01
4.975311836236704366e-01
5.583915114682398428e-01
7.024024904306036543e-01
8.116642542925401882e-01
5.412856386983653234e-01
2.636153862189222208e-02
-2.590508381482624634e-01
-7.357827971950345880e-01
-1.919035408047370939e-01
-3.659663735084582870e-01
-1.782916815991041348e-01
8.121853898626116286e-02
-6.911551435525666032e-02
6.145196543842487147e-01
1.274351137951724722e-01
-6.334648803920517324e-01
1.241978404987963414e-01
4.865002807246138206e-01
-1.266383978491326112e-01
-2.170891803346204907e-01
1.690655809821230704e-01
4.653791085844619646e-01
-1.000000000000000000e+00
7.415861694970855567e-01
1.492945108644549435e-01
1.084904076958613239e-01
2.931606838872927168e-01
-1.979443826172680165e-01
-7.172308648593759273e-01
2.707605978531049673e-02
-3.070164481958005398e-01
7.768529528479037327e-02
-1.105817630091086023e-01
1.077396967528000266e-01
8.170063320340539281e-01
-2.602732972157562608e-01
9.891180019743062157e-01
2.832461726785487355e-01
-4.090873593992179758e-01
-3.682191604459738032e-01
9.153348109989698500e-01
-1.410596908652302639e-01
-1.661190916928268202e-01
-1.267180250967433752e-01
-1.146456945657011450e-01
-2.758172506912927036e-01
-1.000000000000000000e+00
-1.282241388343574595e-02
-7.235787118721074274e-01
1.210144827718165478e-01
-2.375549221095633878e-01
6.675543841828949221e-01
3.665232587260252028e-01
2.734842704421925896e-01
3.028675560314132431e-01
-3.492135182630417001e-01
4.803180239850620148e-01
3.561483673788777837e-01
-4.113824944214661272e-02
-4.347354624802058920e-01
5.338946227367858954e-01
2.188544803152242535e-01
8.348916868288576154e-01
8.272177845838130095e-02
1.220163980495877765e-01
-9.522950046770357613e-01
-4.355907116355415276e-01
4.870922369163398491e-01
-5.948688143097913272e-01
-1.260602637510801483e-01
-4.452185969784584474e-01
-7.445678847511971732e-01
-4.973916184564542986e-01
5.781730483435231216e-01
-5.765435710492810006e-01
3.178265041058908058e-01
6.885169648870155257e-01
5.898565656088115006e-01
4.871435654401956583e-01
1.000000000000000000e+00
-3.324227905033135810e-01
-4.871211124282094351e-01
-1.000000000000000000e+00
3.724421352539801222e-01
-1.000000000000000000e+00
2.647940772289074096e-01
4.930150602754762579e-01
-1.079508459683357624e-01
-5.353841237086427451e-01
-6.477321241326285950e-01
-4.068317106488625878e-01
5.276824408162295033e-01
5.743768663811361641e-01
2.964919656582098995e-02
6.990227873893093413e-01
2.409183256814258212e-01
3.801531603585156516e-01
5.531742611979761914e-01
-1.377286457094585304e-01
-3.776835014005955338e-01
5.752255553063090332e-01
4.061292726402971481e-02
1.822470015152560519e-01
-3.363432366811227037e-01
-2.648324686069765121e-01
-5.350240968769376382e-01
3.215850409936370502e-01
8.492553310651848597e-02
2.407610159239986780e-01
-7.745953654411290301e-02
-6.468237349224659205e-02
2.344205902820828136e-01
5.865305636215116802e-01
2.072425390794635502e-01
1.000000000000000000e+00
4.365834849638199067e-03
-8.820519823642400947e-01
-4.116641126333422385e-01
-5.852740602034379735e-01
1.080752514463232672e-01
-1.915601952771709693e-01
-7.845317709543135898e-01
9.072868424751691363e-02
-1.921642543654347168e-01
5.269229024388462357e-02
2.549272800743462852e-01
-5.478265191146429736e-01
-5.301029680835541713e-01
2.880621100260075673e-01
8.389775916160246982e-01
6.139450293932008362e-01
-1.580356393013981620e-01
-1.190497183745878873e-01
2.735739831205224459e-01
3.224158726483152826e-01
-4.538502830213128059e-01
1.245318092693721013e-01
9.868892953109337229e-02
9.379677759434390527e-01
6.366339237875677792e-01
4.446627909363547460e-01
-9.101310776811327719e-01
-1.843455908147750844e-01
-1.712091993996098238e-01
1.842356870656569889e-01
1.842138994798534490e-01
-1.148394971221136929e-01
-8.355723252726715566e-02
1.325862874847599793e-01
-6.899629323842415562e-01
6.541107118358771011e-01
-4.255790992534591033e-01
3.044494839279583975e-01
-1.130418929797627758e-01
-3.285423571913532181e-01
-7.211651413316717552e-01
-7.115925682858639800e-02
-5.833799916257428331e-01
-3.929871710356578340e-01
-1.763918191065712571e-01
-6.468559870093599784e-01
1.074741252231749267e-01
4.367983307930749931e-02
1.763236412638722883e-01
6.517919315844919459e-02
-3.072561736007837219e-01
1.509618039130529721e-01
1.773191821099198429e-01
-6.904980522098487228e-01
3.126794643720581246e-01
-2.332395202704456438e-01
-2.769393538326286319e-01
5.797567297500892947e-01
-6.098388612153939903e-01
4.479933151510471223e-01
-1.198060398122709203e-01
-2.381048060625719776e-01
-1.791771574343998807e-01
-9.540197615830561251e-01
3.626071330270405069e-01
-4.233442794711969048e-01
-4.305949861966303915e-01
-2.363386160603112712e-03
1.000000000000000000e+00
1.164378819653558578e-01
-2.232310411809337591e-01
-2.389055204305887969e-01
5.126542088178810408e-01
8.451176603653204333e-02
-1.000000000000000000e+00
1.139232545280886855e-01
4.607857460269804140e-02
7.622531550691182822e-01
1.000000000000000000e+00
2.573261545655687321e-01
-2.292070608533341991e-03
3.011749272995398186e-02
-1.137331499653504441e-01
2.885418586308350908e-01
5.738895524109526303e-01
9.186913462577964151e-02
1.438644395704952172e-01
2.105001447219914112e-01
-3.588760135293952436e-01
-9.897016784224126340e-01
2.503009081413594683e-01
3.350952502184694204e-01
-4.503866012206415581e-01
1.558650346279409626e-01
2.225579584920052423e-01
3.774329357497107629e-01
5.098263771852175053e-01
-6.838010934486598025e-01
5.979921020775703644e-01
6.061764148233779181e-01
2.588588492569749433e-01
3.408418337019591959e-01
-1.762831163063458828e-01
8.009737733205194443e-01
1.000000000000000000e+00
-1.524575597038593244e-01
4.273023295462231586e-01
-1.000000000000000000e+00
4.860751329114998409e-01
-4.133842310361623973e-02
-5.676257409125873982e-02
3.885658717502406545e-01
-2.133890827723081141e-02
7.508227359998944639e-01
4.082356597321214475e-01
-6.955776470201107120e-01
8.154013091500010579e-02
3.596902040079172358e-01
-4.533879308323455204e-01
-3.892742123506778840e-02
5.888087848893270859e-01
-5.731975830499885793e-01
4.306348570000317344e-01
1.772637590547386788e-01
-2.847018459853421501e-01
-2.143196136833058763e-02
-6.257632804780793867e-01
9.506664744066734007e-01
8.991347730187624343e-01
4.149540525664371371e-01
-8.656119663777228634e-02
4.232933930049783688e-01
-1.189629354692377794e-01
-6.603691196729171153e-01
3.439317411173363204e-01
6.440769402180348546e-01
