-2.895073170003944485e-01
2.218218645075195061e-01
-3.992961991956525680e-02
-1.000000000000000000e+00
-5.583598273349481278e-02
1.379227586399785210e-02
-1.000000000000000000e+00
-1.871309013672980692e-01
-2.301122754832370387e-01
3.400423563916870062e-01
-2.565394312520681841e-01
-1.000000000000000000e+00
1.084657781417835143e-01
8.446657184567568644e-02
2.714166768208765013e-01
2.255150723002264102e-01
3.686761203975816303e-01
5.132263491001901601e-01
-1.527249321956143380e-01
3.896336135735263828e-01
-7.763367805875491801e-01
-2.449795986578112705e-02
-2.983699124717590356e-01
7.612910246081819876e-01
-4.326272305392858675e-01
3.593201150008876188e-01
-3.557157867776590821e-01
-6.859678190686938626e-01
9.441298561918597398e-01
3.996417056331652007e-01
6.416099734381824904e-01
4.027146511557246344e-01
2.072315544121962894e-01
1.000000000000000000e+00
-1.215155196743895050e-01
-2.832456036463398830e-01
1.832453249178102039e-01
3.546707456495264976e-01
-1.085283968361064610e-01
3.761514318092296083e-01
-6.546191666608967008e-01
-2.158723659758547964e-01
-2.708095468566320552e-01
-1.662201503992458140e-01
-3.968910641668557671e-01
-2.825502659176137299e-01
-3.889697311155637660e-01
7.567016364796340655e-01
3.875692289207676167e-01
-5.326137569477298189e-02
-5.796181207960536541e-02
3.229428138844629981e-01
-1.196285111773204846e-01
2.565109072081496189e-01
8.857154679427613198e-02
-7.508888545664923475e-01
-4.433296516816637722e-01
-4.214897856594294057e-01
-1.181774646446245164e-01
2.968667757679699370e-01
3.059528572522328127e-01
7.670087407451847694e-01
2.555357948657600853e-02
8.093977594331023262e-01
-1.257996292291197749e-01
-5.954939110180629269e-02
-1.579653520926253829e-01
-1.053314921479728827e-01
1.197517744512595766e-01
-5.810523476747021521e-01
-2.394512659658545872e-02
6.330278213472001481e-01
2.348998659210150275e-01
-3.165914746009218517e-01
-3.994773269372781099e-01
9.327624774482540237e-03
-8.686805442672564104e-02
1.678133051539520693e-01
-2.230579350034089248e-01
-1.000000000000000000e+00
3.533756413409651076e-01
6.434174364447131644e-02
4.674458325953197435e-01
4.407249859524798308e-01
-4.519694719966458329e-01
9.740593250665841030e-02
6.053978285433163631e-01
-1.780346235751761874e-02
-1.010139125165204765e-02
-3.021928135382758729e-01
3.954499689820782371e-01
-3.794060852381435645e-01
6.379128285611962434e-02
4.310669655108614884e-02
-3.929801524999345652e-01
-3.402856870768501407e-01
1.789622424170247694e-01
1.000000000000000000e+00
-4.528463703793287332e-01
-8.013228380752142055e-01
1.625581086688956955e-01
5.682179273444822737e-02
-2.538059199142554401e-01
9.035510642399338099e-01
-1.206999178840797993e-01
2.369096943199806571e-01
-2.799506023637488017e-01
1.000000000000000000e+00
-2.671970804180645587e-01
-7.327516825238524767e-01
1.536117407668018964e-01
7.292821536707917718e-02
1.287346728861413214e-01
-3.104966514573614389e-01
-8.942093006736638872e-01
-1.383908336038769948e-01
-2.518579794031847729e-01
-3.539234494195495628e-01
-7.336126585567621650e-01
-1.000000000000000000e+00
-3.086866043735113641e-01
2.491442445039657172e-01
1.000000000000000000e+00
-6.069461082001883501e-01
-1.757083844052305110e-01
-9.027778823263457042e-01
-6.069146252439160394e-01
-1.000000000000000000e+00
2.605629490289046446e-01
-1.265009546574626664e-01
4.834746783831956884e-01
1.370350485155558962e-01
2.697117744969217412e-01
5.239784812381182988e-01
4.314493342586116220e-02
-5.654678426072811126e-01
-5.629524522126355679e-01
-5.439734954150230450e-01
-1.000000000000000000e+00
6.616296123332386925e-01
3.303518129772294865e-01
-8.879136901313821051e-01
-1.000000000000000000e+00
2.461497477248572041e-01
4.205816975537706170e-01
-1.977570045035222102e-01
-9.542332881275104040e-01
-4.483666431887652903e-01
6.505062059749405767e-01
-3.692864368940245723e-01
3.790568507885697658e-01
-4.600033834814835632e-01
3.615825616944678966e-01
-4.422130718718358944e-01
-1.347090172778671602e-01
-8.565863564296737065e-02
3.327250663801094299e-03
-6.473706514086295938e-01
-1.382711458165214458e-01
-4.064684669642321668e-01
3.749971387856098071e-01
-1.000000000000000000e+00
6.530113698347889128e-01
6.351612070693161138e-01
3.102191677826092175e-01
-1.969261683213551217e-01
-3.350113216767137969e-02
-4.360727813120414131e-01
1.000000000000000000e+00
-1.000000000000000000e+00
5.848612918034997721e-01
7.000333214435049134e-02
-2.189880118854131003e-02
-1.030494204279228665e-01
-6.451345827182848325e-01
-1.115860176457753455e-01
-3.683718210622151101e-01
-2.097126718973562620e-01
3.212594417524260448e-01
-4.095546642581653907e-01
-6.579937339962733944e-02
2.042709019287808347e-02
-1.000000000000000000e+00
1.032133536068348123e-01
4.983387816172284990e-01
-1.000000000000000000e+00
-6.286894963818662370e-03
-5.703520629640360662e-01
7.006738475071534467e-01
-2.256741727439565692e-01
-1.539913796102611865e-01
-9.825004530069354480e-01
-3.123562461355398612e-01
-2.132719727586609992e-02
5.695830450818875068e-01
-4.441314487768225905e-01
-1.634934389828804346e-01
-1.000000000000000000e+00
2.075198382073174808e-01
4.665044669725115778e-03
2.889331272230518111e-01
1.000000000000000000e+00
-6.333774741154153398e-01
-1.393188415847093076e-01
-8.598572025984563272e-02
3.815683790855706192e-01
2.187613822161842692e-01
6.670788064608756951e-02
-3.507707789298148415e-01
1.490127216270673016e-01
-1.144292882059501359e-01
4.168331522898749419e-02
6.061596152266515158e-01
-1.874348658598323780e-02
3.076380398155008633e-01
-1.210338833895832078e-01
1.357464370155467281e-02
-6.775394901089949462e-01
5.610754161367091930e-01
4.178074618780077132e-01
-3.316750915578836612e-01
-2.549817842335667661e-01
5.583228273014414489e-01
2.994788064583238096e-01
-9.102888097328886152e-01
5.532437956988466299e-01
6.686785026137069821e-01
4.807538645725243365e-01
2.225895083965999666e-01
8.492824209436844463e-01
-4.023329181517435460e-01
3.970617784849536092e-01
7.591339426582967009e-01
-1.545402175646359844e-01
6.255073748154271751e-01
1.000000000000000000e+00
4.094256192085726775e-03
3.100794022422679874e-01
-4.563845074806504032e-01
7.005767765104881084e-01
6.593536983591350431e-01
-2.608514053342366190e-01
5.030142882361301471e-01
-6.929783601493129108e-01
3.710076746723568464e-01
-3.714032612357334728e-01
8.799628561519267089e-01
-1.855477820400141531e-01
1.967798720107583055e-01
4.248476572987694433e-01
3.022947261451285339e-01
7.435298814658952704e-01
1.000000000000000000e+00
-2.385512756984938254e-01
3.169787744621747061e-01
-1.442408102203627529e-01
1.000000000000000000e+00
4.608011165992437763e-01
2.291274988448880612e-01
4.421936796726666508e-01
3.454117548154981288e-01
-1.000000000000000000e+00
-4.779308660162137068e-01
9.827481647320689406e-01
3.580818529707585629e-01
