-8.122918495712956322e-01
-1.325134076490329105e-01
-3.935981979250451346e-01
-3.955270041743943477e-01
-2.410164008531509028e-01
3.981770649988879418e-01
-1.883450808860362147e-01
2.031369248889230705e-01
7.494524501235387826e-01
2.619129118043103110e-01
-1.316364544144144055e-01
4.541399648560577318e-01
5.667438785677842983e-01
5.015930806131341235e-01
9.198818406621929455e-02
-2.340754464319294015e-01
-2.072345365001039830e-01
1.000000000000000000e+00
5.273180385036159157e-01
3.327777702620474121e-02
-5.657315065879620075e-01
7.456389833545249424e-01
3.022518361569941359e-01
1.000000000000000000e+00
8.954332908270037361e-01
-3.086743174439318671e-01
1.000000000000000000e+00
-1.920709007218212028e-01
-2.956191385531540261e-01
-4.030036483825555349e-01
-1.000000000000000000e+00
-3.814137617282937209e-01
2.134375244655926651e-01
3.851197447836685051e-01
4.639050201589708933e-01
-9.157168914892753753e-01
3.913467629674509396e-02
-3.756597769117918650e-01
-4.835681613677863533e-01
2.589207231212735383e-02
4.790412591121499530e-01
4.969332785635545702e-01
-2.017208985465697157e-01
-2.507283316103666726e-01
-2.389005704818548126e-01
7.983687235919627589e-01
1.000000000000000000e+00
-2.944501386148100364e-02
1.255983269203769237e-01
-6.344524228164192259e-01
-7.421869952532682280e-02
-1.615581037841133105e-01
5.567949332301951326e-01
-1.000000000000000000e+00
-4.959655061711806812e-01
-1.737837910462273483e-01
1.628958193330966864e-01
6.338338025367640238e-01
-4.031366813637397017e-01
7.944924706792140245e-01
1.769708617649418114e-01
-8.170884712295398700e-01
6.213013790812916826e-01
3.767253217721949765e-01
8.807232340939088466e-01
-4.055154371797459190e-01
-5.036049697116331547e-01
-4.575015338026308664e-02
1.701210439610753022e-01
-8.322727051537854859e-01
3.290044979793966817e-01
6.482632059631678878e-01
3.734092302389705464e-01
2.504100545825761470e-01
7.801347076829815430e-01
-2.908607820292187784e-01
8.599123925828969783e-01
7.468150192623235206e-01
-6.857908986527294637e-01
-9.463946641523137693e-01
1.985209286500924653e-01
-3.335362977593135936e-01
1.341755742860078482e-01
-3.487225523335795718e-01
2.323923563314204410e-01
3.224290719789567050e-01
-1.826864032025960760e-01
-6.555268518734749250e-01
-8.655582946994176963e-01
1.310711197690866969e-01
-7.981158437571229947e-02
-6.344199754074367203e-03
1.817967981480324291e-01
7.452247309672151154e-02
-2.566205962467352775e-01
-8.960636372865712351e-01
3.154297932363017698e-01
-1.969835164548649487e-01
3.469403691799382572e-01
-1.314769729872728998e-01
5.100080932469955863e-01
-7.614825689798150332e-01
-2.853461571211278192e-01
4.162333081916350097e-01
6.137151495596397943e-01
5.531933509699298729e-02
-2.931576991806265076e-01
-1.870171380838928366e-01
-1.960466346581366814e-01
-4.681427695048272497e-01
-4.218460745076610396e-01
-3.546054721987810798e-01
-3.347877868805672619e-01
7.801259324495295466e-01
3.007301818403675941e-01
-2.404873814207165172e-01
5.535972717761765693e-01
6.652881948498039211e-02
5.989443783612542482e-01
-3.409375494897735615e-01
7.763124829912190217e-01
-2.678255059426170592e-01
3.091659015111950515e-01
-1.385300693352447821e-01
6.636721314526839999e-01
8.791182622263814528e-01
6.872022370867650887e-01
2.759826120728717247e-01
-1.737157853715037559e-01
8.617150955768507203e-02
4.273024296148972834e-01
-1.422519058598319119e-02
-2.715616436663015332e-01
6.234982228306875651e-01
-1.035552592441043307e-01
-4.084517420650038977e-01
-6.696905099630960922e-01
1.226328829595736691e-01
-7.607076761285918032e-01
2.868293999549941242e-01
1.384203328329785820e-01
8.797663832099258396e-01
-6.088821594828995876e-01
5.285902549451608756e-01
-3.381300828749655429e-01
6.383070959167859160e-01
-9.737339452719422084e-02
6.867054395256880217e-02
3.539211781369117071e-01
-8.358537762616057298e-01
-1.164822563741997608e-01
-6.719684852486981219e-01
1.883454198020469428e-01
-2.373791119303680919e-01
-2.092621109487309006e-01
4.931164091641476177e-01
-6.198855846329408559e-01
-5.097251875470759641e-01
-6.058780492490414282e-01
2.769183049673749064e-01
-4.570584700215070684e-01
2.432600046990798237e-01
1.766761856739404446e-01
2.445517811315217060e-01
1.000000000000000000e+00
7.347704208877428034e-01
9.280538403791782631e-01
-1.791628572444741718e-01
-2.069490048056349674e-01
7.534956617189114692e-03
8.055131972611829783e-01
2.950276352658059431e-01
1.931592024430157095e-01
2.706861192000956651e-01
-9.065940879459744028e-01
-5.971972944950665330e-01
3.888146401002886415e-02
5.939912000766369715e-01
-9.297985916611977153e-01
5.901202526730583292e-02
-2.294209479561291343e-01
-1.000000000000000000e+00
7.569571917549735574e-01
8.240669121881738501e-02
1.550934692758023092e-01
-8.379605404500899413e-01
-4.860915964863299354e-01
-9.472957197311381305e-01
1.000000000000000000e+00
-6.610325781601640305e-01
-2.012254806045343236e-01
1.222444758243342172e-01
-7.222779351493342492e-01
-9.828951249006680213e-02
5.263076586222206199e-01
-6.330119273649689182e-01
-2.773887517676331543e-02
-3.628102095430989493e-01
-4.480681401283684862e-01
7.184820916666849744e-01
9.928761502079208601e-01
-4.389403167729803434e-01
-7.727833501224459778e-02
-3.949274068932340787e-01
-6.356205983162799278e-01
8.633370660330598190e-01
4.972484589661714804e-01
4.026281694711424386e-01
-9.813115870002236951e-01
-8.578254772427720276e-01
4.166343890854931620e-01
9.486886595093700913e-01
5.368583066379771784e-01
7.741529505120281485e-02
1.000000000000000000e+00
-3.280357566543952164e-01
-1.345617104084336491e-01
3.410977921080564634e-01
1.000000000000000000e+00
2.809612580409847071e-01
4.160431714896427602e-01
-8.464163405660546369e-01
4.505920227192484750e-01
1.051200553197949583e-01
-8.408545585028656122e-01
-3.921241443284426698e-01
-6.333846015735886681e-01
6.284654638825311057e-01
9.138753375563786197e-01
-9.813523101275972715e-01
-4.619561405185694247e-01
2.276470811486771550e-01
1.000000000000000000e+00
-7.484152558749328221e-02
-7.669503975174203347e-01
-2.765265952908212421e-01
6.441459159610003482e-01
-1.000000000000000000e+00
1.215155040933265512e-01
9.091935291130091024e-01
5.023937925086540135e-01
6.082295086665410189e-01
7.813923675312284267e-01
-2.859543105297041032e-01
-4.331148678315992900e-02
-4.904150832735533205e-01
1.000000000000000000e+00
2.886994561531270875e-01
5.113034043584504529e-01
8.955858007549910571e-02
4.033116103351768733e-01
6.335908666779421772e-01
-7.501363217257683846e-01
-3.692936616651373294e-01
8.488036954614083252e-01
9.945695719346715480e-01
-6.732443630287467118e-02
-3.768259553339639023e-01
-5.701970851274269503e-01
1.371415967966420624e-01
-5.010212352285580567e-02
-4.541067392795463675e-01
-4.475855664644859955e-01
2.943539662638627319e-01
8.706744963300075968e-01
