
0 39.299556 -2.487811 7.691674 -40.0
1 75.200907 8.707056 16.259378 -30.0
2 75.667281 19.944662 15.358496 -10.0
3 75.506939 27.874936 15.845425 73.6
4 86.087427 30.697722 18.256113 -10.0
5 86.087427 37.192071 15.819719 18.4
6 86.087427 39.922952 19.048875 -10.0
7 85.923229 38.614329 18.202998 7.0
8 87.418336 42.045695 18.795942 25.6
9 87.418336 43.382328 19.799194 18.4
10 86.864567 43.91192 18.825295 16.6
11 87.07704 47.45215 17.989405 25.6
12 86.087427 46.87972 17.42137 25.6
13 87.185142 47.43013 16.515107 33.4
14 86.087427 49.760973 17.714492 43.6
15 89.177405 50.875385 17.977517 20.8
16 87.812828 50.653835 20.028454 34.0
17 87.733573 57.99307 17.09952 35.2
18 89.252892 57.056641 19.275916 32.2
19 87.632828 54.436846 19.368151 60.4