
0 39.548962 -3.549395 6.343567 -60.0
1 48.732142 8.105056 13.946153 -40.0
2 57.394198 20.311403 14.828237 7.0
3 75.462666 26.867126 15.837139 -20.0
4 66.548962 31.140703 15.541064 -10.0
5 75.511062 32.234135 16.891722 -20.0
6 66.450924 35.369394 14.367848 -10.0
7 75.309641 36.715168 16.7234 3.4
8 83.820096 35.289757 16.843344 11.2
9 87.868142 40.608541 21.465359 12.4
10 85.979599 42.698651 20.856376 7.0
11 85.892892 39.195635 25.390773 46.0
12 86.976168 45.332102 19.232313 32.8
13 84.906986 50.128406 17.164236 7.0
14 86.976168 48.269212 17.688011 29.8
15 86.976168 54.029868 18.099016 24.4
16 87.991733 55.064864 16.568173 32.8
17 87.868142 52.292006 21.246323 32.2
18 87.991733 54.414413 20.77608 49.0
19 86.676168 52.62458 19.292076 19.6