
0 57.779644 -1.65233 10.175736 -70.0
1 57.779644 9.135114 16.06795 -30.0
2 84.314638 21.890557 17.090563 -20.0
3 85.757367 27.202698 19.156524 27.4
4 85.757367 32.930397 16.770158 -20.0
5 87.27194 34.395736 17.393724 -20.0
6 87.27194 34.290493 16.413428 27.4
7 87.642547 39.147622 19.668108 18.4
8 86.492892 39.133725 18.965566 16.6
9 87.27194 39.965797 19.196505 31.6
10 85.683229 46.093272 18.262241 13.0
11 88.023229 46.923221 18.343413 36.4
12 87.642547 49.990601 18.784249 36.4
13 89.265064 46.399855 26.697854 44.8
14 86.492892 47.301203 18.162125 36.4
15 87.642547 52.196371 20.12154 28.0
16 88.112828 53.670743 21.710724 28.0
17 86.639599 51.261998 18.752098 44.8
18 87.27194 52.674986 21.156934 36.4
19 89.012828 53.99083 19.729914 31.6