
0 39.648142 -1.731338 9.036341 -50.0
1 48.624722 8.682364 13.505021 -40.0
2 66.313025 27.282882 14.913533 -20.0
3 75.222348 33.797574 14.913371 -30.0
4 86.77004 33.018779 17.150245 28.0
5 66.763558 38.184323 15.506304 5.2
6 86.77004 37.362054 18.580747 -20.0
7 86.77004 38.496479 17.955386 3.4
8 85.052828 39.420299 15.803055 25.6
9 75.486571 41.913942 15.680584 -10.0
10 86.77004 38.308235 24.185042 11.8
11 87.152828 40.70478 16.60741 11.8
12 87.152828 43.222309 17.439406 34.6
13 88.112892 44.379043 17.503258 11.8
14 87.516796 45.550113 19.042242 13.6
15 85.307846 45.277692 20.119283 25.6
16 75.894055 43.396551 19.019974 22.0
17 85.307846 44.898703 17.90798 34.6
18 88.346695 47.834741 19.50014 14.2
19 87.332828 49.638112 21.01965 23.2