
0 13.163718 -3.369546 4.425647 -80.0
1 85.177323 7.196461 14.857736 5.8
2 89.997441 24.319686 19.233719 -10.0
3 75.511062 28.016846 14.917134 -10.0
4 74.39877 32.193276 14.957652 -20.0
5 84.592828 35.901035 14.402081 -10.0
6 89.997441 36.81619 16.372167 5.2
7 75.470571 40.003959 14.184742 2.2
8 84.592828 38.311032 15.039821 -10.0
9 75.401578 41.311254 15.995292 0.4
10 83.214717 41.18093 14.805041 45.4
11 84.872828 42.729919 15.312576 2.8
12 85.863229 40.291633 16.971296 14.8
13 89.256796 36.437962 23.960264 19.6
14 89.256796 42.851579 17.866628 21.4
15 85.59194 43.534324 16.230279 22.6
16 86.852828 43.126289 17.92953 38.2
17 88.472892 48.707586 20.20865 22.6
18 86.852828 48.297076 20.046871 14.8
19 86.618539 49.729171 16.043773 19.6