-1.000000000000000000e+00
-7.240702738305861974e-01
1.734777378034062789e-01
-2.518967110075638338e-01
1.729284442617375905e-01
4.979612079033355898e-01
-5.289457755883011369e-01
-4.071195762930741591e-01
-2.056551983922148830e-01
-5.398150181559544514e-01
8.499774836151152702e-01
8.473044428027737274e-04
-7.856749361236518014e-01
-4.961160159347010601e-01
-9.696192716118312571e-01
-2.722308759832532954e-01
-4.663793439366762383e-01
-5.362700437237721829e-01
3.721836674163119252e-01
-5.924643463640424934e-02
4.993107500271035670e-01
-2.829618721048114960e-01
-4.302611059627238776e-01
2.956538977745159502e-01
3.171507195702953363e-01
-5.176165342145168102e-01
-2.065129842862390985e-01
2.117277998892230229e-01
7.606330982963293019e-01
-5.386429836117975767e-02
4.567133193037598016e-01
2.333251488036066079e-01
-3.167902100839319335e-01
2.005256796411106490e-01
-6.991565410518876256e-01
3.159647742500350243e-02
1.000000000000000000e+00
-2.024698536503560520e-01
-7.458818241294769003e-01
-8.468938325382646681e-01
1.826498866498457163e-01
-1.000000000000000000e+00
3.782770226265615987e-01
-4.829237401439848143e-02
-3.340425577356570530e-01
-1.438509440553345509e-01
2.785271000748726355e-01
2.884030623789574088e-01
2.315935775711223943e-01
-6.019849364260874136e-01
-2.623006675013189737e-01
4.799131423064737501e-01
3.199746376379867807e-01
3.494641181459975376e-01
8.055800128008725469e-01
-1.314206059715921637e-01
-2.358565468750366267e-01
7.400323246736759120e-02
3.340986817103815953e-01
-1.000000000000000000e+00
4.697455456341238511e-01
-6.375854372215515875e-01
2.538302695440648460e-01
-1.375785049845921759e-01
-3.162075231422381005e-01
3.914432241423771996e-01
-1.308093901141177962e-01
8.726542623561750478e-01
1.514518247066502787e-02
8.586243361739454016e-01
-3.263040175012182909e-01
8.165480372558191202e-02
6.922552521685287896e-01
-1.759407049274573365e-01
-2.773495838793041957e-01
-8.907888510087065559e-03
5.073295345502251141e-01
-9.307791197537086669e-02
-5.689055758154094589e-01
4.761589166219548086e-01
-2.095040115104900014e-01
7.763606851944856446e-01
5.034759610637028482e-01
2.530124291028191807e-01
4.369596969774316442e-01
2.786246512489916061e-01
-2.024442958202045117e-01
-5.990112898508834771e-01
3.396242311395759050e-01
2.904000625820043480e-01
2.801699316749517443e-01
-8.634003362776934698e-02
-1.091592519187771643e-01
-4.503371063111947237e-01
1.436784336785870697e-02
-1.116887502112748343e-01
-3.249925084584033841e-01
4.840098156812679825e-02
-1.017217595132116070e-01
2.276817374833565166e-01
1.016084001026588413e-01
-3.288747609079696321e-01
2.084099041843082839e-02
-4.859983929567638361e-01
-4.603142914746624625e-01
6.751561660713927271e-01
2.575027362936971875e-01
-2.529418053758950569e-01
-4.235833389250294179e-01
-1.608561948521949891e-02
-1.022469144850764733e-01
-2.566176056140506145e-01
-2.404954256092424469e-01
4.545314298211259318e-01
-3.297049849539509525e-01
-3.444746892101434588e-01
7.470566500975425184e-01
-4.173232963030634735e-02
-6.409415738087368419e-01
4.674169936990935081e-01
1.000000000000000000e+00
3.988497917826530070e-01
-5.776930130159957377e-01
-6.291254515777021661e-01
4.638975932574284089e-01
-2.988070452074699235e-01
6.435850829307627752e-01
1.692905571697336797e-02
7.176141880215221036e-01
3.273325179841756194e-01
8.693845123040468970e-01
-1.671428448468893491e-01
-3.220389286495142778e-01
5.392757408109295492e-01
-1.549267100305229405e-02
8.268292901025604547e-01
-6.969566905551617397e-01
-3.907572043521783112e-01
-4.503999729316575107e-01
6.687296525853328455e-02
-2.165648228865351410e-01
-9.474654683352157214e-02
-5.304649552486886410e-01
-1.300605589856166922e-01
1.000000000000000000e+00
6.554853565013106786e-01
-3.191742168727300655e-01
1.076888763832811041e-01
-1.157739339850936688e-01
9.914671803831212049e-01
3.896984113053591492e-01
5.288663010543447063e-02
-2.494939439607848364e-01
-8.218800182194025972e-01
-1.482269075062378205e-01
4.366738894886594557e-02
-2.798293402951496089e-01
2.141172306652919244e-02
-8.079260156474533661e-01
-7.237435039525553782e-01
6.047679663977719722e-01
1.560375839773017748e-02
3.729618800927317901e-01
-6.035420830323389163e-01
-8.170771108305452390e-02
-4.987344718865446280e-01
1.000000000000000000e+00
3.977219896619704764e-01
3.936987735546253475e-01
-5.498128003941916697e-01
-1.575350053175385567e-01
-3.785379815558242433e-01
-8.459683218981474406e-02
5.719902211174854312e-02
-4.935712819101396032e-01
-5.422217915844096403e-01
-3.392935127890694957e-02
1.323498010778095535e-01
-4.243321981695119538e-01
4.457797789336364058e-01
5.316244235350686687e-01
6.156897771716419721e-01
-2.369945870248517661e-01
-1.000000000000000000e+00
-7.475428056272888089e-01
-1.000000000000000000e+00
5.223365198694054357e-01
3.502149355363952665e-01
-9.318442374503951853e-03
-4.895641066053059709e-01
3.657481076978564838e-01
1.495296834915229578e-01
-5.458722693083846167e-01
8.250463522584214893e-01
1.000000000000000000e+00
-8.156881829937923101e-01
8.458916596612260363e-01
-5.821646027584213012e-01
7.325695253225052994e-01
7.611585777336459246e-01
-6.551206523811550775e-02
4.001354739043262443e-01
3.682667473166049144e-01
7.393696132867076942e-01
-2.476481218180636434e-01
-4.892623571576092401e-01
6.356705357341312368e-01
-4.997471103743659215e-01
-2.238193832632169866e-01
8.981392188578646296e-02
-8.227071395838890799e-01
-8.545021603849920488e-01
6.033418546944457894e-01
1.000000000000000000e+00
-5.593803940817870801e-01
5.317984178086416769e-01
1.945458615431501503e-01
1.386628427544665254e-01
6.196692504055595352e-01
-6.333684717459550639e-02
-1.376430802550531740e-01
-7.991743126025721566e-02
8.760927120935077528e-02
-5.919114627549914021e-01
-3.463373468276426115e-02
-5.524765723740069356e-01
1.069948110241783490e-01
7.577288125151470100e-01
-2.542330251756143022e-01
1.197484979249296144e-01
-8.513378399997470480e-02
-5.081160117361070983e-01
-5.414790756239360459e-01
1.495501646672122709e-01
-3.770671717744185081e-01
-4.606843529398824133e-01
-1.724640272848075584e-02
-7.772309988888905785e-01
6.158309672363742049e-01
3.399633476116472597e-01
5.646409339329980792e-01
5.016196868257291053e-01
-1.075391552448839438e-01
1.727982325608804770e-01
-3.263417214052212190e-01
-2.225066021286819518e-01
-1.760659169179952799e-01
-7.673290846202478477e-01
1.138120061965340324e-01
-1.000000000000000000e+00
-2.703957388281350571e-01
-4.286109468941307066e-01
1.504885165515520706e-01
-2.288269484053833125e-01
8.323012873424815439e-01
5.280090787858783274e-01
-2.503244305387949398e-01
1.832431130554835197e-01
2.528141714509467564e-01
1.374552638208415833e-01
-3.640633583426479691e-01
3.526452453717659474e-01
-3.503536013294018536e-01
6.633547549030869295e-01
3.712544987808990005e-01
