4.550877490511563983e-01
-3.225165388879073225e-01
3.272947473910960414e-01
9.978745649662459360e-01
-1.297577821068702786e-01
-5.808566017377321256e-01
-9.102921824281043905e-01
2.528227631789526364e-01
-2.571895656671230324e-02
3.547642652459548351e-02
-3.862545630566920907e-01
6.456495741448325942e-03
3.600638285771809999e-01
4.593003751519582345e-02
-7.167121693207749722e-01
2.666307796612294445e-01
4.126641518809656128e-01
-2.020252462746240651e-01
-1.756335799001262910e-02
-7.495933791811015823e-01
1.111456201220859530e-01
1.000000000000000000e+00
1.000000000000000000e+00
-4.910685140042250069e-03
1.238368354793481230e-01
-3.204678915538408668e-01
-3.017635726415333619e-01
-1.129451131441877032e-01
1.729088196711882630e-01
-4.782443217940038349e-01
-4.115458299466784320e-01
-4.023658398649815338e-01
5.735553580305918775e-03
5.636015837586216826e-03
-3.604406630273281065e-02
-4.868696121980137237e-01
-5.243771334807703632e-02
-4.462120118093739762e-01
-2.484233182816344976e-01
1.372521800604900588e-02
4.517540973719929576e-01
4.651570361529823450e-02
-1.000000000000000000e+00
-4.387897162117896377e-01
5.153340753167432453e-01
5.594648213228511913e-02
-2.241845720478962689e-01
-3.905277830082781176e-01
-5.802043624743457029e-01
-3.161551609738113000e-01
-5.456997213098088162e-01
-9.101324311415497359e-01
-1.405212613771147923e-01
9.899857684007425107e-02
-4.910956576023527975e-01
7.700371333283860531e-02
-4.710316476300141497e-01
2.034852704272960278e-02
-9.540457996095716986e-01
-1.670891964385229078e-01
-2.462429527353650616e-01
-5.003923201436201174e-01
1.620117995190814009e-01
-6.590109297349657780e-01
-2.357275575157080361e-01
2.564539960372222982e-01
-4.323157810450637961e-01
6.034409590423298608e-01
-1.659616132225148200e-01
-3.127056185982513004e-01
-5.727738239048540958e-01
6.329180753316179242e-01
2.147578619429607594e-02
-8.674372619911902005e-02
-2.076661696986127070e-01
-1.360843156602864479e-02
-1.284858995761622713e-01
3.711285012630323732e-01
-5.181453900669562573e-01
-4.202601275134788816e-02
7.600753468302225979e-01
-2.417343595423310232e-01
1.000000000000000000e+00
4.793171087057590540e-02
-7.677122261322835151e-01
8.091247971930584093e-01
-4.094161872259053508e-02
-1.220647305716749814e-01
2.305526621171768986e-02
1.846847608383617168e-02
2.412280426419967649e-01
5.434253463842195764e-01
3.943687693566321206e-01
2.501503726618490298e-01
1.190735233530859638e-02
-3.585724585210683379e-01
-1.000000000000000000e+00
-1.829948228356631790e-01
-4.902433182289508973e-02
-7.593418085179763632e-02
1.499277505007315936e-01
-1.395436341702759563e-02
-1.377987169191781658e-01
1.000000000000000000e+00
-4.210808633496899295e-02
6.962288969176577691e-02
-2.855732676024207439e-01
-1.236090227878516579e-01
3.493238291536160944e-01
4.053710867953103647e-01
2.892933845407486548e-01
-1.998845761574089552e-01
-3.663187963565042171e-01
-4.568084127665451855e-02
3.608056812804641411e-02
4.131809555929777389e-02
5.286081440572720780e-01
-5.820640995154987563e-01
7.454061326758204542e-02
-9.597224576972046561e-02
4.191824197916927952e-01
-1.000000000000000000e+00
-6.366730075820072887e-01
-7.911446235191749166e-02
1.164793629680788978e-01
-7.635343297612118274e-01
-7.105029417843145012e-01
-3.804246218096078713e-02
-3.781642193830638821e-01
-6.908710317010482438e-01
-6.951846239150327733e-02
-1.284642540364080432e-01
-1.578680550615860767e-01
-4.144741283661123044e-01
-3.513655337422482705e-01
3.720204248876971542e-01
1.000258084002886433e-01
2.657225770111963370e-01
4.232128117871446493e-01
-8.415694861087513745e-02
-2.388812391373582311e-01
-7.732593021904674568e-01
4.522035436097048278e-01
-2.388501800693586599e-02
-5.713316544659634566e-01
-8.888812927005490527e-02
-3.734011030785772123e-02
-3.269072908233666697e-01
2.937092263928458569e-01
-1.389870143062431340e-01
1.000000000000000000e+00
-8.913620430493249813e-01
-2.109047216691184445e-02
2.707646394226926878e-01
3.669404955031737581e-01
-1.231080146314491586e-01
5.611301624928846099e-01
-8.845864193082628169e-02
2.704219703581206002e-01
3.331093350609750647e-01
-4.606192947347673150e-01
-2.922093273344978370e-01
9.519686014107354710e-01
-3.194276259600239420e-01
-4.457951484728189806e-01
2.813154422914930786e-01
-1.570469473661818827e-01
-4.887626976419469083e-01
-1.858445512047009474e-01
-2.314090756872341781e-01
7.898815637791238853e-01
4.914595468988938731e-01
7.576575851214037982e-01
2.611738427689793696e-01
7.187460681213186930e-01
-2.379031148427320774e-01
4.359727861405781058e-01
-3.680330514467948233e-01
7.498746887583999099e-01
-5.244771549192577265e-01
-2.335503776704586920e-01
1.000000000000000000e+00
2.164238796963897371e-01
4.497013987936406276e-01
-8.676785329568738048e-01
8.672301961375836199e-02
-8.110810820502097063e-02
-1.000000000000000000e+00
-6.686963563905349295e-01
1.000000000000000000e+00
2.972657940233867646e-01
-4.649347306280769976e-01
-3.328238538417775949e-01
-6.298234429110427524e-02
1.593297476164959869e-01
-4.346310876803719525e-01
5.729542511442020647e-02
-1.239314311938102403e-01
3.021250658456546834e-01
1.711697373981176384e-01
1.871583037795637727e-02
1.071149964898760881e-01
-8.565403644476425882e-01
4.199952577449267421e-01
-2.743779749180831617e-02
2.763168223505618748e-01
-3.167835123954110266e-02
-2.094798508953871763e-01
-1.219168415855978183e-01
-1.392093159538806413e-01
-3.234623411407189786e-01
-7.931233752425695949e-01
6.159651851378032950e-01
5.913664110348009206e-01
1.884901826500551547e-01
-5.947150106154656113e-01
-2.977776048881230486e-01
-1.000000000000000000e+00
5.210431277647681325e-01
-4.339820335591175193e-01
-5.151930801556601214e-01
-1.729731758445228473e-02
-5.002999662783927937e-01
7.058112068299191022e-03
-5.856513373970565484e-01
-7.703585360363673917e-01
-2.561142439794069081e-01
2.582689946028472044e-02
5.623245902574199873e-01
-1.161057021559743219e-01
-2.077320519413630995e-01
-1.661172749954863415e-01
-1.604475195512901631e-01
4.413543824603542720e-02
-2.613910133764791865e-01
-7.055404416763468856e-01
-4.745850749684769887e-02
5.652221413511313575e-01
4.896672085300898813e-01
1.000000000000000000e+00
7.697302788521762640e-01
-2.536346804176057845e-01
2.471253375687802178e-01
5.972940545721219241e-01
-9.971199203339820016e-02
-7.464832961164640235e-01
-9.274256108034505119e-02
-1.000000000000000000e+00
6.861234891438273698e-01
4.821833208697300366e-01
6.790135232642352525e-02
4.989590287799960944e-02
1.038250993967191615e-01
-1.675421867801991649e-01
1.999738264560608769e-01
-7.973287531694089880e-02
-8.381983148012648321e-01
-5.087580263203324016e-01
2.367812158273425172e-01
-4.825646683156890882e-02
-2.308448003048223507e-01
-4.744994470647254659e-01
1.000000000000000000e+00
-8.132528659286464290e-02
-1.481252390782467343e-01
