1.000000000000000000e+00
9.794128730142831474e-02
7.314008883424185647e-01
-1.643707159743428847e-01
1.105496048931643438e-01
5.245870351315261582e-01
4.977696711237478144e-01
2.561519059492953221e-01
5.610880572790060139e-01
-5.395811307981459581e-01
-6.315595368652993091e-01
-4.408684559250674040e-01
-3.098874505075535080e-01
8.290524349483026356e-02
-1.044583363538619247e-01
5.171937186546337467e-02
3.902871907753025504e-01
2.154515477096722031e-01
5.133059773527185454e-01
-4.114607020680646210e-01
-2.793227642837491920e-01
-1.000000000000000000e+00
1.854192640857552643e-01
-1.000000000000000000e+00
4.978984453255671516e-01
2.126116876601540362e-01
-3.520919865517382341e-01
-1.263629293180123514e-01
7.844056495521029015e-03
-9.416531782505141446e-02
4.434832250440369217e-01
1.000000000000000000e+00
-7.626933357937300262e-02
5.156218816831448226e-01
-1.154809589995301478e-01
9.302073640037740176e-01
3.499809592524527613e-01
9.441275082679019548e-02
2.109087531296168216e-01
1.967248244675610103e-01
-1.627445717596604779e-01
4.133331816401421555e-01
-4.882200610220008841e-01
-1.501328138687760272e-01
6.628475130261264336e-01
-5.277884988662895349e-01
6.330058048022503270e-01
6.783960341921182469e-01
7.078100750184436185e-01
1.000000000000000000e+00
8.909354416935953702e-02
-4.002313407924905642e-01
-7.561580579054452689e-02
-4.128501311158499498e-01
9.861120530305519938e-02
1.000000000000000000e+00
-1.803031217300727351e-01
-6.721417117981192124e-01
4.418269167372189110e-01
1.144942323925313699e-01
4.169970065552485727e-01
4.160867906887406598e-01
7.084527922081396145e-02
6.130312985082200239e-01
-5.182403042356449330e-01
-6.814194443831880221e-01
-7.933922695824936477e-01
-3.448222173218103426e-01
-5.594874399503558804e-01
7.047710828490052481e-01
-3.276481667467029402e-01
-1.000000000000000000e+00
-5.338676324426283593e-01
7.553435080094844656e-03
-7.241136640930702084e-01
-1.000000000000000000e+00
-5.481889980078239466e-01
-3.979059660788417108e-01
2.163956459016145029e-01
-7.669317579577983324e-01
4.358327474602572416e-01
-3.300487693162679204e-01
-4.712160326462355719e-01
3.611378832377276638e-01
2.789123458353275353e-01
6.898506859445189265e-01
-3.673474427858028357e-02
5.680435233509588677e-01
-1.000000000000000000e+00
-5.884660882923284930e-01
-1.000000000000000000e+00
-1.000000000000000000e+00
-6.312496568624130777e-01
-5.766882332289489099e-01
2.073308520918571984e-01
-6.242641440902307881e-01
-1.000000000000000000e+00
-3.828951963937193281e-01
-1.683507594556736264e-01
-3.848472599839588559e-01
-9.238879321507373898e-01
-3.840532721933741511e-01
-9.516367241778701525e-01
-9.073263329374109398e-02
4.309367807185587873e-02
-9.510475014147215522e-03
4.871756853934238185e-01
3.678650484767362339e-01
-4.162223591584507942e-01
-1.533069723046097399e-01
-5.452025436815950421e-01
5.842023403185572228e-01
-5.866409549966858927e-01
-3.118151747104773719e-01
9.179780203214140677e-01
-5.813455443292436797e-01
6.524065207725155968e-01
-8.596344766606518473e-01
-1.531538752634123979e-01
4.329086179586092431e-01
1.267695271448172623e-01
5.564010473993467043e-01
-3.514374300368658388e-01
2.526104668074770632e-01
-5.574940087930403410e-01
1.199142431747561299e-01
1.000000000000000000e+00
-2.258262365044281517e-01
-5.094050586940579439e-02
6.458909303610559371e-01
4.087991077361936010e-01
-5.613254032664465321e-01
6.015899681110907782e-01
4.276769597446761217e-02
1.874330852352070753e-01
-5.740994489784803090e-01
-4.525835993491086340e-01
3.933452843784230879e-01
2.653077058629120799e-01
-4.524164152089813484e-01
-5.305684879865290027e-01
4.007242010420060674e-01
-5.154452063065213530e-01
-1.343442879332206463e-01
1.000000000000000000e+00
-1.000000000000000000e+00
-3.791962348261576632e-01
4.993891419860932435e-02
-6.458223657197349477e-01
-8.287777731129711833e-01
-1.167247043002467705e-01
9.423352470720944840e-01
-3.426943685405790807e-02
-4.287523376845508993e-02
-1.000000000000000000e+00
8.689410874962024689e-01
1.709499772333974432e-01
-5.399535735884366527e-01
-2.776000026767792561e-01
-3.690206009222188888e-01
5.497156622264232073e-01
1.868025352289802155e-01
-6.696194649230895468e-01
-8.853372147849108975e-02
-5.593059915415254935e-02
2.158241773388981655e-01
-8.090464960579464293e-01
4.831151863071219132e-01
-1.124807913456095654e-01
7.325618245399085904e-01
1.020355665818190039e-01
-5.597560261575316998e-02
-5.234847676103538960e-01
5.171687074575520571e-01
4.140348941113337622e-01
3.813528695035870442e-01
4.980761641714666621e-01
-5.650175244958576259e-01
-9.686152637612059912e-01
2.623901574124698488e-01
4.550115812797617121e-02
1.715160914344608101e-01
1.353080164718231393e-01
1.000000000000000000e+00
-1.000000000000000000e+00
-9.517779226371581025e-02
6.740646801587807380e-02
3.408849783672462386e-01
-4.100530850494447238e-02
7.437781590217423799e-02
8.981370752056014872e-01
-6.118744817027990113e-01
1.911877484793242377e-02
2.207460804064807075e-02
3.788270468016403658e-01
-7.169548346270500083e-01
-3.152061011918188549e-01
-8.052174727015806166e-01
-5.223694007520780502e-01
7.542973994095970580e-01
-3.947685258057638258e-01
2.704795065977094182e-01
1.173496697777609010e-01
-6.597031354758804422e-01
1.200338559321112442e-03
-3.250270148530652881e-01
-1.000000000000000000e+00
9.997149442022973398e-02
-5.932152052899675176e-01
-4.121414744253020235e-01
-4.306095796101911954e-01
-6.517830092679194331e-01
-4.165285971102038465e-01
4.422219329987926995e-01
7.221323749491667110e-01
1.000000000000000000e+00
4.250409197397877481e-01
-3.575470650354160007e-01
-2.873690874117526550e-01
3.331195757328778151e-03
-7.886121148786870982e-01
5.655329501398247416e-01
2.666142472083473658e-01
1.207462929081203895e-01
-2.878523867890064869e-01
-5.615971639480875632e-01
3.103990474307751768e-01
-2.385542882792621999e-01
1.473722009559126633e-01
1.000000000000000000e+00
-4.723650197948439100e-01
-2.559132739940035983e-01
-1.000000000000000000e+00
3.363693182447148322e-01
3.670068791662225438e-01
-4.215513248286610337e-01
-7.515037123408313535e-02
3.649069562537940459e-01
7.302608756443987881e-01
-6.197161720059707335e-02
9.190739515111778779e-02
-4.186766085423758443e-02
5.357836000927429509e-01
7.001857392255861345e-01
4.288277142343433490e-01
-6.431608842395364345e-01
-4.809299158619143588e-01
1.000000000000000000e+00
-1.000000000000000000e+00
3.127098596428232735e-01
-2.253298892285059418e-01
-2.077200868150629598e-01
6.874451006511541618e-01
5.578561984853424027e-01
2.432474544717336262e-01
-6.591907917815003071e-01
-7.973176864484716742e-01
5.201376201903294694e-02
8.357978980284729020e-02
1.953768421539829325e-01
-2.892440694815729962e-01
5.160674737171085935e-01
3.480304711842015231e-02
1.000000000000000000e+00
-1.328017208265618310e-01
