
0 75.200907 4.421019 20.416925 -10.0
1 75.200907 44.884432 16.92893 10.0
2 85.767552 49.424897 18.426099 20.0
3 86.882547 55.792328 20.486158 32.0
4 87.082547 57.028891 20.808096 24.0
5 87.027846 54.189036 19.716801 32.0
6 87.624051 49.722326 28.2021 24.0
7 87.224051 54.234832 20.488085 32.0
8 87.624051 58.609998 19.498948 34.0
9 87.624051 56.244694 20.608811 32.0
10 87.624051 58.001105 21.428437 32.0
11 87.624051 56.880258 20.409984 54.0
12 90.492977 60.513318 22.46401 32.0
13 87.624051 63.426413 19.870348 56.0
14 89.722358 61.31195 20.808882 58.0
15 89.722358 63.552466 21.314221 64.0
16 87.624051 54.763378 30.153486 32.0
17 87.624051 60.459449 20.188349 34.0
18 89.520067 66.311659 21.607698 56.0
19 87.627846 66.655332 20.149695 48.0