
0 87.624051 3.204189 19.16889 2.0
1 86.882547 43.326062 25.034506 32.0
2 88.933532 54.78213 20.292421 42.0
3 87.624051 53.658885 21.076081 32.0
4 87.628738 60.965434 19.787393 46.0
5 88.850607 58.088937 20.606838 36.0
6 87.771054 60.675138 20.743311 32.0
7 87.624051 58.433957 19.972195 32.0
8 87.828738 60.4348 20.607353 36.0
9 87.624051 64.230279 20.10405 36.0
10 90.650607 62.915945 20.746335 32.0
11 88.771054 54.035246 30.975537 64.0
12 91.122358 67.721441 22.360902 64.0
13 90.250607 66.35663 21.662715 72.0
14 90.816064 68.957962 20.044675 48.0
15 90.250607 67.995623 18.919084 58.0
16 90.183229 68.567531 20.39358 48.0
17 90.183229 68.2203 20.132711 50.0
18 88.097367 67.265985 19.074583 48.0
19 89.367552 65.917081 21.501651 50.0