2.635878920699050720e-01
1.221821204231760272e-01
2.158255096250715210e-01
1.000000000000000000e+00
-9.066562554653190276e-01
5.401959337343054113e-01
-6.746630547681164991e-01
1.267544683809658512e-02
-1.891570649119742042e-01
-1.725557199437001699e-01
-2.796608657198919601e-01
2.609571081473658349e-01
4.857951860807477318e-01
-3.341937380312882677e-01
2.339017329760786079e-01
1.000000000000000000e+00
1.000000000000000000e+00
8.250278690647208091e-01
2.229250832302057117e-01
6.928893761750338776e-01
4.153488325053462937e-02
-4.098464887709880600e-01
1.956518869483844791e-01
-4.848421673284827316e-01
8.848428228389835226e-01
1.406919686492948685e-01
-1.576979014919786815e-01
3.801247296505844142e-01
-7.220882153760828093e-01
-3.912950452020400594e-01
-7.555246144125249419e-01
-5.024950703952468789e-01
-1.000000000000000000e+00
1.388231073662150317e-01
-1.000000000000000000e+00
-8.143653138669984526e-02
6.192340026202773906e-01
-4.308364663450566789e-01
-1.422379911031419475e-01
5.634563710973216066e-01
9.046036968973523162e-01
1.000000000000000000e+00
-7.572960876592469415e-01
3.898139675818954042e-02
-1.171765297144252427e-01
-2.520258802758684191e-01
-3.755668750997977201e-02
-1.773703418378235752e-01
5.853921624998082995e-01
-4.265745768249217251e-01
1.411025911213442674e-01
-1.432674903720504989e-01
9.696533447431378017e-01
4.828541810415062363e-01
-6.605690251868809870e-01
6.630613956696941313e-01
3.079909858718533622e-01
-4.173842680619378465e-01
3.031060425037823136e-01
1.899425550484136194e-01
1.711509275390898921e-01
4.445016923904380191e-01
-8.009244007405896815e-01
-6.136477796284991459e-01
5.481186456237510107e-01
8.745984806378085397e-01
-6.096326947577659361e-01
7.597354965790975578e-01
7.229227835318330353e-02
1.000000000000000000e+00
8.847824238646859740e-01
1.000000000000000000e+00
-9.253329355257612354e-01
5.516259048058894665e-01
-8.254116096291745919e-01
9.020640789489731137e-02
4.101035892629107948e-01
-4.412014303804372983e-01
3.868365287301659960e-01
-2.049559309128812790e-01
1.702716125171546413e-01
1.000000000000000000e+00
-6.917736761903442444e-01
-2.280154942669110341e-02
-2.541035286171897667e-01
1.000000000000000000e+00
-1.494264958018210257e-02
5.943515541791616341e-01
6.192814220170766992e-01
-6.501014926799267846e-01
5.270706592741206814e-02
3.989556972709149552e-01
-7.277724420429941554e-02
5.661591458023167434e-01
-4.744903201565625617e-01
4.795628674058064478e-01
1.974295335425402254e-01
-1.000000000000000000e+00
7.487803474493607281e-01
-7.038310352079087950e-01
3.576073669124106846e-01
-1.587912469206438359e-01
8.159554899237472236e-01
-9.727622708437277596e-03
5.281370803509738421e-01
6.567856528705948160e-02
2.732074721130149930e-01
8.567856624308498592e-01
1.044508056885425085e-01
7.547169982748668238e-01
4.102321300730544240e-01
-8.780444511348405034e-02
-9.711501803568837188e-01
-3.143527316161665031e-01
7.911548525961160649e-01
3.632542791554104755e-01
-4.159239952164782705e-01
9.946078585102897662e-01
-6.911058900747791833e-01
-3.706400188557268383e-01
-9.908146511515577778e-03
2.583178107475606611e-01
-5.729584288657866287e-01
1.885004592233801013e-01
4.268840743060257625e-01
9.735944278574675259e-01
3.136189180979360169e-01
-1.240822405971135634e-01
7.899641097027964021e-01
-5.027147098493597310e-01
-4.399343330073768321e-01
6.669472612431073255e-01
2.975642882246751775e-01
-2.154026573531722666e-01
-1.365150954006444095e-01
-5.632492933962833792e-01
6.231081131730742406e-01
3.567203963203454120e-01
5.595415410364162900e-01
1.000000000000000000e+00
4.882527022231437086e-01
7.631744034103971064e-02
-5.407036962867930452e-01
-1.416121831375688755e-01
7.302145807727199178e-02
3.044304307129795939e-01
-7.392562456997699982e-01
-6.368514369126616614e-01
-7.825989825463601779e-01
-2.262091993692538772e-01
-3.106333040753979646e-01
-6.528944454447562773e-01
-7.467520728821991360e-01
3.728540135484100793e-01
-3.287188492866066625e-02
5.548135051764779835e-01
3.114637977160377158e-01
1.301860153989818358e-01
-4.090448543069939991e-01
-3.283641644638082835e-03
8.458625354354747383e-01
1.000000000000000000e+00
3.609812162615203546e-01
1.000000000000000000e+00
-1.607782616740067450e-01
-6.094864959346198985e-01
-6.424188337247802583e-01
-8.813892304221460083e-01
3.480792008069720500e-02
1.000000000000000000e+00
1.426166414439234420e-01
-4.234576750714372229e-01
-1.836172581207090593e-02
8.162795734526592240e-01
-7.272935198137003843e-02
2.409068824618946225e-01
6.992860765192435157e-02
-7.642815460951813966e-01
-6.781167004663533060e-01
5.458145990757566623e-02
4.501279917698542965e-01
-3.748189986341265989e-01
-1.734513334154232644e-01
3.544777753375590867e-01
8.985955708731613312e-02
2.645049815344953092e-01
2.298238696127559988e-01
2.315563182378040374e-01
2.323244952804786323e-01
6.043655896288537832e-01
-1.000000000000000000e+00
-1.458466767964258781e-01
3.945655028486252935e-01
1.000000000000000000e+00
-8.917104170805882912e-01
-5.988256565764662476e-01
3.504869817767498619e-01
-5.097570066917627152e-01
-4.379204914103274615e-01
7.238976971634134561e-01
-7.419373504286033150e-01
-6.666095580903632634e-01
4.057787151986989582e-01
8.346150371352208941e-01
-2.039112179059310651e-02
-3.174132066637337934e-01
6.649134905274078911e-03
-4.803601311130310525e-01
7.967037848793471211e-01
8.078776071916901058e-01
-7.894596743306540043e-01
4.272978435588429269e-01
-1.866799428260848548e-01
7.589138972625779633e-01
-5.174855064302785745e-02
-6.629892959312613243e-01
-7.694632100076443937e-01
-2.006720195782640132e-02
2.121317877623025705e-01
-8.380718440620413823e-01
-6.691114433776788051e-01
-3.924086618399390547e-01
-5.365195538028147970e-01
6.554974406805393894e-01
1.106691191592378276e-01
-1.000000000000000000e+00
-4.128621008399572245e-01
-6.555370320515021554e-01
6.493440299912726921e-02
8.194127773588983921e-01
-1.000000000000000000e+00
-7.500506365765354788e-01
3.152362914326596322e-01
3.083648113320721085e-01
1.651151692095569334e-01
-1.386437600619082611e-01
-7.911185611528733785e-01
8.675515302777193627e-01
7.672071822367353411e-01
1.308614885549042872e-01
-4.480379695087056691e-01
-1.023283614831088095e-01
4.751561787879357013e-01
1.000000000000000000e+00
-7.495828869615739354e-02
-1.809606211428893552e-02
-3.379148102499253126e-01
-7.451216934272676395e-01
-7.352273073653892155e-01
3.081445210612923091e-01
-4.809890855856929770e-02
-7.223116532675925017e-01
3.988099660263088042e-01
3.506415963540150948e-01
1.000000000000000000e+00
1.000000000000000000e+00
-1.045861450885968713e-01
2.314527369064172946e-01
-7.657100350546083289e-01
3.970484037173571124e-01
-2.927418625496474580e-01
2.438815312852222195e-01
-2.205327785056350187e-01
6.741961256046331563e-01
-9.506203881317039084e-01
