4.060118588277373819e-01
-3.416679067808632286e-01
-1.179604593591595807e-01
9.440977598390301040e-01
4.350217261897551535e-01
1.000000000000000000e+00
3.057252538309740419e-02
2.378027021069427094e-01
-5.122655871432315600e-01
-1.000000000000000000e+00
-5.085563753585323754e-01
-6.785966756616872431e-01
-1.000000000000000000e+00
-1.211173338150122042e-01
6.024429095669163736e-01
5.150810153925954316e-01
-2.173666392357532784e-01
6.962448763769395477e-01
-4.920620485574890290e-01
5.688994027742741988e-01
-7.469636258184875199e-02
4.066289097717116219e-01
6.065190115809013793e-01
2.640343150125473715e-02
-3.299588248094260101e-01
-4.477467561364880666e-01
-3.510088170972611721e-01
1.580476872356988971e-01
-3.368044006621898623e-01
-3.971612608502437802e-01
5.954901995834636086e-01
-2.088801837754175605e-02
1.806664403208247394e-01
-6.213628856307933379e-01
4.028663681594073509e-01
-5.091484901799693541e-02
-3.209321076236796300e-01
2.900839346881272651e-01
-2.335277018806841132e-01
6.351424882063652078e-01
2.708601802367076594e-01
1.987140118865110827e-01
-5.612669634749029024e-01
-3.567583449527576556e-01
-1.876466265877866912e-01
6.509967983857177787e-01
7.177684786529093808e-01
-7.660406771161887285e-01
-4.904730080387581515e-01
2.366259521801920285e-01
-8.335619995180447717e-01
-4.922920258985616915e-01
-1.060447294464046675e-01
-6.867573672479511115e-01
-2.789400674758177323e-01
1.000000000000000000e+00
-7.313927234445417869e-02
3.741214116000449175e-01
1.359154666688158763e-01
-3.569524435272156127e-01
-5.857251328927409739e-02
2.750479149083980834e-01
-4.212700556223679116e-01
-6.383311035597381000e-01
-1.243180765395134890e-01
-1.130752843971742916e-01
1.298397545169228118e-01
7.408398173830458289e-01
-8.392076561199792728e-01
8.292026639484723072e-01
-4.099388468567813915e-01
-5.174240387382871009e-02
6.026391109834934312e-01
7.268987250465769323e-01
-2.968510086253063340e-01
-5.935713496070295081e-01
7.069548822472515592e-01
-6.567439164450051825e-01
1.000000000000000000e+00
-8.124084561703646123e-01
-5.025364090301764897e-01
-1.000000000000000000e+00
-5.906770908154564126e-03
5.223593419607616140e-01
-3.144114306098308442e-01
1.000000000000000000e+00
3.706432616599473762e-01
-1.593971449517257444e-01
-6.282677759058682421e-01
-1.708649541928404514e-01
-1.983646506792289543e-01
3.800730593860233153e-01
-6.287956380840072912e-01
-2.795581892723189577e-01
-9.278968199324800770e-01
-6.736852070698295947e-01
-7.912664801106986112e-02
6.358678366196695020e-01
-7.199057954457924180e-02
-4.141931278519736526e-02
3.533362375887599827e-01
-5.112688276874488569e-01
-8.997982064514397083e-01
3.556678799692640780e-01
-1.000000000000000000e+00
-4.005671317994591862e-01
1.881815166697246022e-01
-1.063732388516463179e-01
9.715894323483051376e-02
-5.951478282355391336e-01
1.356180443705225225e-01
-9.045258845321739738e-01
-2.714880002941305603e-01
-4.989120808914173644e-01
-7.461743510483886954e-01
5.029267669047067235e-01
-5.326078678589614146e-01
-2.680750576760995152e-01
3.918864043977129952e-01
-1.698846866583797466e-01
-1.957978260103683810e-01
7.965291965305687505e-01
-3.649149622917477465e-02
-1.639679111181596149e-01
-6.523464733501465052e-01
1.324622536935694539e-01
-4.644809325469154149e-01
7.579908594552039469e-01
5.293241534752298749e-01
-4.236564344814859329e-01
7.265716296510438266e-02
8.422565169129475615e-01
-3.795930901036140837e-01
-6.214462422701896305e-01
-5.435247074453630756e-01
6.381334037666877013e-01
-1.227743990844182842e-01
-5.921964702520849944e-01
4.155435536728282475e-01
3.657402727046162871e-01
-5.841545465716944108e-01
2.991239701189310485e-01
-6.359076540028105740e-01
-1.401753418268131823e-01
2.277232489826648831e-01
7.267636353172497454e-01
5.083153258025943089e-01
-3.000699526782824034e-01
-3.890632590567095206e-01
6.730112645392607451e-01
7.041547276911318543e-01
-5.130897824031478427e-01
3.739826000537020967e-01
-1.660213179238023695e-02
3.486836516745645542e-01
-9.187742778610703820e-02
-1.621588124622272420e-01
4.252414006368644972e-01
-1.000000000000000000e+00
-7.998335181453946063e-01
-1.014705181815852147e-01
4.796067076349818104e-01
2.566208030199513823e-01
-3.984153194116286101e-01
-9.816937905161731148e-01
-5.883860808985139634e-01
1.178747542416914706e-01
-6.892760761865291963e-01
1.128040759439341012e-01
3.208027396754006833e-01
-1.370112697407031843e-01
-4.000150440988933243e-01
1.000000000000000000e+00
-8.018719808199740173e-01
1.820843815045713465e-01
5.342046375915932011e-01
-1.731909885603169497e-01
1.611875322616087014e-01
5.374133304384822729e-01
1.273895725058756812e-01
5.620368057992377597e-01
5.430422952551001714e-01
5.766505325784340164e-01
-9.788365724471781437e-01
-5.367994618758589187e-01
2.954568809584925404e-01
3.835332538211911335e-01
1.937258884388882163e-01
6.017081924962033312e-01
1.147967548683291872e-01
1.989650675089978116e-01
-7.723060963366019660e-01
4.985864373739244959e-01
-2.180655989961906016e-01
-1.078429891991633527e-01
4.505157844985058779e-01
5.983224273728920961e-01
-5.317757446069731886e-01
5.073573287928624387e-01
4.409684880590444833e-01
-1.902299804373636105e-01
9.780285870957978744e-01
8.437772778902502546e-02
-2.059226691299553547e-01
4.994101116731468615e-01
2.678051240864986471e-01
7.052748089947904475e-01
-7.486899228506699311e-01
-3.962475068891329055e-01
1.202860658015910550e-01
-1.000000000000000000e+00
-2.733248802638504893e-01
5.296290556667653249e-01
1.295589347190264917e-01
-6.077636032155567802e-01
5.998491548760802317e-03
-1.904572851870230399e-01
4.027732522499281043e-01
7.139193348682820739e-01
3.034144717993333962e-01
-7.260051400958784651e-01
-8.375583116245972626e-01
5.036811958033946546e-01
-2.593357669280218492e-01
2.493507003886790141e-01
1.667892395152905105e-01
-2.545933089474485822e-01
-7.805064090056307302e-01
-1.001417919047604133e-01
9.916673502671473628e-01
5.653080001221204576e-01
1.538432729225361062e-01
6.689001564535069777e-01
1.374917635744107303e-01
1.000000000000000000e+00
1.973427592942904041e-01
1.061734207846399825e-01
-2.276494027809508047e-01
6.363187876825091571e-01
-1.267449971289850708e-01
-3.193144366047231397e-01
-1.866012741945431153e-01
2.321725572148998773e-01
3.194058557236272300e-01
-1.000000000000000000e+00
-4.408594254038140092e-01
-1.286593948651354735e-01
-5.623111652557807871e-02
4.760335832730356875e-01
4.602028693179474050e-01
-5.569589883923982132e-01
-1.152017331619155094e-01
-6.298163487146973827e-01
4.764923056333799090e-01
5.466889604048081885e-01
5.795077744507224349e-01
1.490155327529638085e-02
-3.803586332208021004e-01
-4.069031740485639093e-01
-8.685448400329842666e-02
-5.658226206877372544e-01
-2.636815558257618042e-01
1.682528383072121603e-01
2.570332361192306792e-02
8.610737677920419220e-01
