5.053751395193611939e-01
4.205769479611268236e-01
4.748227590839528695e-02
9.640265981280388835e-03
-4.408053199384057708e-01
-6.513197561658434775e-02
2.863355441982736727e-01
-1.000000000000000000e+00
-4.208385733106255189e-01
9.813858679617591951e-01
-9.361971725860389337e-03
-1.299265435773211408e-01
-4.047821863763932937e-01
-4.763520988890185270e-01
7.243175299322568428e-02
-4.774902601236061805e-01
-3.516829992972999031e-01
6.840158699973847289e-02
7.787537373822329689e-01
8.011904446692110771e-01
-8.011240825941268184e-01
6.993095863047575911e-01
1.151424011091147642e-01
1.707607321967707925e-01
3.376243104088847979e-01
-2.863354930459026115e-01
-1.431796033327249751e-01
-1.799134750088641210e-01
-4.228476154297289291e-01
8.137904768494017560e-01
-4.978892741364742136e-01
4.551121812422104229e-02
-1.379562999593188788e-01
-2.980383140194030334e-02
-3.878796466149470601e-01
-3.041325408965453447e-01
-4.055463471796167396e-01
-1.000000000000000000e+00
5.656349919702161611e-01
-1.544435737767367312e-01
-2.545475397699127895e-01
8.074490850973881084e-02
2.597258133627604604e-01
-3.377889721085655661e-01
2.099105634454088154e-01
-1.000000000000000000e+00
-2.558415688928017961e-01
3.370081229374640164e-01
3.105709616503649628e-01
1.065385626445067291e-01
-1.000000000000000000e+00
2.925625630893405882e-01
-8.444074059935324783e-02
1.673399144296648655e-01
-4.955622268136549158e-01
6.727083182488521329e-01
-1.844701170573538052e-01
-3.436725133952661104e-01
-1.373210127062134966e-01
-8.867460465745444220e-02
2.441434623363020195e-02
1.236157611600588180e-01
8.450583119789889519e-02
5.295791651703548597e-01
1.000000000000000000e+00
-3.516491780715953752e-03
-1.598098848966156005e-01
7.039155717882757957e-01
-7.868847548805342207e-01
-6.435735782912328784e-02
-1.000000000000000000e+00
-1.728461525179139646e-01
1.540775486908845249e-01
-1.000000000000000000e+00
4.077928814327956841e-01
4.851958308053317959e-01
-1.000000000000000000e+00
-8.581569906635871936e-02
2.295130369547998539e-01
2.122537618162195772e-03
4.897060454077189484e-01
-3.097199396724117926e-01
-3.889730075246571883e-01
7.094172910938485455e-01
-5.491264953499753326e-02
4.531224238840935170e-01
-6.868795553932708353e-01
1.871320423611554928e-01
1.328297243437339681e-01
1.073635405584936198e-01
4.840356686208321380e-01
-7.111385314989355777e-01
-7.311608567415718296e-01
-2.298470034339066270e-01
-1.903244552112345334e-01
-8.735041714542893243e-02
-4.405000333048945116e-01
-3.695202694450238634e-01
2.815662440439732350e-01
1.059484986197902767e-01
-4.476558570806993265e-01
-8.413649587383548178e-01
3.817512483705507442e-01
-8.903211717045690643e-02
-7.340792430034298599e-01
1.110730030907773613e-01
-1.040980251275759882e-01
2.144334213223508256e-01
6.205440555380720147e-01
7.616183097272702929e-01
-7.003021003311761250e-01
1.032203476002749865e-01
-2.574659989399329940e-01
3.525392522982113697e-01
-1.000000000000000000e+00
-1.935673034366038325e-01
5.654723102901985099e-01
-2.734363447665495994e-01
-9.626520031758588614e-01
2.979014884682621433e-01
2.691657014141894955e-01
-8.198213675096763242e-02
-1.000000000000000000e+00
-5.923332532949909801e-01
-3.589127726246805206e-01
-3.955947582472261193e-01
-3.746124630302277159e-01
-6.495179854304926614e-01
-1.255675798734015025e-01
-1.207247162419664011e-01
8.939633603380381377e-01
8.350701612810381702e-01
-1.000000000000000000e+00
-6.960665810259392128e-03
-1.807081207269805589e-01
3.034877068259148603e-01
-2.896998747898629767e-01
-5.206289681366042810e-04
7.756569580721764945e-01
2.640315554044217472e-01
3.022636652596334406e-01
3.460268510911436723e-01
-1.346829152621924763e-01
-8.512314570823376059e-01
-4.038375646598801882e-01
2.008030157874601540e-01
7.471950590894518296e-01
1.051710592476169381e-01
1.650890997904825019e-01
-3.006869322075584328e-01
6.380830138757129788e-01
4.450285301315120012e-01
-1.414630355847786292e-01
3.070981796112755638e-02
1.000000000000000000e+00
7.455045467192599196e-01
-4.721422336279624404e-02
1.827563582166542855e-01
-1.143543910373326783e-01
-2.959584825071085445e-01
-5.938803829560634906e-01
-1.137464241242544527e-01
-1.000000000000000000e+00
1.477232481785232532e-01
3.920333006160078848e-01
-5.212323989621725495e-01
-4.752850582241336941e-01
1.804509860361969142e-01
-2.745565796448742324e-01
4.058973941942012331e-01
1.882426742412284526e-01
4.150916185133765035e-01
-2.362600676234803965e-01
-4.820942263013333617e-01
3.288451518344905899e-01
-2.854939410820999113e-01
3.861868536582403477e-01
1.207057529422939507e-01
-9.048720060995625314e-01
3.774213479744363831e-01
-7.648941230956942672e-01
-1.446393344695835192e-01
4.646042635886829530e-01
8.259257270135764717e-01
-1.006599894837674758e-01
-1.000000000000000000e+00
-1.313964774863191076e-01
-2.434123931535655816e-01
5.629479280382931883e-03
-8.804856135564467223e-01
3.780563824212401225e-01
3.788995111770213642e-01
-2.346692552723060876e-01
6.787558838619867085e-01
-2.755227347654667369e-01
4.436635483047207673e-01
-3.791002577174784616e-01
4.538207311575111480e-01
-4.094023716434583848e-01
1.000000000000000000e+00
4.458435051096428237e-01
-1.000000000000000000e+00
-2.438909683247614257e-01
-1.863989408557188421e-01
-3.487868689093176489e-01
-2.005250392640866852e-01
6.768994686850748899e-01
-2.676414921293615024e-01
-5.516852837276946531e-01
-1.357842496998331039e-01
3.529662039439576127e-01
-7.092222553978518862e-01
3.904600561717784801e-01
2.615787631551753922e-02
-1.379101708830934303e-01
-2.430864022989115969e-01
-3.065359035878432725e-01
-8.681904785825365067e-01
-7.184282753740629524e-01
1.916516948582112634e-01
-3.952118258792036709e-01
-5.063430597002196443e-01
-3.438416635629775731e-01
2.518682608238629328e-01
1.627422648721765785e-01
4.889608152955431802e-02
-8.340418075800847264e-01
5.757174973617399383e-01
-1.000000000000000000e+00
1.856471825312998036e-01
1.828895136776015340e-01
1.000000000000000000e+00
-3.984937667189614174e-01
5.646172045169185472e-01
-1.000000000000000000e+00
2.491392917135656082e-01
-2.547114268591051389e-01
-1.000000000000000000e+00
-9.252093821324478551e-01
5.626895309612857110e-01
1.030254371973138988e-02
-7.861978321681544202e-01
-1.306902680690746332e-01
5.420393522681241638e-01
3.852118858473136953e-01
1.850828901700814211e-01
5.022467995853301392e-01
-3.135578210671938204e-01
2.695188891598861991e-01
1.800363106818323733e-01
-9.948739201533233212e-01
-1.000000000000000000e+00
3.100091237313817166e-03
2.045229780525662511e-01
-4.887226757169326197e-01
6.905899355640943149e-02
-1.839836350107777463e-01
4.482226683137300327e-01
3.847654041307870809e-01
-7.658040442560776206e-01
-1.000000000000000000e+00
-7.687522545139491292e-01
2.555629585079064459e-01
7.994924895004014154e-01
-1.295060396004353021e-01
