9.003837046708612624e-01
-7.392626094746119758e-01
4.352982880163229762e-01
-3.747571513254098763e-01
-3.864410686813069540e-01
1.198287349626171033e-01
-1.206800742088385142e-01
1.022084021247818275e-01
2.959370414480715916e-01
5.645100683854805679e-01
-5.113313843091991107e-01
-1.144430817894774299e-01
-9.510918251463836848e-01
6.765150808467850219e-01
4.336723773437964335e-02
-9.659859950245821558e-01
1.879581614036744674e-02
-3.614038545203122899e-02
-3.601247832137595695e-01
-9.075765596066232010e-02
-3.642964659833134444e-01
2.444787820789418031e-01
8.734654034822229018e-01
-5.751236121668087398e-01
2.477119310169942912e-01
3.719806804320454074e-01
-8.428148949038591353e-02
2.224302212032711890e-01
-1.000000000000000000e+00
2.129496731796782227e-01
9.303260695942172642e-02
2.157410034940776544e-01
-8.595133258565135215e-02
-2.569621638021049592e-01
-2.692032679699118969e-01
-3.202315282594464518e-01
-4.955164221944731162e-01
-1.000000000000000000e+00
-2.301402754247742211e-01
-1.000000000000000000e+00
6.111601541179399050e-02
-8.434621183344207518e-01
-8.576889368262224922e-02
-6.721424124160157998e-03
-3.622238291691131651e-01
-2.094205643299509034e-01
-5.282828621372246403e-01
-3.038637933772472821e-03
-3.599375069245561720e-01
1.649602314775686640e-01
9.311844053468982807e-01
4.482238424837189233e-02
-1.990878652157819506e-01
1.612377255568160639e-02
1.902441207520323418e-01
-4.569819509502390936e-02
2.038068345676374293e-01
-4.298185226072711584e-01
1.000000000000000000e+00
-2.031033231033948783e-01
-3.307241539251807860e-01
-1.677022727431674576e-01
-1.122465058241530061e-01
1.526621316910288240e-01
2.158381708900979357e-01
2.822233018871391635e-02
3.702662596782292370e-01
9.490140961990386481e-01
2.687029968342581343e-01
3.812199939939647092e-02
2.007834682549496097e-01
-3.234903404813106453e-01
-1.000000000000000000e+00
-7.035160461767627771e-01
1.470977851734982522e-01
1.966815084738216812e-01
-8.818666590195926025e-01
2.577420659606604048e-01
-2.574448786329557870e-01
-2.441960999697932039e-03
2.316789899776397488e-01
-3.484383079340687417e-02
-6.243466870951706049e-01
4.447408678381568892e-02
5.121581350267830901e-01
-2.038171951368911716e-01
-9.325043864234254520e-02
-7.089643201170960918e-01
-3.824773044799024690e-01
1.672384598291831725e-01
-2.583226977774647493e-01
-3.250849347244365584e-01
-5.203517232283139116e-02
-2.297054433182880995e-01
-4.930752637579890463e-01
4.454034592215428967e-01
-1.202684750475526143e-01
8.711202818831970118e-02
2.559142228081491832e-01
8.337403422463128544e-02
-8.576145681755513450e-02
-3.470416962226982593e-02
-5.459637000206394308e-01
9.070521868206546934e-01
3.097556479636980054e-02
-2.021280256203387971e-01
-5.085966604552567549e-01
-6.188107447122707105e-01
3.224351325778304633e-01
-2.411838182945488102e-02
6.012449834471649684e-02
4.654584857314114643e-01
-2.805589327937793032e-01
6.654264038603208142e-01
8.458200383804033162e-01
1.616615657348538515e-03
7.690218151372943955e-01
-1.351032060497954768e-01
8.151617234217617414e-02
-3.245739738131990793e-01
1.632322358850377686e-01
-7.720380480515357524e-01
-4.245128154127075226e-01
-6.223464343959514422e-02
-1.577127062840527061e-01
1.617162185959537535e-01
-3.439555627384231484e-01
-2.603180720638470502e-02
-2.277551971812012410e-01
5.261293358158942723e-01
1.415769072862042288e-01
-8.758558509903863198e-01
1.995529674571772938e-01
9.347400284612342181e-02
-3.101903944741356556e-01
-7.393846731880152068e-02
6.302725721425938010e-01
3.900929899484000818e-01
-7.501452787101092756e-02
1.849450097045440278e-01
-7.531764805045330080e-01
2.112067237429740563e-01
7.030371324089058627e-01
9.241876078108531012e-02
-8.353184409536927868e-01
1.358640766633054664e-01
-5.494518651213975424e-01
6.756574378096452671e-01
-4.350142438766582687e-01
-2.262463338401625446e-03
3.811804820974577512e-01
2.207661299392946752e-01
-3.271491539700873696e-01
3.457211038578462681e-01
2.323487093602777942e-01
2.640101093849306704e-02
-6.182574544380451537e-02
1.499204117707955142e-01
1.972350981357878508e-01
-5.644594011725334592e-01
-9.160375520978304431e-01
-4.499233149201759541e-01
-4.402476903512707596e-01
1.589203771993696890e-01
1.203011099265327566e-01
3.226056651578905476e-02
6.492046925627033005e-01
3.780980426224690438e-01
4.304098401169997867e-01
-2.486662108735463242e-02
-7.641626008410173920e-01
1.564689704606619380e-01
-3.745942333733185969e-01
-2.156160957388164601e-01
3.494672999274134328e-01
7.032308991685254362e-02
6.166520110087947426e-01
-3.058018633890388083e-01
-1.494286431618288002e-01
1.228378578162798648e-02
-3.608611205652231119e-02
-3.278517510191756440e-02
1.114024108895710907e-01
3.306306687976177106e-01
-1.095526300729589980e-01
2.431704169977611241e-01
1.712163748868536506e-01
5.377641662511323251e-01
-5.877167888729822876e-01
7.735364522069412274e-01
1.470993010802476020e-01
1.000000000000000000e+00
-3.347817363263044799e-01
-3.795379254255193402e-01
9.333016939195997175e-01
-4.984718199132165406e-01
-5.893011602888361677e-01
1.864206039940454751e-01
1.000000000000000000e+00
-9.009018901976657834e-02
-7.866570749186552192e-02
-9.020143350635433377e-01
-3.401969677098449774e-01
5.674779486511439819e-01
-5.993766563738987807e-02
-7.154954835409718661e-02
-9.181014245125174167e-01
-2.430187627877165857e-01
-1.000000000000000000e+00
3.350288768030939002e-01
5.360373827170785699e-01
-2.768947954303417336e-01
1.639351726282651245e-01
3.855539447955881882e-01
-2.338046070588567504e-01
-9.133091874486785056e-01
7.562197194271609579e-02
-9.265910351622075325e-01
6.212113289473221445e-03
7.164884259063654115e-01
5.092192955912386992e-02
-4.430559161937251411e-01
-1.937687419996570459e-01
2.083435196864149019e-01
2.761774624543690271e-01
-2.602592934940912150e-01
-1.287610477512990959e-01
4.795037140836007072e-01
-2.393399317536294424e-01
4.417941510897203106e-01
2.087001099509927793e-01
1.333983881489980983e-01
-2.394272531071249266e-01
8.441977326420713190e-01
-8.324576609251498338e-01
-9.467246712677223064e-01
-5.764867718074254688e-01
-3.392372060955388124e-01
-4.417442409287289373e-01
2.157776443610546768e-01
1.000000000000000000e+00
9.044133382857841852e-01
1.000000000000000000e+00
-4.684821386823156963e-01
1.526392626883599224e-01
1.773292806047574999e-01
1.615352139146182253e-01
7.210352744549751725e-01
9.622082824916742272e-01
4.254475580405632229e-01
-2.718622413631072154e-01
-3.369389246511110270e-01
-2.564331432295446911e-02
3.247135719179699564e-01
3.890510718453815686e-02
-8.534115637382284902e-02
4.700068882410760734e-02
-3.342842429313558350e-01
1.631785674500263184e-01
5.583306314358137123e-02
-1.000000000000000000e+00
-1.897670634374230836e-01
-2.896067998335497690e-02
-3.945699179751400165e-01
5.080556737708832871e-02
