-1.005588643363001383e-01
3.990361885971819844e-01
5.250778332331222931e-01
5.691276655744044177e-01
-7.585055069077121237e-01
-7.401406918913903121e-01
3.846988664699173555e-01
-9.017150073133931021e-02
-1.000000000000000000e+00
2.666588960493877503e-01
-1.000000000000000000e+00
-1.955633777197047229e-01
-4.213564429320426630e-01
8.917209367564089550e-01
-6.278266268388942306e-01
-3.167360177896446638e-01
-3.361093160919622624e-01
4.685848441547348781e-02
1.000000000000000000e+00
7.460296880666119623e-01
-1.863310840907167476e-01
4.005523514205942548e-01
1.543127378854882992e-01
1.000000000000000000e+00
-1.814326458254446051e-01
-1.360470421846169398e-01
2.642667008152390640e-01
5.829611807043012101e-02
-1.729585815274397587e-01
3.554389435683330545e-01
2.650850758001858098e-01
1.388124137768939961e-02
7.349946051096530875e-01
6.598024907693043062e-01
5.369004872410070295e-01
1.333696210114829750e-01
-8.901785996594524519e-04
-3.651530603505049322e-01
9.493236926089169136e-01
6.647172501366345188e-01
-7.091554898181809397e-02
3.365715114708872635e-01
4.457932136649581101e-01
-2.494720173154686693e-02
-1.000000000000000000e+00
-1.000000000000000000e+00
4.245587491036707517e-01
-8.966792399292899951e-02
9.450697055722448447e-02
-8.443879904724092833e-02
1.487598750824648264e-01
-9.452580057243197276e-01
4.714714390374187825e-01
-6.053399743792788057e-02
7.570500193117065679e-01
1.651044910695381174e-01
-8.951926804576963992e-01
5.748311700428264670e-01
-1.084707615378172896e-01
2.067041927412224811e-02
-3.627330759725652665e-01
2.824352963701713681e-02
-3.849627639776943555e-01
-5.851608193237456401e-01
5.789062654927578100e-01
4.538367259093856187e-02
-7.174509690671385664e-01
6.823547189027971971e-01
-6.109359447497115791e-01
-5.342399872801018024e-01
8.853903744051876412e-01
-1.000000000000000000e+00
2.589892175018923548e-01
9.101111660206495646e-01
-1.599317339834011031e-01
-1.000000000000000000e+00
6.194020148969057171e-01
7.448925155712060597e-02
-9.682685692882773143e-01
-3.445301292519469261e-01
6.729118738338989436e-01
-1.000000000000000000e+00
1.532470909695615724e-01
-1.000000000000000000e+00
-3.018508710615325219e-01
-3.166597477148436202e-01
9.543190852679235281e-01
-1.814990491063896982e-01
2.112702266130134787e-01
6.448940482609231140e-01
3.827182659748016857e-01
-2.447931118096907666e-01
2.542849745163209829e-01
-6.161589825117481656e-01
-1.000000000000000000e+00
1.627382417609040677e-01
-1.000000000000000000e+00
9.229253075612866564e-01
-3.417615335410124078e-01
-6.096508729040748253e-01
-1.185202740630222629e-01
-5.578775364282362315e-01
2.615120169051946553e-01
-3.854580251488574638e-01
-6.559569868379641067e-01
-5.877610451427273119e-02
-2.076376123049486488e-02
1.135911817224666692e-01
2.525742453266213161e-01
-7.811954720095107829e-01
-1.033107870520738880e-01
6.129437026871267236e-01
-4.578569207687968046e-01
-5.723285768150773167e-01
6.121095147155541927e-01
-9.196705023272341295e-01
-9.347273354727353434e-02
8.391582392483916131e-01
5.284009734565714433e-01
-1.000000000000000000e+00
3.592024068388675051e-01
-2.402813084260703724e-01
-4.369606560719462296e-01
-2.383202050224413060e-01
-2.005139640852596217e-01
-1.698898934958603668e-01
-3.558985902040900373e-01
-2.075801667765101444e-01
4.314310131588219299e-01
-1.022144929543814806e-01
-1.000000000000000000e+00
6.578724685452250753e-01
-6.046554224818121437e-01
1.000000000000000000e+00
1.974884652012779962e-01
-1.703768475935430460e-01
4.326432754684202964e-01
-4.419819448276368079e-01
7.574211704991242744e-01
-8.618644181797241455e-01
5.513021777884792307e-01
6.655153479209097167e-01
-3.075079342520424808e-01
-2.468978305020022856e-01
-7.040969010633852943e-01
3.431893225963611460e-02
1.204774882796540714e-01
-5.904228374803998508e-02
-2.625473728264838824e-01
1.000000000000000000e+00
-2.987758305852563079e-01
5.189262881106374015e-02
-3.400845682119131297e-01
-2.601764429610446960e-01
-7.383850418922451864e-01
1.000000000000000000e+00
-1.000000000000000000e+00
-4.596195049757712675e-03
2.966529626252070173e-01
-5.222566710309319848e-01
7.037717198630993876e-02
-2.539306002472876966e-02
5.052561070026519996e-01
-2.926604525589384526e-02
-1.000000000000000000e+00
3.639568452071308968e-01
1.255139229360242026e-01
3.578890943437779137e-02
2.369386325330019027e-01
-3.414880198472705075e-01
5.368276363204044915e-02
-4.484437951055058463e-02
1.000000000000000000e+00
-1.421880456265485759e-01
-2.362589510347680721e-01
-3.084549575299326274e-01
1.571379302085003093e-01
2.974461540729436138e-01
4.526935767223302376e-01
2.311676322241247306e-01
-1.046797719237414770e-01
7.962034096373225012e-01
-7.850727629554468123e-01
2.824235315594173512e-01
6.976635962583446204e-01
4.526911370920536637e-01
7.834508392293526580e-01
-3.342538370950085547e-01
-6.318051533352436744e-01
-5.096437924989069002e-01
1.000000000000000000e+00
-2.111937382430109644e-03
1.401516397679900550e-01
4.166396048361580839e-01
-2.568123112515167117e-01
-2.783495333984914444e-01
1.000000000000000000e+00
-6.385490523631411897e-01
-1.559019927932115412e-01
-1.309797418019655046e-01
-4.802354777234043581e-01
-1.724884048273219173e-01
-2.435178037430712483e-01
-7.619983939299486420e-02
-4.064662335846195851e-01
-5.161301883536312946e-02
-7.057942964002352770e-01
1.404551686177181180e-01
7.687237763515724076e-01
5.630056059200256868e-01
4.025930568994740000e-02
-6.158530772579071666e-01
-3.828775035857752140e-01
5.746039518123140510e-01
-9.344274714691686023e-01
-9.647420473365586613e-01
2.286207522218366428e-01
-6.760450414684099352e-01
2.010144429528811227e-01
-3.646492533727897084e-02
-4.531492556896529744e-01
-4.358585878146169490e-01
3.166600934450897187e-01
1.155113846761758323e-01
2.636690873382633304e-01
-6.687365491893028091e-01
-2.478380426151702842e-01
5.278702607745602293e-01
-2.579556504237027204e-01
-4.139237527691467244e-01
-8.961673340233823615e-03
-4.722238621460447261e-01
1.305396322903896733e-01
9.317640346661767436e-01
-3.955752487491343006e-01
-8.612821319082264448e-01
2.848921836738658175e-01
8.609058629057134149e-02
2.182428979226667121e-01
5.867238164025172509e-01
-3.110439377210554857e-01
-6.666411141709451815e-01
1.000000000000000000e+00
4.934118315845398284e-01
-8.332725713243400723e-01
8.977515272969271987e-02
2.426301935816319588e-01
-5.957314623227442929e-02
8.764627425925929360e-01
-1.000000000000000000e+00
-5.632112394950817835e-01
3.253116547468752340e-01
9.539949809072436615e-01
8.466425150411373002e-01
1.251921300812229298e-01
-5.098362859727456620e-01
-3.204153108274796491e-01
-6.749241314735561215e-01
-4.902745949400830194e-01
5.736827571149778482e-01
3.135888650529014554e-01
-6.176100752475394140e-02
-2.969843662734676371e-01
-1.000000000000000000e+00
7.326802937745413580e-01
