
0 87.897367 3.585357 17.688714 -50.0
1 75.200907 36.204209 19.095051 -10.0
2 86.783229 47.700231 20.194546 24.0
3 89.436685 51.915627 20.664276 50.0
4 87.624051 55.825071 20.95216 34.0
5 89.436685 56.245856 19.944395 34.0
6 87.624051 51.635833 30.129622 38.0
7 87.624051 56.612403 19.727323 74.0
8 87.624051 57.842061 19.898118 32.0
9 88.933532 59.801694 20.915035 58.0
10 90.050607 62.160198 21.685119 48.0
11 88.411736 59.97627 20.519792 46.0
12 90.050607 60.049902 21.820335 44.0
13 87.624051 62.862582 19.484497 32.0
14 90.050607 65.082555 21.760962 32.0
15 87.627846 69.780651 20.50894 32.0
16 88.450607 60.246477 31.892386 32.0
17 87.627846 66.937163 20.576751 32.0
18 88.933532 68.547657 20.411452 32.0
19 90.892977 68.395746 19.537787 54.0