
0 75.200907 0.139669 15.961566 -10.0
1 75.427846 39.206633 21.716129 16.0
2 87.624051 48.735994 22.300285 28.0
3 90.381407 54.678634 20.301511 32.0
4 88.133532 57.743164 21.54034 40.0
5 90.722358 60.115376 20.031593 40.0
6 86.882547 54.838968 20.422599 60.0
7 87.624051 53.083564 29.896987 40.0
8 88.933532 57.976708 21.194357 32.0
9 87.624051 58.787129 21.51353 46.0
10 89.39141 62.444042 20.851286 32.0
11 87.627846 63.077429 22.909809 32.0
12 87.624051 66.511246 20.475455 48.0
13 88.933532 65.738801 21.002822 50.0
14 89.250607 66.840982 20.529681 48.0
15 88.767552 65.051048 21.192261 50.0
16 88.933532 68.529616 21.563417 58.0
17 89.270571 63.053311 29.433139 48.0
18 88.411039 66.662623 19.548958 48.0
19 89.250607 64.582299 21.590996 42.0