
0 86.289573 6.903803 22.928087 -10.0
1 84.568118 40.013221 18.746596 -10.0
2 75.200907 48.112147 18.562081 2.0
3 87.779599 56.840643 19.977051 32.0
4 88.933532 54.75397 19.828404 58.0
5 87.624051 53.556849 29.219866 48.0
6 90.427846 55.952772 20.12803 60.0
7 90.427846 56.197484 19.191651 60.0
8 90.427846 54.535462 21.881288 32.0
9 87.627846 56.572274 20.710963 42.0
10 89.086497 57.056513 22.017747 50.0
11 90.427846 58.126896 20.210475 50.0
12 87.9894 59.94528 22.222186 32.0
13 91.234809 61.973746 22.206729 56.0
14 87.9894 62.645569 21.325145 52.0
15 88.933532 58.719994 33.934896 48.0
16 88.933532 62.64161 21.325448 48.0
17 88.933532 67.463633 20.982491 48.0
18 89.19141 68.686316 20.469485 48.0
19 88.933532 69.403742 20.993712 56.0