
0 66.431655 3.236243 18.783595 -20.0
1 86.00307 39.82527 24.657401 20.0
2 86.882547 52.509614 19.25536 54.0
3 86.227846 52.923094 19.339572 32.0
4 87.624051 53.357541 20.155173 28.0
5 87.694638 52.51234 20.408803 36.0
6 88.183229 57.287407 19.657119 38.0
7 87.624051 58.538433 19.96835 32.0
8 87.624051 55.735279 19.564176 32.0
9 87.624051 58.66959 22.292851 32.0
10 87.624051 55.746132 21.500564 32.0
11 87.624051 56.042075 30.786061 32.0
12 87.624051 55.785639 21.8652 32.0
13 87.627846 60.015844 20.013253 32.0
14 87.627846 62.247167 20.575196 32.0
15 87.627846 60.704672 21.165316 32.0
16 87.624051 59.978682 20.872104 32.0
17 88.933532 62.595532 21.23671 44.0
18 90.79141 64.650751 21.128346 70.0
19 90.79141 62.904574 21.258782 66.0