
0 75.200907 3.411442 19.528009 54.0
1 89.167552 38.357772 20.452294 -10.0
2 75.200907 47.399134 18.588096 24.0
3 88.367552 52.869877 19.873672 32.0
4 87.624051 58.291451 20.745891 32.0
5 90.250607 57.561182 19.473031 78.0
6 88.933532 55.524576 20.746593 32.0
7 87.624051 56.152276 21.910235 32.0
8 87.624051 60.360049 20.913419 34.0
9 87.627846 57.054813 19.971059 48.0
10 88.933532 65.248727 18.903136 48.0
11 88.933532 64.649282 21.601226 70.0
12 91.36521 68.630221 20.440114 70.0
13 90.016064 69.275166 18.888708 76.0
14 88.933532 67.451924 20.561823 48.0
15 88.897367 68.52191 19.320711 70.0
16 88.933532 64.958988 21.063176 48.0
17 88.933532 69.496404 21.354827 64.0
18 88.178977 67.90267 19.777324 48.0
19 89.228738 68.243142 18.902644 66.0